45043946  , 7.9270425 , -0.38136974 , 5.5571017    , -0.81820047 , 0.039363593 , -0.57358384    ,-37.25 , -10.8125 , -24.3125
1495361  , 7.7363577 , 0.19068487 , 5.6660647    , -0.80660665 , -0.019881152 , -0.59075415    ,-37.25 , -10.8125 , -24.3125
42480469  , 7.7363577 , 0.19068487 , 5.6660647    , -0.80660665 , -0.019881152 , -0.5907541    ,-36.75 , -11.3125 , -24.0625
7293701  , 8.049625 , 0.10896278 , 5.9793324    , -0.80271506 , -0.010865845 , -0.59626377    ,-36.75 , -11.3125 , -24.0625
22979736  , 8.049625 , 0.10896278 , 5.9793324    , -0.8027149 , -0.010865852 , -0.59626365    ,-36.25 , -12.3125 , -24.3125
274658  , 8.430995 , -0.38136974 , 6.1291566    , -0.80830824 , 0.036563225 , -0.5876232    ,-36.25 , -12.3125 , -24.3125
48919677  , 8.430995 , -0.38136974 , 6.1291566    , -0.8083081 , 0.03656321 , -0.587623    ,-36.0 , -12.8125 , -24.3125
427247  , 8.281172 , -0.50395286 , 5.9793324    , -0.8097647 , 0.049278446 , -0.584682    ,-36.0 , -12.8125 , -24.3125
30090332  , 8.281172 , -0.50395286 , 5.9793324    , -0.8097646 , 0.049278438 , -0.58468187    ,-36.0 , -13.3125 , -24.5625
5950927  , 8.19945 , -0.29964766 , 5.366417    , -0.8363337 , 0.030563688 , -0.5473679    ,-36.0 , -13.3125 , -24.5625
27648925  , 8.19945 , -0.29964766 , 5.366417    , -0.83633363 , 0.030563686 , -0.5473678    ,-36.5 , -13.5625 , -24.5625
7202149  , 8.158588 , -0.23154591 , 5.47538    , -0.8301099 , 0.023559045 , -0.55710214    ,-36.5 , -13.5625 , -24.5625
24871825  , 8.158588 , -0.23154591 , 5.47538    , -0.8301098 , 0.023559041 , -0.5571021    ,-36.5 , -13.0625 , -24.5625
213623  , 7.7363577 , -0.10896278 , 5.284695    , -0.8256792 , 0.011629285 , -0.5640203    ,-36.5 , -13.0625 , -24.5625
31768798  , 7.7363577 , -0.10896278 , 5.284695    , -0.8256791 , 0.011629283 , -0.5640203    ,-36.25 , -13.0625 , -24.0625
213623  , 7.164303 , 0.040861044 , 4.7126403    , -0.8354459 , -0.004764901 , -0.54955196    ,-36.25 , -13.0625 , -24.0625
30242919  , 7.164303 , 0.040861044 , 4.7126403    , -0.83544606 , -0.004764911 , -0.549552    ,-36.75 , -13.3125 , -22.875
244140  , 6.932757 , 0.46309182 , 4.099725    , -0.8593388 , -0.05740181 , -0.50817484    ,-36.75 , -13.3125 , -22.875
32073974  , 6.932757 , 0.46309182 , 4.099725    , -0.85933894 , -0.057401814 , -0.5081749    ,-36.25 , -13.8125 , -22.375
4089355  , 7.246025 , 0.50395286 , 4.2495484    , -0.8610523 , -0.05988522 , -0.504978    ,-36.25 , -13.8125 , -22.375
52795408  , 7.246025 , 0.50395286 , 4.2495484    , -0.8610524 , -0.05988522 , -0.5049781    ,-36.5 , -14.8125 , -21.375
213623  , 7.205164 , 0.6946377 , 3.718355    , -0.88539934 , -0.08535986 , -0.45692626    ,-36.5 , -14.8125 , -21.375
32409670  , 7.205164 , 0.6946377 , 3.718355    , -0.8853994 , -0.08535986 , -0.45692635    ,-37.0 , -15.8125 , -20.1875
244140  , 7.6954966 , 0.92618364 , 3.7864566    , -0.89208084 , -0.10736549 , -0.43893534    ,-37.0 , -15.8125 , -20.1875
213624  , 7.6954966 , 0.92618364 , 3.7864566    , -0.8920808 , -0.107365474 , -0.43893537    ,-37.5 , -15.8125 , -18.4375
213623  , 9.466142 , 0.5720546 , 3.6774938    , -0.9306552 , -0.056241035 , -0.3615495    ,-37.5 , -15.8125 , -18.4375
30487062  , 9.466142 , 0.5720546 , 3.6774938    , -0.9306551 , -0.056241035 , -0.3615495    ,-39.0 , -16.0625 , -16.75
1861572  , 11.073342 , 0.27240697 , 4.4810944    , -0.9267342 , -0.022797892 , -0.37502533    ,-39.0 , -16.0625 , -16.75
29327393  , 11.073342 , 0.27240697 , 4.4810944    , -0.9267342 , -0.022797888 , -0.37502527    ,-40.3125 , -15.0625 , -15.0625
244140  , 11.34575 , 1.920469 , 2.5333846    , -0.96291506 , -0.16299045 , -0.21500865    ,-40.3125 , -15.0625 , -15.0625
31372072  , 11.34575 , 1.920469 , 2.5333846    , -0.9629152 , -0.16299045 , -0.21500865    ,-41.8125 , -13.0625 , -13.8125
213623  , 12.762266 , 2.8738933 , 1.9885708    , -0.9644911 , -0.21719061 , -0.15028355    ,-41.8125 , -13.0625 , -13.8125
28839112  , 12.762266 , 2.8738933 , 1.9885708    , -0.96449125 , -0.21719067 , -0.15028358    ,-43.0625 , -11.3125 , -12.8125
244140  , 16.548723 , 1.1849703 , -0.19068487    , -0.9973804 , -0.07141736 , 0.011492444    ,-43.0625 , -11.3125 , -12.8125
48065187  , 16.548723 , 1.1849703 , -0.19068487    , -0.9973805 , -0.07141736 , 0.011492452    ,-44.375 , -8.125 , -9.6875
213623  , 19.15021 , 0.19068487 , -1.8387469    , -0.99537313 , -0.009911254 , 0.09557281    ,-44.375 , -8.125 , -9.6875
50292969  , 19.15021 , 0.19068487 , -1.8387469    , -0.995373 , -0.009911247 , 0.0955728    ,-44.875 , -6.125 , -3.3125
274658  , 19.57244 , 0.313268 , -1.4165162    , -0.997264 , -0.015961781 , 0.072174996    ,-44.875 , -6.125 , -3.3125
24749756  , 19.57244 , 0.313268 , -1.4165162    , -0.99726415 , -0.01596178 , 0.072174996    ,-44.375 , -5.125 , 4.75
244141  , 19.57244 , -1.56634 , -2.982856    , -0.985506 , 0.07886791 , 0.15019193    ,-44.375 , -5.125 , 4.75
25238037  , 19.57244 , -1.56634 , -2.982856    , -0.9855062 , 0.07886793 , 0.15019196    ,-42.5625 , -4.875 , 13.0625
2899170  , 19.272793 , -2.982856 , -2.9147544    , -0.97737837 , 0.15126917 , 0.14781551    ,-42.5625 , -4.875 , 13.0625
27374267  , 19.272793 , -2.982856 , -2.9147544    , -0.97737813 , 0.15126912 , 0.14781547    ,-39.8125 , -7.125 , 19.1875
244140  , 17.883516 , -5.8158884 , -3.405087    , -0.9357594 , 0.30431777 , 0.178172    ,-39.8125 , -7.125 , 19.1875
25238037  , 17.883516 , -5.8158884 , -3.405087    , -0.93575937 , 0.3043178 , 0.178172    ,-36.5 , -11.0625 , 22.875
274658  , 13.947236 , -5.434519 , -4.140586    , -0.89804095 , 0.34992027 , 0.26660594    ,-36.5 , -11.0625 , 22.875
23162841  , 13.947236 , -5.434519 , -4.140586    , -0.8980408 , 0.34992015 , 0.26660585    ,-32.4375 , -15.8125 , 24.0625
274658  , 10.038197 , -3.7864566 , -1.7297841    , -0.9237201 , 0.3484317 , 0.15917562    ,-32.4375 , -15.8125 , 24.0625
26489257  , 10.038197 , -3.7864566 , -1.7297841    , -0.92372 , 0.3484317 , 0.15917563    ,-27.625 , -22.5 , 24.5625
244141  , 5.938472 , -3.445948 , 0.040861044    , -0.8649126 , 0.5018874 , -0.005951211    ,-27.625 , -22.5 , 24.5625
51025389  , 5.938472 , -3.445948 , 0.040861044    , -0.86491257 , 0.5018873 , -0.005951211    ,-20.75 , -28.9375 , 24.5625
244140  , 1.9477097 , -2.6832085 , 0.8036005    , -0.5709095 , 0.78649783 , -0.23555008    ,-20.75 , -28.9375 , 24.5625
26245117  , 1.9477097 , -2.6832085 , 0.8036005    , -0.5709095 , 0.7864977 , -0.23555005    ,-12.375 , -34.875 , 21.875
2288818  , -1.0351465 , -2.7921712 , 1.879608    , 0.29395387 , 0.79290175 , -0.5337583    ,-12.375 , -34.875 , 21.875
22918702  , -1.0351465 , -2.7921712 , 1.879608    , 0.29395384 , 0.79290175 , -0.53375834    ,-3.0 , -40.0625 , 18.4375
244141  , -2.7240696 , -3.3642259 , 2.7240696    , 0.5326066 , 0.65776914 , -0.5326066    ,-3.0 , -40.0625 , 18.4375
27099611  , -2.7240696 , -3.3642259 , 2.7240696    , 0.5326066 , 0.65776914 , -0.53260666    ,6.9375 , -42.3125 , 14.3125
305176  , -4.630918 , -3.7864566 , 2.3426998    , 0.7208503 , 0.5894011 , -0.36466545    ,6.9375 , -42.3125 , 14.3125
26733400  , -4.630918 , -3.7864566 , 2.3426998    , 0.7208503 , 0.58940125 , -0.36466545    ,15.3125 , -42.0625 , 9.875
244141  , -5.407278 , -5.175732 , 2.070293    , 0.6962631 , 0.66644835 , -0.26657933    ,15.3125 , -42.0625 , 9.875
59570314  , -5.407278 , -5.175732 , 2.070293    , 0.69626313 , 0.66644835 , -0.26657933    ,22.125 , -39.5625 , 7.1875
274658  , -6.742072 , -7.7772183 , 2.1111538    , 0.64167255 , 0.74019206 , -0.2009278    ,22.125 , -39.5625 , 7.1875
27252198  , -6.742072 , -7.7772183 , 2.1111538    , 0.64167255 , 0.74019194 , -0.20092775    ,27.25 , -36.625 , 5.75
244141  , -9.615966 , -12.067628 , 1.8387469    , 0.6188087 , 0.7765786 , -0.11832745    ,27.25 , -36.625 , 5.75
33447266  , -9.615966 , -12.067628 , 1.8387469    , 0.61880875 , 0.77657866 , -0.11832744    ,29.5 , -34.625 , 4.75
244140  , -9.575105 , -17.774553 , 2.2201166    , 0.47141916 , 0.8751095 , -0.10930486    ,29.5 , -34.625 , 4.75
213623  , -9.575105 , -17.774553 , 2.2201166    , 0.47141913 , 0.87510943 , -0.109304845    ,25.9375 , -35.625 , 5.0
244140  , 0.5720546 , -19.57244 , 1.1849703    , -0.029161729 , 0.99774766 , -0.060406435    ,25.9375 , -35.625 , 5.0
38665772  , 0.5720546 , -19.57244 , 1.1849703    , -0.029161736 , 0.9977479 , -0.060406454    ,13.5 , -36.875 , 7.1875
244140  , 16.317177 , -19.6133 , -6.891896    , -0.6174241 , 0.7421457 , 0.26078174    ,13.5 , -36.875 , 7.1875
36437989  , 16.317177 , -19.6133 , -6.891896    , -0.617424 , 0.7421458 , 0.26078176    ,-4.5 , -29.9375 , 10.625
244141  , 19.57244 , -15.6634 , -17.393185    , -0.6414795 , 0.51336217 , 0.57005525    ,-4.5 , -29.9375 , 10.625
39184570  , 19.57244 , -15.6634 , -17.393185    , -0.64147955 , 0.51336217 , 0.5700553    ,-21.75 , -17.8125 , 13.8125
305175  , 19.57244 , -12.340035 , -17.733692    , -0.6713921 , 0.4232994 , 0.6083176    ,-21.75 , -17.8125 , 13.8125
40130614  , 19.57244 , -12.340035 , -17.733692    , -0.67139214 , 0.42329943 , 0.60831773    ,-34.1875 , -3.1875 , 16.75
427246  , 19.57244 , -9.656827 , -8.812365    , -0.8315587 , 0.41028196 , 0.37440395    ,-34.1875 , -3.1875 , 16.75
39306639  , 19.57244 , -9.656827 , -8.812365    , -0.83155894 , 0.41028208 , 0.3744041    ,-39.0 , 10.5 , 18.0
488281  , 19.57244 , -10.56939 , -6.2789803    , -0.84680927 , 0.4572888 , 0.2716626    ,-39.0 , 10.5 , 18.0
82397458  , 19.57244 , -10.56939 , -6.2789803    , -0.8468095 , 0.45728895 , 0.2716626    ,-39.25 , 13.1875 , 18.9375
305175  , 19.57244 , -12.871228 , -5.012288    , -0.8170289 , 0.5372946 , 0.20923221    ,-39.25 , 13.1875 , 18.9375
213623  , 19.57244 , -12.871228 , -5.012288    , -0.8170289 , 0.53729457 , 0.20923226    ,-39.8125 , 9.5 , 20.4375
244140  , 18.237646 , -11.727119 , -3.0237172    , -0.833056 , 0.5356692 , 0.13811684    ,-39.8125 , 9.5 , 20.4375
25543212  , 18.237646 , -11.727119 , -3.0237172    , -0.8330559 , 0.5356692 , 0.13811685    ,-38.5 , 2.5625 , 22.375
305175  , 12.762266 , -9.275456 , -2.5606253    , -0.7984744 , 0.58032125 , 0.16020618    ,-38.5 , 2.5625 , 22.375
28320314  , 12.762266 , -9.275456 , -2.5606253    , -0.7984742 , 0.58032113 , 0.16020615    ,-34.9375 , -8.375 , 23.375
274658  , 7.3141265 , -6.932757 , -2.1792557    , -0.7093786 , 0.67239046 , 0.21136047    ,-34.9375 , -8.375 , 23.375
40313722  , 7.3141265 , -6.932757 , -2.1792557    , -0.7093784 , 0.67239034 , 0.21136044    ,-28.125 , -19.75 , 22.375
335693  , 4.7126403 , -6.5922484 , -0.42223078    , -0.58076835 , 0.8124043 , 0.052034155    ,-28.125 , -19.75 , 22.375
39062501  , 4.7126403 , -6.5922484 , -0.42223078    , -0.58076835 , 0.8124043 , 0.052034155    ,-16.1875 , -30.1875 , 18.9375
396729  , 2.5333846 , -8.349273 , 1.6889231    , -0.28506258 , 0.93948036 , -0.19004172    ,-16.1875 , -30.1875 , 18.9375
38818360  , 2.5333846 , -8.349273 , 1.6889231    , -0.2850626 , 0.93948054 , -0.19004172    ,-1.1875 , -37.375 , 13.3125
457764  , -0.46309182 , -8.771504 , 1.5390993    , 0.051930435 , 0.9836236 , -0.17259233    ,-1.1875 , -37.375 , 13.3125
39947510  , -0.46309182 , -8.771504 , 1.5390993    , 0.051930428 , 0.98362345 , -0.17259233    ,14.25 , -37.375 , 8.1875
457763  , -4.903325 , -9.112013 , 0.6537767    , 0.47292134 , 0.8788455 , -0.06305616    ,14.25 , -37.375 , 8.1875
38635254  , -4.903325 , -9.112013 , 0.6537767    , 0.47292128 , 0.8788454 , -0.06305618    ,28.25 , -32.125 , 4.5
427246  , -10.651112 , -9.956474 , 1.0351465    , 0.72869265 , 0.6811693 , -0.070819244    ,28.25 , -32.125 , 4.5
39093017  , -10.651112 , -9.956474 , 1.0351465    , 0.72869265 , 0.6811692 , -0.070819244    ,36.875 , -26.9375 , 3.0625
457763  , -10.079058 , -10.18802 , 1.607201    , 0.69891375 , 0.7064694 , -0.11144838    ,36.875 , -26.9375 , 3.0625
39581298  , -10.079058 , -10.18802 , 1.607201    , 0.69891375 , 0.7064694 , -0.111448385    ,38.875 , -24.5 , 3.0625
488281  , -4.862464 , -10.991621 , 1.7978859    , 0.40010905 , 0.9044483 , -0.14793949    ,38.875 , -24.5 , 3.0625
39123535  , -4.862464 , -10.991621 , 1.7978859    , 0.40010905 , 0.90444833 , -0.14793947    ,35.875 , -26.6875 , 3.0625
518798  , -2.7240696 , -11.9450445 , 2.6423476    , 0.2173445 , 0.95305544 , -0.21082415    ,35.875 , -26.6875 , 3.0625
40161131  , -2.7240696 , -11.9450445 , 2.6423476    , 0.2173445 , 0.95305556 , -0.21082416    ,25.4375 , -32.875 , 3.3125
244140  , 4.399372 , -13.633968 , -1.1849703    , -0.30604094 , 0.9484427 , 0.08243207    ,25.4375 , -32.875 , 3.3125
37231444  , 4.399372 , -13.633968 , -1.1849703    , -0.30604097 , 0.9484429 , 0.08243209    ,7.4375 , -35.875 , 5.0
305176  , 17.774553 , -15.826844 , -3.8273177    , -0.737367 , 0.6565674 , 0.15877402    ,7.4375 , -35.875 , 5.0
40161131  , 17.774553 , -15.826844 , -3.8273177    , -0.7373669 , 0.6565674 , 0.15877402    ,-11.875 , -28.4375 , 8.9375
335694  , 19.57244 , -17.461287 , -13.715691    , -0.6612549 , 0.58992964 , 0.46338466    ,-11.875 , -28.4375 , 8.9375
37872315  , 19.57244 , -17.461287 , -13.715691    , -0.66125494 , 0.58992964 , 0.46338466    ,-27.5625 , -14.5625 , 13.25
335694  , 19.57244 , -15.322891 , -12.639683    , -0.70187163 , 0.549482 , 0.45326158    ,-27.5625 , -14.5625 , 13.25
41229250  , 19.57244 , -15.322891 , -12.639683    , -0.7018716 , 0.54948187 , 0.45326152    ,-37.1875 , 2.0625 , 15.9375
427246  , 19.57244 , -4.140586 , -10.800936    , -0.86089075 , 0.18212308 , 0.47507745    ,-37.1875 , 2.0625 , 15.9375
50598146  , 19.57244 , -4.140586 , -10.800936    , -0.86089057 , 0.18212302 , 0.4750774    ,-39.75 , 13.8125 , 18.375
244141  , 19.313654 , -14.941522 , -8.471856    , -0.7472461 , 0.57808816 , 0.32777643    ,-39.75 , 13.8125 , 18.375
43884279  , 19.313654 , -14.941522 , -8.471856    , -0.7472461 , 0.5780881 , 0.32777643    ,-38.6875 , 15.3125 , 19.875
305176  , 18.46919 , -16.08563 , -3.1463003    , -0.7479441 , 0.6514174 , 0.12741528    ,-38.6875 , 15.3125 , 19.875
34271241  , 18.46919 , -16.08563 , -3.1463003    , -0.7479443 , 0.6514176 , 0.12741531    ,-38.3125 , 10.1875 , 22.5
213623  , 15.5135765 , -9.084772 , -2.2201166    , -0.85642046 , 0.501521 , 0.12256062    ,-38.3125 , 10.1875 , 22.5
29571533  , 15.5135765 , -9.084772 , -2.2201166    , -0.8564203 , 0.5015209 , 0.122560576    ,-37.0625 , 0.5 , 25.4375
244141  , 10.228881 , -4.8216033 , -2.7921712    , -0.8781723 , 0.4139454 , 0.23971418    ,-37.0625 , 0.5 , 25.4375
42205811  , 10.228881 , -4.8216033 , -2.7921712    , -0.8781723 , 0.41394538 , 0.23971409    ,-32.4375 , -10.8125 , 26.8125
213623  , 6.2789803 , -4.2495484 , -1.8387469    , -0.8048307 , 0.5447009 , 0.2356879    ,-32.4375 , -10.8125 , 26.8125
74768066  , 6.2789803 , -4.2495484 , -1.8387469    , -0.80483055 , 0.544701 , 0.2356879    ,-23.6875 , -23.1875 , 24.625
244141  , 3.3778462 , -5.938472 , -0.46309182    , -0.4932884 , 0.8672328 , 0.06762822    ,-23.6875 , -23.1875 , 24.625
274659  , 3.3778462 , -5.938472 , -0.46309182    , -0.49328852 , 0.867233 , 0.06762822    ,-11.5625 , -33.4375 , 20.375
7354736  , 0.92618364 , -5.7477865 , 1.2666923    , -0.15544859 , 0.9646956 , -0.2125988    ,-11.5625 , -33.4375 , 20.375
16204833  , 0.92618364 , -5.7477865 , 1.2666923    , -0.15544857 , 0.96469545 , -0.21259877    ,3.6875 , -39.1875 , 14.5
244141  , -0.6946377 , -6.2789803 , 2.4925237    , 0.10228455 , 0.9245721 , -0.36702105    ,3.6875 , -39.1875 , 14.5
36590575  , -0.6946377 , -6.2789803 , 2.4925237    , 0.10228456 , 0.9245721 , -0.36702102    ,18.375 , -38.9375 , 9.125
274658  , -4.3312707 , -6.851035 , 2.0294318    , 0.5183706 , 0.81993854 , -0.2428844    ,18.375 , -38.9375 , 9.125
22094726  , -4.3312707 , -6.851035 , 2.0294318    , 0.5183707 , 0.8199386 , -0.24288437    ,29.5625 , -33.6875 , 5.4375
244141  , -9.043911 , -8.267551 , 1.3756552    , 0.7334684 , 0.670505 , -0.11156674    ,29.5625 , -33.6875 , 5.4375
33874511  , -9.043911 , -8.267551 , 1.3756552    , 0.73346835 , 0.67050505 , -0.11156674    ,36.9375 , -27.75 , 3.25
213623  , -10.841797 , -10.378705 , 2.3699405    , 0.7135251 , 0.6830479 , -0.15597157    ,36.9375 , -27.75 , 3.25
42938231  , -10.841797 , -10.378705 , 2.3699405    , 0.7135252 , 0.683048 , -0.15597159    ,39.4375 , -24.3125 , 2.5
213623  , -7.4639506 , -13.1708765 , 1.920469    , 0.48911542 , 0.86309236 , -0.12584902    ,39.4375 , -24.3125 , 2.5
35858157  , -7.4639506 , -13.1708765 , 1.920469    , 0.48911533 , 0.8630922 , -0.12584901    ,37.6875 , -25.0 , 2.75
366211  , -2.7921712 , -18.155924 , 0.7627395    , 0.15187058 , 0.9875292 , -0.0414866    ,37.6875 , -25.0 , 2.75
39428712  , -2.7921712 , -18.155924 , 0.7627395    , 0.15187061 , 0.98752934 , -0.04148661    ,30.3125 , -30.25 , 4.1875
457764  , 5.47538 , -19.6133 , -1.0760075    , -0.26851097 , 0.96183026 , 0.052767083    ,30.3125 , -30.25 , 4.1875
37750246  , 5.47538 , -19.6133 , -1.0760075    , -0.26851097 , 0.9618304 , 0.052767083    ,13.3125 , -33.9375 , 7.375
457764  , 18.428331 , -19.6133 , -5.8976107    , -0.6688769 , 0.7118865 , 0.21406034    ,13.3125 , -33.9375 , 7.375
38452150  , 18.428331 , -19.6133 , -5.8976107    , -0.66887677 , 0.71188647 , 0.21406032    ,-7.0 , -30.0 , 11.0625
457763  , 19.57244 , -13.525005 , -16.780268    , -0.67228544 , 0.46456468 , 0.5763783    ,-7.0 , -30.0 , 11.0625
39550782  , 19.57244 , -13.525005 , -16.780268    , -0.67228544 , 0.46456468 , 0.57637835    ,-24.75 , -19.0625 , 14.75
488281  , 19.57244 , -13.021052 , -12.721405    , -0.73224306 , 0.4871429 , 0.4759325    ,-24.75 , -19.0625 , 14.75
39398194  , 19.57244 , -13.021052 , -12.721405    , -0.73224306 , 0.48714292 , 0.47593254    ,-37.6875 , -3.5 , 17.1875
488282  , 19.57244 , -5.175732 , -8.921328    , -0.88468164 , 0.23394504 , 0.4032473    ,-37.6875 , -3.5 , 17.1875
38482666  , 19.57244 , -5.175732 , -8.921328    , -0.88468134 , 0.23394495 , 0.40324742    ,-41.5 , 9.1875 , 18.625
244141  , 19.57244 , -11.073342 , -7.9679036    , -0.82038474 , 0.4641425 , 0.3339771    ,-41.5 , 9.1875 , 18.625
38940429  , 19.57244 , -11.073342 , -7.9679036    , -0.8203847 , 0.4641425 , 0.33397713    ,-40.75 , 13.125 , 19.375
335693  , 19.381754 , -15.009624 , -5.175732    , -0.77358305 , 0.59907836 , 0.20657876    ,-40.75 , 13.125 , 19.375
40740966  , 19.381754 , -15.009624 , -5.175732    , -0.77358294 , 0.59907836 , 0.20657876    ,-40.75 , 9.1875 , 21.3125
335694  , 14.669114 , -11.223166 , -2.3426998    , -0.78789866 , 0.60281193 , 0.1258297    ,-40.75 , 9.1875 , 21.3125
37994384  , 14.669114 , -11.223166 , -2.3426998    , -0.7878987 , 0.60281205 , 0.12582968    ,-38.9375 , -0.75 , 23.0625
1129150  , 8.689782 , -7.6273947 , -1.56634    , -0.7447516 , 0.6537004 , 0.13424206    ,-38.9375 , -0.75 , 23.0625
42175292  , 8.689782 , -7.6273947 , -1.56634    , -0.74475163 , 0.65370035 , 0.13424206    ,-33.375 , -13.125 , 23.75
427246  , 4.140586 , -5.434519 , -0.50395286    , -0.60440123 , 0.79327667 , 0.07356197    ,-33.375 , -13.125 , 23.75
36224364  , 4.140586 , -5.434519 , -0.50395286    , -0.60440135 , 0.7932766 , 0.073562026    ,-22.6875 , -26.25 , 22.3125
793457  , 3.9499009 , -8.158588 , 2.4108016    , -0.42111766 , 0.86982584 , -0.257027    ,-22.6875 , -26.25 , 22.3125
40893555  , 3.9499009 , -8.158588 , 2.4108016    , -0.42111772 , 0.86982596 , -0.257027    ,-6.1875 , -34.9375 , 18.125
244140  , 0.61291564 , -9.956474 , 3.0237172    , -0.058801174 , 0.95519245 , -0.2900858    ,-6.1875 , -34.9375 , 18.125
36376955  , 0.61291564 , -9.956474 , 3.0237172    , -0.058801174 , 0.9551925 , -0.2900858    ,11.3125 , -37.1875 , 13.75
274658  , -4.903325 , -9.234595 , -0.19068487    , 0.4688867 , 0.88307 , 0.018234447    ,11.3125 , -37.1875 , 13.75
74462892  , -4.903325 , -9.234595 , -0.19068487    , 0.4688868 , 0.8830701 , 0.018234476    ,26.5 , -33.6875 , 9.8125
274659  , -11.264028 , -9.234595 , 1.2666923    , 0.77042425 , 0.63161737 , -0.08663778    ,26.5 , -33.6875 , 9.8125
244140  , -11.264028 , -9.234595 , 1.2666923    , 0.7704242 , 0.63161737 , -0.086637795    ,36.1875 , -28.0 , 7.875
244140  , -11.223166 , -9.765789 , 3.1054392    , 0.73847187 , 0.64257807 , -0.20433444    ,36.1875 , -28.0 , 7.875
36437989  , -11.223166 , -9.765789 , 3.1054392    , 0.738472 , 0.6425782 , -0.20433447    ,38.6875 , -24.5625 , 7.125
244141  , -8.812365 , -11.795221 , 1.1441092    , 0.59672 , 0.798701 , -0.07747215    ,38.6875 , -24.5625 , 7.125
37139893  , -8.812365 , -11.795221 , 1.1441092    , 0.59672 , 0.798701 , -0.07747214    ,37.1875 , -25.25 , 7.125
335693  , -5.8158884 , -17.965239 , 0.42223078    , 0.3079161 , 0.9511508 , -0.022354577    ,37.1875 , -25.25 , 7.125
41625976  , -5.8158884 , -17.965239 , 0.42223078    , 0.3079161 , 0.95115083 , -0.02235457    ,30.0625 , -30.0 , 7.375
396728  , 3.0645783 , -19.6133 , -0.95342433    , -0.15419914 , 0.98687446 , 0.047973063    ,30.0625 , -30.0 , 7.375
37078858  , 3.0645783 , -19.6133 , -0.95342433    , -0.15419912 , 0.98687446 , 0.04797306    ,13.0625 , -33.4375 , 9.125
427246  , 18.768839 , -19.6133 , -6.8237944    , -0.6705231 , 0.70069176 , 0.24378233    ,13.0625 , -33.4375 , 9.125
38757323  , 18.768839 , -19.6133 , -6.8237944    , -0.6705231 , 0.70069176 , 0.24378231    ,-6.5 , -26.25 , 12.0625
1556396  , 19.57244 , -19.6133 , -14.628253    , -0.624662 , 0.6259661 , 0.4668663    ,-6.5 , -26.25 , 12.0625
38970946  , 19.57244 , -19.6133 , -14.628253    , -0.6246618 , 0.62596595 , 0.4668663    ,-23.0 , -11.875 , 13.75
396728  , 19.57244 , -10.7192135 , -15.4046135    , -0.72180086 , 0.39530778 , 0.56809807    ,-23.0 , -11.875 , 13.75
38116454  , 19.57244 , -10.7192135 , -15.4046135    , -0.72180086 , 0.39530778 , 0.56809795    ,-35.9375 , 3.6875 , 15.9375
457764  , 19.57244 , -12.789507 , -7.205164    , -0.7999979 , 0.5227544 , 0.29450163    ,-35.9375 , 3.6875 , 15.9375
40496824  , 19.57244 , -12.789507 , -7.205164    , -0.7999979 , 0.5227544 , 0.2945017    ,-39.1875 , 16.625 , 17.1875
244141  , 19.041246 , -14.056199 , -5.012288    , -0.7870778 , 0.58101875 , 0.20718497    ,-39.1875 , 16.625 , 17.1875
38055419  , 19.041246 , -14.056199 , -5.012288    , -0.78707767 , 0.5810187 , 0.20718497    ,-38.4375 , 18.5625 , 17.1875
366211  , 19.272793 , -12.108489 , -5.47538    , -0.823266 , 0.5172321 , 0.233889    ,-38.4375 , 18.5625 , 17.1875
40466309  , 19.272793 , -12.108489 , -5.47538    , -0.82326585 , 0.51723206 , 0.23388898    ,-40.25 , 13.125 , 19.125
427246  , 19.463476 , -12.067628 , -6.0882955    , -0.82136667 , 0.50925887 , 0.25692862    ,-40.25 , 13.125 , 19.125
37658693  , 19.463476 , -12.067628 , -6.0882955    , -0.8213666 , 0.50925875 , 0.25692856    ,-41.0 , 6.1875 , 20.625
396729  , 14.9006605 , -10.460427 , -4.2495484    , -0.7970332 , 0.5595261 , 0.22730747    ,-41.0 , 6.1875 , 20.625
39215089  , 14.9006605 , -10.460427 , -4.2495484    , -0.79703325 , 0.5595261 , 0.22730744    ,-39.75 , -3.0 , 22.3125
427246  , 8.19945 , -6.238119 , -3.255263    , -0.7588769 , 0.57735157 , 0.30128172    ,-39.75 , -3.0 , 22.3125
39184571  , 8.19945 , -6.238119 , -3.255263    , -0.7588769 , 0.57735157 , 0.30128175    ,-34.875 , -14.125 , 23.5625
457763  , 4.7943625 , -5.09401 , -0.5720546    , -0.6830845 , 0.72577715 , 0.08150442    ,-34.875 , -14.125 , 23.5625
40496827  , 4.7943625 , -5.09401 , -0.5720546    , -0.68308455 , 0.72577727 , 0.081504434    ,-25.0 , -26.0 , 22.5625
427246  , 2.7921712 , -6.5922484 , 2.1792557    , -0.37310928 , 0.88090193 , -0.29120722    ,-25.0 , -26.0 , 22.5625
37231445  , 2.7921712 , -6.5922484 , 2.1792557    , -0.37310922 , 0.8809018 , -0.2912072    ,-10.5625 , -35.1875 , 19.625
457763  , -0.7627395 , -6.5922484 , 2.5333846    , 0.10737746 , 0.92804813 , -0.3566466    ,-10.5625 , -35.1875 , 19.625
42663574  , -0.7627395 , -6.5922484 , 2.5333846    , 0.10737748 , 0.92804825 , -0.35664663    ,5.6875 , -39.1875 , 15.4375
427246  , -3.568531 , -6.5513873 , 0.8036005    , 0.4755892 , 0.87312365 , -0.10709831    ,5.6875 , -39.1875 , 15.4375
36193848  , -3.568531 , -6.5513873 , 0.8036005    , 0.47558925 , 0.8731237 , -0.10709832    ,20.4375 , -37.6875 , 11.0625
488281  , -7.6546354 , -7.164303 , 2.0294318    , 0.71679884 , 0.6708829 , -0.190041    ,20.4375 , -37.6875 , 11.0625
39001464  , -7.6546354 , -7.164303 , 2.0294318    , 0.71679884 , 0.6708829 , -0.19004098    ,30.8125 , -33.6875 , 7.875
244141  , -10.528529 , -7.8589406 , 3.0645783    , 0.78041685 , 0.58253616 , -0.22715884    ,30.8125 , -33.6875 , 7.875
39855956  , -10.528529 , -7.8589406 , 3.0645783    , 0.7804168 , 0.5825362 , -0.22715884    ,35.125 , -30.5 , 6.6875
366211  , -9.302697 , -11.032481 , 1.6889231    , 0.6402599 , 0.7593125 , -0.11624044    ,35.125 , -30.5 , 6.6875
39550780  , -9.302697 , -11.032481 , 1.6889231    , 0.64025974 , 0.7593124 , -0.11624042    ,34.625 , -30.0 , 5.9375
396729  , -6.510526 , -17.2025 , 0.95342433    , 0.35348755 , 0.9340058 , -0.051765956    ,34.625 , -30.0 , 5.9375
65917968  , -6.510526 , -17.2025 , 0.95342433    , 0.3534875 , 0.9340056 , -0.051765945    ,27.3125 , -33.4375 , 6.1875
305176  , -0.19068487 , -19.6133 , -1.3075534    , 0.009700235 , 0.9977382 , 0.06651587    ,27.3125 , -33.4375 , 6.1875
1281738  , -0.19068487 , -19.6133 , -1.3075534    , 0.009700233 , 0.99773836 , 0.06651589    ,11.8125 , -36.1875 , 6.9375
244141  , 13.988097 , -19.6133 , -2.6014864    , -0.5772934 , 0.8094474 , 0.10736419    ,11.8125 , -36.1875 , 6.9375
39611818  , 13.988097 , -19.6133 , -2.6014864    , -0.5772935 , 0.80944747 , 0.10736422    ,-7.75 , -32.1875 , 9.125
213623  , 19.57244 , -19.6133 , -14.369467    , -0.62706304 , 0.6283721 , 0.46036983    ,-7.75 , -32.1875 , 9.125
32226564  , 19.57244 , -19.6133 , -14.369467    , -0.6270629 , 0.62837195 , 0.4603698    ,-25.25 , -20.5625 , 10.5625
244141  , 19.57244 , -12.53072 , -9.084772    , -0.7843848 , 0.50218093 , 0.36408117    ,-25.25 , -20.5625 , 10.5625
36590577  , 19.57244 , -12.53072 , -9.084772    , -0.78438467 , 0.5021809 , 0.36408114    ,-37.9375 , -6.6875 , 11.8125
335693  , 19.57244 , -7.9679036 , -9.956474    , -0.8378538 , 0.34108868 , 0.42621517    ,-37.9375 , -6.6875 , 11.8125
39855958  , 19.57244 , -7.9679036 , -9.956474    , -0.8378538 , 0.34108874 , 0.42621523    ,-43.0 , 3.9375 , 13.0
427246  , 19.531578 , -9.425281 , -3.9499009    , -0.88604325 , 0.42757457 , 0.17918587    ,-43.0 , 3.9375 , 13.0
39978028  , 19.531578 , -9.425281 , -3.9499009    , -0.88604313 , 0.42757452 , 0.17918585    ,-43.0 , 6.4375 , 13.0
488282  , 18.428331 , -11.304889 , -2.7240696    , -0.84570605 , 0.51879966 , 0.12501197    ,-43.0 , 6.4375 , 13.0
37750244  , 18.428331 , -11.304889 , -2.7240696    , -0.8457063 , 0.5187998 , 0.12501201    ,-42.75 , 1.25 , 14.5
244141  , 18.305748 , -8.921328 , -3.9090397    , -0.8828112 , 0.43023905 , 0.18851699    ,-42.75 , 1.25 , 14.5
39428711  , 18.305748 , -8.921328 , -3.9090397    , -0.88281125 , 0.43023908 , 0.18851694    ,-41.0 , -6.4375 , 16.9375
305176  , 15.854085 , -8.19945 , -2.6832085    , -0.8783695 , 0.45427704 , 0.14865878    ,-41.0 , -6.4375 , 16.9375
39581299  , 15.854085 , -8.19945 , -2.6832085    , -0.87836957 , 0.45427707 , 0.1486588    ,-37.4375 , -15.125 , 19.375
366211  , 8.281172 , -2.4516625 , -1.9477097    , -0.93537027 , 0.27691883 , 0.21999659    ,-37.4375 , -15.125 , 19.375
39611816  , 8.281172 , -2.4516625 , -1.9477097    , -0.9353703 , 0.27691883 , 0.21999663    ,-29.5625 , -24.5625 , 18.875
427246  , 2.9556155 , -4.8216033 , -1.334794    , -0.50864327 , 0.8297683 , 0.22970986    ,-29.5625 , -24.5625 , 18.875
39825439  , 2.9556155 , -4.8216033 , -1.334794    , -0.50864327 , 0.8297683 , 0.22970983    ,-17.875 , -33.4375 , 15.6875
457764  , -1.334794 , -7.6273947 , 1.4165162    , 0.1695664 , 0.9689509 , -0.17994803    ,-17.875 , -33.4375 , 15.6875
38848876  , -1.334794 , -7.6273947 , 1.4165162    , 0.16956642 , 0.9689509 , -0.17994803    ,-3.6875 , -39.375 , 10.8125
396729  , -4.8216033 , -4.903325 , 2.982856    , 0.6432357 , 0.654138 , -0.3979339    ,-3.6875 , -39.375 , 10.8125
38696288  , -4.8216033 , -4.903325 , 2.982856    , 0.6432357 , 0.6541379 , -0.3979339    ,11.3125 , -40.625 , 4.9375
457763  , -7.04172 , -5.8976107 , 2.3018389    , 0.7436433 , 0.62281924 , -0.24308649    ,11.3125 , -40.625 , 4.9375
41625975  , -7.04172 , -5.8976107 , 2.3018389    , 0.7436432 , 0.62281924 , -0.24308647    ,24.0 , -36.6875 , 1.5
427246  , -10.378705 , -7.4639506 , 2.4516625    , 0.7973276 , 0.57340616 , -0.18834507    ,24.0 , -36.6875 , 1.5
36224367  , -10.378705 , -7.4639506 , 2.4516625    , 0.7973276 , 0.5734061 , -0.1883451    ,32.625 , -31.5 , 0.5625
427246  , -12.14935 , -14.206022 , 1.920469    , 0.6465476 , 0.7559968 , -0.10220091    ,32.625 , -31.5 , 0.5625
41625978  , -12.14935 , -14.206022 , 1.920469    , 0.6465477 , 0.7559968 , -0.10220092    ,35.9375 , -28.0 , 1.3125
427246  , -10.800936 , -19.109348 , 1.1168685    , 0.4914215 , 0.869438 , -0.050815333    ,35.9375 , -28.0 , 1.3125
36102296  , -10.800936 , -19.109348 , 1.1168685    , 0.49142155 , 0.8694382 , -0.05081535    ,32.625 , -28.75 , 3.25
427246  , -0.14982383 , -19.6133 , 0.53119355    , 0.0076358654 , 0.9996041 , -0.027072612    ,32.625 , -28.75 , 3.25
40008546  , -0.14982383 , -19.6133 , 0.53119355    , 0.007635867 , 0.9996044 , -0.02707262    ,18.625 , -32.6875 , 5.6875
427246  , 17.052675 , -19.6133 , -2.6423476    , -0.6527619 , 0.75078046 , 0.10114682    ,18.625 , -32.6875 , 5.6875
32379151  , 17.052675 , -19.6133 , -2.6423476    , -0.652762 , 0.75078046 , 0.10114683    ,-1.875 , -30.0 , 9.125
244141  , 19.57244 , -14.369467 , -9.302697    , -0.7527293 , 0.55263007 , 0.357769    ,-1.875 , -30.0 , 9.125
40191650  , 19.57244 , -14.369467 , -9.302697    , -0.75272924 , 0.55263 , 0.357769    ,-21.9375 , -22.5625 , 10.8125
335693  , 19.57244 , -5.325556 , -8.308413    , -0.892917 , 0.24295793 , 0.37903923    ,-21.9375 , -22.5625 , 10.8125
39062500  , 19.57244 , -5.325556 , -8.308413    , -0.892917 , 0.24295789 , 0.37903926    ,-37.6875 , -11.875 , 12.0625
77667235  , 19.57244 , -4.2086873 , -4.3312707    , -0.9555452 , 0.20547214 , 0.2114568    ,-37.6875 , -11.875 , 12.0625
2044677  , 19.57244 , -4.2086873 , -4.3312707    , -0.95554537 , 0.20547217 , 0.2114568    ,-44.5625 , -0.5 , 13.0
823975  , 19.57244 , -2.9147544 , -4.1814466    , -0.967723 , 0.14411463 , 0.20674387    ,-44.5625 , -0.5 , 13.0
244140  , 19.57244 , -2.9147544 , -4.1814466    , -0.96772313 , 0.14411464 , 0.20674393    ,-44.8125 , 3.0 , 12.75
305175  , 19.57244 , -5.7477865 , -4.0180025    , -0.94139427 , 0.27645674 , 0.19325767    ,-44.8125 , 3.0 , 12.75
44555663  , 19.57244 , -5.7477865 , -4.0180025    , -0.9413942 , 0.27645677 , 0.19325769    ,-44.0625 , 1.5 , 14.25
213623  , 19.57244 , -6.701211 , -2.4516625    , -0.9395101 , 0.3216694 , 0.117683955    ,-44.0625 , 1.5 , 14.25
29388427  , 19.57244 , -6.701211 , -2.4516625    , -0.93951005 , 0.3216694 , 0.11768392    ,-42.0 , -4.1875 , 16.6875
335693  , 14.410328 , -4.7535014 , -3.214402    , -0.92904973 , 0.30646345 , 0.20723605    ,-42.0 , -4.1875 , 16.6875
39611815  , 14.410328 , -4.7535014 , -3.214402    , -0.9290496 , 0.30646345 , 0.20723602    ,-37.6875 , -12.625 , 18.375
366211  , 7.6954966 , -4.4810944 , -1.525479    , -0.85175985 , 0.49598056 , 0.1688444    ,-37.6875 , -12.625 , 18.375
38635256  , 7.6954966 , -4.4810944 , -1.525479    , -0.85175985 , 0.4959805 , 0.16884445    ,-30.5625 , -22.5625 , 19.375
427246  , 3.5276701 , -4.372132 , 0.9942854    , -0.6183321 , 0.76634985 , -0.17427894    ,-30.5625 , -22.5625 , 19.375
41900636  , 3.5276701 , -4.372132 , 0.9942854    , -0.61833215 , 0.76635 , -0.17427891    ,-19.4375 , -32.9375 , 17.6875
427246  , 0.313268 , -4.671779 , 2.3699405    , -0.05969417 , 0.8902218 , -0.4515994    ,-19.4375 , -32.9375 , 17.6875
37689210  , 0.313268 , -4.671779 , 2.3699405    , -0.059694156 , 0.8902217 , -0.45159936    ,-5.9375 , -39.1875 , 14.25
427246  , -2.9556155 , -5.325556 , 0.88532263    , 0.48021662 , 0.8652751 , -0.14384368    ,-5.9375 , -39.1875 , 14.25
40283204  , -2.9556155 , -5.325556 , 0.88532263    , 0.48021668 , 0.8652752 , -0.1438437    ,8.0 , -40.875 , 10.8125
213623  , -6.2789803 , -5.407278 , 0.84446156    , 0.75384176 , 0.6491869 , -0.10138435    ,8.0 , -40.875 , 10.8125
37292482  , -6.2789803 , -5.407278 , 0.84446156    , 0.7538418 , 0.6491869 , -0.101384364    ,19.9375 , -39.1875 , 7.125
213623  , -8.580819 , -6.428804 , 1.1168685    , 0.79599786 , 0.59636664 , -0.103606075    ,19.9375 , -39.1875 , 7.125
29235840  , -8.580819 , -6.428804 , 1.1168685    , 0.795998 , 0.59636676 , -0.103606105    ,28.0625 , -35.1875 , 5.1875
274658  , -10.038197 , -12.489859 , -0.08172209    , 0.62644756 , 0.7794469 , 0.0050999857    ,28.0625 , -35.1875 , 5.1875
30059814  , -10.038197 , -12.489859 , -0.08172209    , 0.6264476 , 0.7794469 , 0.005099982    ,31.875 , -32.0 , 3.5
244141  , -11.495573 , -18.850561 , 0.53119355    , 0.52050066 , 0.8535225 , -0.024051573    ,31.875 , -32.0 , 3.5
35675049  , -11.495573 , -18.850561 , 0.53119355    , 0.52050066 , 0.8535225 , -0.02405157    ,30.0625 , -32.4375 , 2.5
244141  , -3.9771416 , -19.6133 , 0.9942854    , 0.19848827 , 0.97884625 , -0.04962207    ,30.0625 , -32.4375 , 2.5
29296875  , -3.9771416 , -19.6133 , 0.9942854    , 0.19848827 , 0.9788463 , -0.049622074    ,19.1875 , -35.1875 , 4.1875
274658  , 14.601013 , -19.6133 , -1.334794    , -0.5962565 , 0.80094147 , 0.054508507    ,19.1875 , -35.1875 , 4.1875
39031982  , 14.601013 , -19.6133 , -1.334794    , -0.5962563 , 0.8009412 , 0.054508522    ,0.625 , -32.9375 , 7.125
244141  , 19.57244 , -19.504337 , -9.193735    , -0.6721107 , 0.669772 , 0.31570962    ,0.625 , -32.9375 , 7.125
29510498  , 19.57244 , -19.504337 , -9.193735    , -0.6721107 , 0.66977215 , 0.31570965    ,-18.125 , -24.0625 , 10.3125
244141  , 19.57244 , -8.390134 , -11.3321295    , -0.81137896 , 0.34781444 , 0.4697754    ,-18.125 , -24.0625 , 10.3125
29541015  , 19.57244 , -8.390134 , -11.3321295    , -0.81137913 , 0.34781456 , 0.46977556    ,-34.125 , -11.625 , 13.0
244141  , 19.57244 , -10.528529 , -8.471856    , -0.82290715 , 0.44266337 , 0.35619223    ,-34.125 , -11.625 , 13.0
32592772  , 19.57244 , -10.528529 , -8.471856    , -0.8229072 , 0.4426634 , 0.3561923    ,-42.25 , 2.75 , 14.0
213623  , 19.57244 , -10.079058 , -6.428804    , -0.85340095 , 0.4394689 , 0.28030986    ,-42.25 , 2.75 , 14.0
36132811  , 19.57244 , -10.079058 , -6.428804    , -0.8534012 , 0.439469 , 0.28030992    ,-43.25 , 11.125 , 13.75
244141  , 19.57244 , -5.7886477 , -6.2789803    , -0.91654897 , 0.27107394 , 0.29403558    ,-43.25 , 11.125 , 13.75
32196046  , 19.57244 , -5.7886477 , -6.2789803    , -0.91654897 , 0.2710736 , 0.29403594    ,-43.5 , 12.375 , 13.5
213623  , 19.57244 , -6.5513873 , -6.0474343    , -0.9100285 , 0.30460942 , 0.28117776    ,-43.5 , 12.375 , 13.5
26733400  , 19.57244 , -6.5513873 , -6.0474343    , -0.91002846 , 0.3046094 , 0.28117782    ,-43.5 , 10.6875 , 14.0
213623  , 19.57244 , -10.691973 , -4.372132    , -0.86119956 , 0.47045347 , 0.19237655    ,-43.5 , 10.6875 , 14.0
51086428  , 19.57244 , -10.691973 , -4.372132    , -0.8611995 , 0.4704535 , 0.19237652    ,-43.75 , 6.6875 , 14.75
274658  , 19.57244 , -12.598822 , -3.9499009    , -0.829004 , 0.5336317 , 0.16730076    ,-43.75 , 6.6875 , 14.75
27984620  , 19.57244 , -12.598822 , -3.9499009    , -0.8290041 , 0.5336317 , 0.16730076    ,-43.0 , 0.5 , 15.6875
213623  , 18.578154 , -10.147159 , -3.9090397    , -0.8630338 , 0.4713784 , 0.18159142    ,-43.0 , 0.5 , 15.6875
42175294  , 18.578154 , -10.147159 , -3.9090397    , -0.8630336 , 0.47137833 , 0.18159136    ,-40.0 , -8.4375 , 17.1875
305175  , 9.615966 , -6.469665 , -2.1792557    , -0.8154029 , 0.54860675 , 0.18479386    ,-40.0 , -8.4375 , 17.1875
36834718  , 9.615966 , -6.469665 , -2.1792557    , -0.81540304 , 0.5486068 , 0.18479392    ,-32.625 , -19.3125 , 17.4375
457764  , 4.9850473 , -9.084772 , 0.46309182    , -0.48058116 , 0.8758132 , -0.044644162    ,-32.625 , -19.3125 , 17.4375
42846679  , 4.9850473 , -9.084772 , 0.46309182    , -0.4805811 , 0.8758131 , -0.044644147    ,-20.1875 , -30.5 , 15.9375
488282  , 0.8036005 , -8.539958 , 2.4925237    , -0.089963794 , 0.95605594 , -0.27904028    ,-20.1875 , -30.5 , 15.9375
37078858  , 0.8036005 , -8.539958 , 2.4925237    , -0.08996381 , 0.95605606 , -0.27904028    ,-4.1875 , -38.1875 , 13.25
518798  , -1.334794 , -8.349273 , 2.152015    , 0.15298742 , 0.95695186 , -0.2466532    ,-4.1875 , -38.1875 , 13.25
40405273  , -1.334794 , -8.349273 , 2.152015    , 0.15298742 , 0.9569519 , -0.24665318    ,12.0625 , -39.875 , 9.125
213623  , -6.1700177 , -8.580819 , 1.56634    , 0.5774877 , 0.8031286 , -0.14660284    ,12.0625 , -39.875 , 9.125
35827636  , -6.1700177 , -8.580819 , 1.56634    , 0.5774876 , 0.8031285 , -0.14660281    ,24.75 , -37.1875 , 5.9375
274658  , -9.956474 , -8.580819 , 3.1463003    , 0.73668647 , 0.6349007 , -0.23279694    ,24.75 , -37.1875 , 5.9375
32897948  , -9.956474 , -8.580819 , 3.1463003    , 0.7366863 , 0.6349006 , -0.23279688    ,32.625 , -32.4375 , 4.4375
396729  , -10.923519 , -11.645397 , 1.7978859    , 0.6798434 , 0.7247707 , -0.11189443    ,32.625 , -32.4375 , 4.4375
36224364  , -10.923519 , -11.645397 , 1.7978859    , 0.67984337 , 0.72477067 , -0.11189442    ,35.375 , -29.5 , 4.0
427246  , -9.956474 , -14.982383 , 1.0351465    , 0.5525623 , 0.83148915 , -0.057448335    ,35.375 , -29.5 , 4.0
42388915  , -9.956474 , -14.982383 , 1.0351465    , 0.55256236 , 0.83148915 , -0.057448346    ,33.125 , -30.25 , 4.6875
396729  , -3.0645783 , -18.891422 , 0.10896278    , 0.16012481 , 0.9870804 , -0.005693324    ,33.125 , -30.25 , 4.6875
36163332  , -3.0645783 , -18.891422 , 0.10896278    , 0.1601248 , 0.98708034 , -0.005693322    ,22.6875 , -34.4375 , 5.6875
488281  , 10.147159 , -19.6133 , -1.4982382    , -0.45845285 , 0.88613707 , 0.06769103    ,22.6875 , -34.4375 , 5.6875
38635256  , 10.147159 , -19.6133 , -1.4982382    , -0.45845288 , 0.8861371 , 0.06769106    ,4.4375 , -34.4375 , 7.625
488281  , 19.57244 , -18.155924 , -4.671779    , -0.72216463 , 0.66989946 , 0.17237471    ,4.4375 , -34.4375 , 7.625
38818361  , 19.57244 , -18.155924 , -4.671779    , -0.72216463 , 0.66989946 , 0.17237473    ,-15.625 , -27.75 , 8.875
488281  , 19.57244 , -0.84446156 , -9.997335    , -0.8898953 , 0.038394928 , 0.4545464    ,-15.625 , -27.75 , 8.875
39642335  , 19.57244 , -0.84446156 , -9.997335    , -0.8898952 , 0.038394928 , 0.45454633    ,-32.875 , -18.8125 , 9.375
579834  , 19.57244 , -5.053149 , -2.3699405    , -0.9616644 , 0.24827941 , 0.11644369    ,-32.875 , -18.8125 , 9.375
38970948  , 19.57244 , -5.053149 , -2.3699405    , -0.96166426 , 0.24827938 , 0.11644369    ,-43.5 , -7.4375 , 8.875
549317  , 19.57244 , 0.313268 , -6.1700177    , -0.95362175 , -0.015263252 , 0.3006198    ,-43.5 , -7.4375 , 8.875
37963868  , 19.57244 , 0.313268 , -6.1700177    , -0.9536218 , -0.015263259 , 0.30061984    ,-45.8125 , -1.25 , 7.875
244140  , 19.57244 , -1.920469 , -2.9556155    , -0.98416823 , 0.09656766 , 0.14861831    ,-45.8125 , -1.25 , 7.875
40100097  , 19.57244 , -1.920469 , -2.9556155    , -0.98416847 , 0.09656768 , 0.14861834    ,-45.0625 , -2.25 , 8.875
274658  , 19.57244 , -4.0588636 , -3.636633    , -0.9633536 , 0.19977687 , 0.17899476    ,-45.0625 , -2.25 , 8.875
38848877  , 19.57244 , -4.0588636 , -3.636633    , -0.96335363 , 0.19977689 , 0.17899475    ,-43.5 , -5.9375 , 10.8125
366210  , 19.57244 , -3.486809 , -4.7126403    , -0.9579529 , 0.17065829 , 0.23065536    ,-43.5 , -5.9375 , 10.8125
39093017  , 19.57244 , -3.486809 , -4.7126403    , -0.95795316 , 0.17065834 , 0.2306554    ,-39.4375 , -12.875 , 13.0
427246  , 15.132206 , -3.5957718 , -4.0180025    , -0.94198483 , 0.223838 , 0.250122    ,-39.4375 , -12.875 , 13.0
39581297  , 15.132206 , -3.5957718 , -4.0180025    , -0.94198483 , 0.22383799 , 0.25012198    ,-32.125 , -22.3125 , 13.75
427246  , 6.3198414 , -5.597963 , -1.4165162    , -0.7382463 , 0.65392065 , 0.16546902    ,-32.125 , -22.3125 , 13.75
41625975  , 6.3198414 , -5.597963 , -1.4165162    , -0.7382463 , 0.6539207 , 0.16546902    ,-20.9375 , -31.5 , 12.0625
396729  , 2.5333846 , -7.3958488 , 0.9942854    , -0.32146746 , 0.9384777 , -0.12616736    ,-20.9375 , -31.5 , 12.0625
92651365  , 2.5333846 , -7.3958488 , 0.9942854    , -0.32146752 , 0.9384779 , -0.12616739    ,-6.5 , -38.4375 , 8.875
305175  , -1.525479 , -8.158588 , 1.0351465    , 0.1823802 , 0.9754083 , -0.12375799    ,-6.5 , -38.4375 , 8.875
244140  , -1.525479 , -8.158588 , 1.0351465    , 0.1823802 , 0.9754084 , -0.123757996    ,8.5 , -40.375 , 5.1875
213623  , -7.5456724 , -7.205164 , 0.313268    , 0.7229112 , 0.6902888 , -0.030012563    ,8.5 , -40.375 , 5.1875
32043458  , -7.5456724 , -7.205164 , 0.313268    , 0.7229113 , 0.69028896 , -0.030012561    ,20.6875 , -37.9375 , 1.75
274659  , -9.343558 , -7.5456724 , 0.42223078    , 0.7775034 , 0.62789637 , -0.035134997    ,20.6875 , -37.9375 , 1.75
29449464  , -9.343558 , -7.5456724 , 0.42223078    , 0.7775035 , 0.6278964 , -0.035135    ,27.3125 , -35.4375 , -1.1875
213623  , -8.471856 , -7.43671 , -1.3756552    , 0.74599385 , 0.65484345 , 0.12113405    ,27.3125 , -35.4375 , -1.1875
39428712  , -8.471856 , -7.43671 , -1.3756552    , 0.7459937 , 0.65484345 , 0.12113404    ,28.5625 , -34.1875 , -3.375
885010  , -5.434519 , -10.18802 , 0.53119355    , 0.4701522 , 0.881388 , -0.045954727    ,28.5625 , -34.1875 , -3.375
39367676  , -5.434519 , -10.18802 , 0.53119355    , 0.47015223 , 0.881388 , -0.045954727    ,25.25 , -34.4375 , -7.5
457764  , -3.8681788 , -16.821129 , 4.2086873    , 0.21773088 , 0.9468225 , -0.23689729    ,25.25 , -34.4375 , -7.5
38696290  , -3.8681788 , -16.821129 , 4.2086873    , 0.21773088 , 0.94682264 , -0.23689732    ,16.875 , -35.9375 , -13.875
457764  , -0.10896278 , -19.6133 , 7.273266    , 0.0052088946 , 0.93759465 , -0.3476914    ,16.875 , -35.9375 , -13.875
39031983  , -0.10896278 , -19.6133 , 7.273266    , 0.005208861 , 0.9375946 , -0.3476914    ,3.6875 , -32.6875 , -19.5
518798  , 17.011814 , -19.6133 , 13.633968    , -0.5801087 , 0.6688203 , -0.464923    ,3.6875 , -32.6875 , -19.5
39306640  , 17.011814 , -19.6133 , 13.633968    , -0.5801087 , 0.66882026 , -0.464923    ,-12.5625 , -22.8125 , -22.4375
488281  , 19.57244 , -9.043911 , 19.340895    , -0.6757387 , 0.3122411 , -0.6677446    ,-12.5625 , -22.8125 , -22.4375
39093017  , 19.57244 , -9.043911 , 19.340895    , -0.6757386 , 0.31224105 , -0.6677445    ,-27.0 , -12.125 , -21.4375
518799  , 19.57244 , -5.6660647 , 19.19107    , -0.6992467 , 0.20242634 , -0.6856219    ,-27.0 , -12.125 , -21.4375
39459228  , 19.57244 , -5.6660647 , 19.19107    , -0.69924676 , 0.20242628 , -0.685622    ,-38.1875 , -3.6875 , -15.8125
518798  , 19.57244 , -4.0588636 , 13.865514    , -0.80455315 , 0.16684544 , -0.5699618    ,-38.1875 , -3.6875 , -15.8125
28472900  , 19.57244 , -4.0588636 , 13.865514    , -0.8045533 , 0.16684547 , -0.5699619    ,-43.0 , -2.0 , -8.0
274658  , 19.57244 , -7.43671 , 9.697687    , -0.84823 , 0.322292 , -0.4202782    ,-43.0 , -2.0 , -8.0
37597655  , 19.57244 , -7.43671 , 9.697687    , -0.8482299 , 0.32229197 , -0.42027807    ,-41.5 , -8.4375 , 0.3125
274658  , 19.504337 , -12.108489 , 3.336985    , -0.8407589 , 0.52195156 , -0.1438449    ,-41.5 , -8.4375 , 0.3125
42022704  , 19.504337 , -12.108489 , 3.336985    , -0.8407588 , 0.5219515 , -0.1438449    ,-35.9375 , -17.8125 , 11.0625
427246  , 16.970953 , -14.246883 , 1.2666923    , -0.7646503 , 0.6419135 , -0.05707264    ,-35.9375 , -17.8125 , 11.0625
36651612  , 16.970953 , -14.246883 , 1.2666923    , -0.76465017 , 0.64191335 , -0.057072625    ,-24.75 , -24.8125 , 21.3125
427246  , 11.604536 , -17.120777 , 0.92618364    , -0.56050473 , 0.8269419 , -0.044735134    ,-24.75 , -24.8125 , 21.3125
42480470  , 11.604536 , -17.120777 , 0.92618364    , -0.5605048 , 0.8269419 , -0.044735134    ,-11.875 , -27.25 , 29.3125
427246  , 7.3958488 , -17.352324 , -1.56634    , -0.3907436 , 0.91677225 , 0.082754165    ,-11.875 , -27.25 , 29.3125
35522462  , 7.3958488 , -17.352324 , -1.56634    , -0.39074352 , 0.9167722 , 0.08275415    ,-0.4375 , -25.75 , 36.4375
488281  , 0.313268 , -15.854085 , -6.5513873    , -0.01825865 , 0.92404646 , 0.38184395    ,-0.4375 , -25.75 , 36.4375
42572022  , 0.313268 , -15.854085 , -6.5513873    , -0.018258654 , 0.92404646 , 0.38184392    ,7.3125 , -22.25 , 39.5
549317  , -11.876944 , -17.774553 , -15.009624    , 0.4546966 , 0.6804805 , 0.57462806    ,7.3125 , -22.25 , 39.5
35430909  , -11.876944 , -17.774553 , -15.009624    , 0.4546965 , 0.6804805 , 0.57462794    ,10.0625 , -18.75 , 40.4375
1403809  , -3.568531 , -8.308413 , -4.140586    , 0.35881653 , 0.8354125 , 0.41633675    ,10.0625 , -18.75 , 40.4375
37384034  , -3.568531 , -8.308413 , -4.140586    , 0.35881662 , 0.8354128 , 0.4163369    ,10.625 , -18.5 , 39.75
488282  , -2.2201166 , -10.882658 , -7.3141265    , 0.16694134 , 0.8183198 , 0.5499847    ,10.625 , -18.5 , 39.75
37872315  , -2.2201166 , -10.882658 , -7.3141265    , 0.16694133 , 0.81831986 , 0.54998463    ,10.3125 , -21.0 , 36.4375
518799  , -1.3756552 , -17.883516 , -6.428804    , 0.07219898 , 0.9385866 , 0.3374051    ,10.3125 , -21.0 , 36.4375
78430175  , -1.3756552 , -17.883516 , -6.428804    , 0.07219899 , 0.93858683 , 0.33740517    ,8.0625 , -26.375 , 32.0
305176  , 2.982856 , -19.6133 , -1.4165162    , -0.14997266 , 0.98612154 , 0.07121989    ,8.0625 , -26.375 , 32.0
213623  , 2.982856 , -19.6133 , -1.4165162    , -0.14997268 , 0.98612165 , 0.071219906    ,0.9375 , -31.625 , 26.875
244141  , 14.669114 , -19.6133 , 6.8237944    , -0.5769572 , 0.7714191 , -0.26838964    ,0.9375 , -31.625 , 26.875
22216796  , 14.669114 , -19.6133 , 6.8237944    , -0.57695717 , 0.7714191 , -0.26838958    ,-11.0 , -32.6875 , 20.0
244141  , 19.57244 , -16.698545 , 16.467001    , -0.64074415 , 0.5466614 , -0.53908116    ,-11.0 , -32.6875 , 20.0
35980224  , 19.57244 , -16.698545 , 16.467001    , -0.6407442 , 0.5466613 , -0.5390812    ,-24.875 , -28.8125 , 9.9375
244140  , 19.57244 , -10.691973 , 15.5135765    , -0.7204374 , 0.39355835 , -0.5710356    ,-24.875 , -28.8125 , 9.9375
42663573  , 19.57244 , -10.691973 , 15.5135765    , -0.7204374 , 0.3935584 , -0.5710357    ,-37.3125 , -19.125 , 3.375
335693  , 19.57244 , 5.8567495 , 4.440233    , -0.9361721 , -0.280135 , -0.21238141    ,-37.3125 , -19.125 , 3.375
37322997  , 19.57244 , 5.8567495 , 4.440233    , -0.9361721 , -0.28013504 , -0.21238144    ,-44.1875 , -10.5 , -0.0625
488281  , 19.57244 , 6.4424243 , 2.9147544    , -0.9405035 , -0.30957422 , -0.14006108    ,-44.1875 , -10.5 , -0.0625
38177490  , 19.57244 , 6.4424243 , 2.9147544    , -0.94050336 , -0.3095742 , -0.14006104    ,-46.1875 , -5.25 , -1.0625
488281  , 19.57244 , 0.84446156 , 0.53119355    , -0.9987036 , -0.04308951 , -0.027104693    ,-46.1875 , -5.25 , -1.0625
39428713  , 19.57244 , 0.84446156 , 0.53119355    , -0.99870354 , -0.043089505 , -0.027104693    ,-45.625 , -5.8125 , 1.125
1037597  , 19.57244 , -5.938472 , 4.2086873    , -0.93728644 , 0.28438196 , -0.20154594    ,-45.625 , -5.8125 , 1.125
38940431  , 19.57244 , -5.938472 , 4.2086873    , -0.9372868 , 0.28438208 , -0.20154597    ,-44.5625 , -11.25 , 2.625
518799  , 19.381754 , -8.812365 , 9.112013    , -0.83689976 , 0.38051593 , -0.39345467    ,-44.5625 , -11.25 , 2.625
39855958  , 19.381754 , -8.812365 , 9.112013    , -0.83689964 , 0.38051584 , -0.39345458    ,-41.6875 , -18.0 , 4.8125
488281  , 12.680544 , -8.921328 , 6.1291566    , -0.760593 , 0.53511107 , -0.36763358    ,-41.6875 , -18.0 , 4.8125
37017823  , 12.680544 , -8.921328 , 6.1291566    , -0.76059294 , 0.535111 , -0.36763355    ,-36.5625 , -25.1875 , 8.6875
274658  , 7.7363577 , -7.5865335 , 3.173541    , -0.6852023 , 0.6719325 , -0.28107768    ,-36.5625 , -25.1875 , 8.6875
39367676  , 7.7363577 , -7.5865335 , 3.173541    , -0.68520236 , 0.67193246 , -0.28107768    ,-28.6875 , -32.375 , 13.3125
213623  , 5.407278 , -8.349273 , 2.982856    , -0.5206858 , 0.8039809 , -0.28722972    ,-28.6875 , -32.375 , 13.3125
29754639  , 5.407278 , -8.349273 , 2.982856    , -0.5206859 , 0.803981 , -0.28722975    ,-17.5 , -39.3125 , 17.25
396728  , 3.336985 , -9.80665 , 2.0294318    , -0.3161288 , 0.9290315 , -0.19225788    ,-17.5 , -39.3125 , 17.25
39245605  , 3.336985 , -9.80665 , 2.0294318    , -0.31612873 , 0.92903143 , -0.19225787    ,-5.0625 , -43.8125 , 19.6875
396728  , 1.0760075 , -8.499097 , 2.9147544    , -0.11890622 , 0.9392085 , -0.32210037    ,-5.0625 , -43.8125 , 19.6875
38818359  , 1.0760075 , -8.499097 , 2.9147544    , -0.1189062 , 0.93920845 , -0.32210037    ,7.625 , -44.5625 , 20.1875
427247  , 0.23154591 , -7.43671 , 3.8681788    , -0.027611777 , 0.8868253 , -0.4612791    ,7.625 , -44.5625 , 20.1875
39703368  , 0.23154591 , -7.43671 , 3.8681788    , -0.02761177 , 0.8868252 , -0.461279    ,19.3125 , -41.0625 , 19.6875
427246  , -0.6537767 , -7.8180795 , 1.334794    , 0.08215228 , 0.98240435 , -0.16772756    ,19.3125 , -41.0625 , 19.6875
39245604  , -0.6537767 , -7.8180795 , 1.334794    , 0.08215231 , 0.9824046 , -0.1677276    ,27.9375 , -35.625 , 19.1875
457764  , -5.202973 , -7.5865335 , 0.50395286    , 0.5647392 , 0.8234548 , -0.054699868    ,27.9375 , -35.625 , 19.1875
38635253  , -5.202973 , -7.5865335 , 0.50395286    , 0.5647392 , 0.8234548 , -0.054699823    ,34.25 , -26.9375 , 19.1875
427246  , -8.240311 , -14.056199 , -0.95342433    , 0.5048773 , 0.86121225 , 0.058415532    ,34.25 , -26.9375 , 19.1875
38665770  , -8.240311 , -14.056199 , -0.95342433    , 0.5048773 , 0.86121225 , 0.058415562    ,38.3125 , -18.0 , 19.6875
427246  , -16.930092 , -19.6133 , -10.923519    , 0.60210466 , 0.69753075 , 0.38848585    ,38.3125 , -18.0 , 19.6875
41687012  , -16.930092 , -19.6133 , -10.923519    , 0.60210466 , 0.6975306 , 0.38848582    ,40.875 , -13.0625 , 18.9375
457764  , -13.102775 , -19.6133 , 0.42223078    , 0.5554105 , 0.8313837 , -0.017897844    ,40.875 , -13.0625 , 18.9375
37628176  , -13.102775 , -19.6133 , 0.42223078    , 0.55541044 , 0.83138365 , -0.01789786    ,39.3125 , -15.0625 , 16.25
396729  , 5.8976107 , -19.6133 , 4.671779    , -0.28074667 , 0.933661 , -0.22239286    ,39.3125 , -15.0625 , 16.25
39947511  , 5.8976107 , -19.6133 , 4.671779    , -0.2807467 , 0.93366104 , -0.22239286    ,28.4375 , -23.75 , 9.6875
244141  , 18.850561 , -19.6133 , 10.460427    , -0.64677984 , 0.6729501 , -0.35890684    ,28.4375 , -23.75 , 9.6875
47058107  , 18.850561 , -19.6133 , 10.460427    , -0.6467798 , 0.67295015 , -0.35890675    ,10.375 , -30.9375 , 2.3125
274658  , 19.57244 , -9.888372 , 13.715691    , -0.7567252 , 0.38231215 , -0.5302869    ,10.375 , -30.9375 , 2.3125
32348633  , 19.57244 , -9.888372 , 13.715691    , -0.7567253 , 0.38231218 , -0.53028697    ,-10.375 , -33.625 , -1.5625
244141  , 19.57244 , 2.9556155 , -6.891896    , -0.9338073 , -0.14101335 , 0.3288145    ,-10.375 , -33.625 , -1.5625
37017823  , 19.57244 , 2.9556155 , -6.891896    , -0.9338074 , -0.14101335 , 0.32881457    ,-29.6875 , -27.4375 , -3.8125
366211  , 19.57244 , 10.882658 , 0.6946377    , -0.8735647 , -0.48571908 , -0.031003341    ,-29.6875 , -27.4375 , -3.8125
39245606  , 19.57244 , 10.882658 , 0.6946377    , -0.87356496 , -0.48571914 , -0.03100337    ,-40.625 , -16.8125 , -2.3125
427246  , 19.57244 , 10.419566 , 3.6774938    , -0.8708141 , -0.46358573 , -0.16361856    ,-40.625 , -16.8125 , -2.3125
39306640  , 19.57244 , 10.419566 , 3.6774938    , -0.8708142 , -0.46358585 , -0.16361852    ,-43.9375 , -11.3125 , 0.125
427247  , 19.57244 , 3.8273177 , -3.0237172    , -0.9703226 , -0.18974295 , 0.1499037    ,-43.9375 , -11.3125 , 0.125
39031981  , 19.57244 , 3.8273177 , -3.0237172    , -0.97032285 , -0.18974303 , 0.14990376    ,-44.3125 , -8.1875 , 1.4375
427246  , 19.57244 , -1.879608 , -3.9499009    , -0.97592366 , 0.09372127 , 0.1969505    ,-44.3125 , -8.1875 , 1.4375
40008544  , 19.57244 , -1.879608 , -3.9499009    , -0.9759236 , 0.093721285 , 0.19695048    ,-42.75 , -10.6875 , 2.9375
427246  , 19.57244 , -3.5276701 , -2.2201166    , -0.97806746 , 0.17628357 , 0.11094293    ,-42.75 , -10.6875 , 2.9375
38543700  , 19.57244 , -3.5276701 , -2.2201166    , -0.9780674 , 0.17628354 , 0.11094293    ,-40.75 , -16.125 , 5.375
457764  , 19.463476 , -6.3198414 , 0.92618364    , -0.9501446 , 0.3085144 , -0.04521332    ,-40.75 , -16.125 , 5.375
39276122  , 19.463476 , -6.3198414 , 0.92618364    , -0.9501445 , 0.3085144 , -0.045213316    ,-36.6875 , -21.8125 , 8.8125
396728  , 15.472715 , -7.43671 , 1.0760075    , -0.8995348 , 0.43234685 , -0.062555686    ,-36.6875 , -21.8125 , 8.8125
38085936  , 15.472715 , -7.43671 , 1.0760075    , -0.8995349 , 0.43234688 , -0.0625557    ,-30.4375 , -27.875 , 12.0625
427246  , 9.043911 , -7.6546354 , 3.1054392    , -0.7383597 , 0.624937 , -0.25353315    ,-30.4375 , -27.875 , 12.0625
39489747  , 9.043911 , -7.6546354 , 3.1054392    , -0.7383596 , 0.6249368 , -0.2535331    ,-20.3125 , -34.5625 , 16.1875
457764  , 5.434519 , -6.932757 , 3.3778462    , -0.5760354 , 0.734842 , -0.358037    ,-20.3125 , -34.5625 , 16.1875
39093019  , 5.434519 , -6.932757 , 3.3778462    , -0.57603526 , 0.73484194 , -0.3580369    ,-7.625 , -39.0625 , 19.375
396729  , 2.4516625 , -6.0474343 , 2.3699405    , -0.35313672 , 0.8710706 , -0.34136555    ,-7.625 , -39.0625 , 19.375
41534424  , 2.4516625 , -6.0474343 , 2.3699405    , -0.35313672 , 0.87107056 , -0.3413655    ,5.5625 , -39.5 , 21.5625
457764  , 1.3756552 , -5.47538 , 1.4165162    , -0.2363448 , 0.9406991 , -0.24336493    ,5.5625 , -39.5 , 21.5625
36987305  , 1.3756552 , -5.47538 , 1.4165162    , -0.23634478 , 0.9406991 , -0.24336496    ,17.25 , -35.8125 , 23.3125
427246  , 0.3405087 , -5.7886477 , 0.7627395    , -0.058220502 , 0.9897486 , -0.13041393    ,17.25 , -35.8125 , 23.3125
41320801  , 0.3405087 , -5.7886477 , 0.7627395    , -0.058220517 , 0.9897486 , -0.13041395    ,26.375 , -28.625 , 24.75
427246  , -1.334794 , -5.9793324 , -0.84446156    , 0.21583132 , 0.96683615 , 0.13654636    ,26.375 , -28.625 , 24.75
36010743  , -1.334794 , -5.9793324 , -0.84446156    , 0.2158313 , 0.96683604 , 0.13654634    ,33.0 , -18.4375 , 25.75
457763  , -4.372132 , -7.7363577 , -4.4810944    , 0.43931162 , 0.777349 , 0.4502602    ,33.0 , -18.4375 , 25.75
43060302  , -4.372132 , -7.7363577 , -4.4810944    , 0.43931168 , 0.77734894 , 0.45026022    ,36.3125 , -8.5625 , 25.5
549316  , -7.6273947 , -8.689782 , -4.140586    , 0.6210502 , 0.7075536 , 0.33714154    ,36.3125 , -8.5625 , 25.5
36621094  , -7.6273947 , -8.689782 , -4.140586    , 0.62105006 , 0.70755357 , 0.33714154    ,38.8125 , 1.375 , 24.25
1373291  , -9.575105 , -11.372991 , -2.8738933    , 0.63234484 , 0.7510782 , 0.18979336    ,38.8125 , 1.375 , 24.25
36254882  , -9.575105 , -11.372991 , -2.8738933    , 0.63234484 , 0.7510782 , 0.18979338    ,39.875 , 8.3125 , 22.5625
244141  , -10.038197 , -13.33432 , -3.486809    , 0.58872545 , 0.7820383 , 0.20449623    ,39.875 , 8.3125 , 22.5625
40313720  , -10.038197 , -13.33432 , -3.486809    , 0.5887254 , 0.7820381 , 0.2044962    ,40.625 , 10.5625 , 20.625
396729  , -9.043911 , -15.472715 , -2.5333846    , 0.49965954 , 0.8548392 , 0.13996485    ,40.625 , 10.5625 , 20.625
39916991  , -9.043911 , -15.472715 , -2.5333846    , 0.4996596 , 0.8548392 , 0.13996488    ,42.125 , 8.3125 , 18.875
488281  , -6.2789803 , -19.000385 , -1.334794    , 0.31308067 , 0.9473915 , 0.0665551    ,42.125 , 8.3125 , 18.875
39520263  , -6.2789803 , -19.000385 , -1.334794    , 0.31308067 , 0.9473916 , 0.06655511    ,41.375 , -0.375 , 16.4375
213623  , 0.7218784 , -19.6133 , 2.4108016    , -0.036506288 , 0.9918688 , -0.12191721    ,41.375 , -0.375 , 16.4375
42236330  , 0.7218784 , -19.6133 , 2.4108016    , -0.036506284 , 0.9918687 , -0.1219172    ,36.3125 , -13.0 , 12.3125
305176  , 8.430995 , -19.6133 , 5.243834    , -0.38352 , 0.8921951 , -0.2385383    ,36.3125 , -13.0 , 12.3125
24749758  , 8.430995 , -19.6133 , 5.243834    , -0.38351995 , 0.8921949 , -0.23853827    ,23.375 , -25.625 , 6.4375
976563  , 17.62473 , -19.6133 , 6.1291566    , -0.6510379 , 0.72449344 , -0.2264042    ,23.375 , -25.625 , 6.4375
38330080  , 17.62473 , -19.6133 , 6.1291566    , -0.6510379 , 0.7244935 , -0.22640423    ,2.5625 , -30.875 , 0.3125
274658  , 19.57244 , -12.762266 , 17.66559    , -0.66818076 , 0.4356892 , -0.603083    ,2.5625 , -30.875 , 0.3125
39733888  , 19.57244 , -12.762266 , 17.66559    , -0.6681808 , 0.4356892 , -0.60308313    ,-17.0 , -27.375 , -9.0
335693  , 19.57244 , -5.6660647 , 15.241169    , -0.76918805 , 0.2226738 , -0.598971    ,-17.0 , -27.375 , -9.0
30242920  , 19.57244 , -5.6660647 , 15.241169    , -0.76918787 , 0.22267373 , -0.5989709    ,-31.75 , -18.4375 , -16.5625
488281  , 19.531578 , 2.982856 , 19.381754    , -0.7056897 , -0.10777268 , -0.7002765    ,-31.75 , -18.4375 , -16.5625
38421631  , 19.531578 , 2.982856 , 19.381754    , -0.7056897 , -0.107772686 , -0.7002764    ,-38.5625 , -8.5625 , -22.9375
518798  , 14.437569 , 0.08172209 , 14.859799    , -0.69683826 , -0.0039443374 , -0.7172175    ,-38.5625 , -8.5625 , -22.9375
39886474  , 14.437569 , 0.08172209 , 14.859799    , -0.6968382 , -0.0039443523 , -0.7172175    ,-37.0625 , -4.3125 , -28.3125
488281  , 7.8180795 , -0.5720546 , 5.09401    , -0.8362727 , 0.061190695 , -0.54488844    ,-37.0625 , -4.3125 , -28.3125
37353515  , 7.8180795 , -0.5720546 , 5.09401    , -0.83627284 , 0.061190695 , -0.5448886    ,-35.25 , -4.5625 , -30.0
274659  , 7.246025 , -1.2258313 , 4.5628166    , -0.8376665 , 0.14171049 , -0.5274779    ,-35.25 , -4.5625 , -30.0
29785156  , 7.246025 , -1.2258313 , 4.5628166    , -0.8376665 , 0.14171049 , -0.527478    ,-32.75 , -6.0625 , -32.1875
305176  , 5.47538 , -1.3075534 , 7.082581    , -0.60519934 , 0.14452519 , -0.782845    ,-32.75 , -6.0625 , -32.1875
30181884  , 5.47538 , -1.3075534 , 7.082581    , -0.60519934 , 0.14452523 , -0.78284496    ,-29.9375 , -7.0625 , -33.9375
457764  , 5.6252036 , -0.7218784 , 5.7477865    , -0.696644 , 0.089399844 , -0.71182513    ,-29.9375 , -7.0625 , -33.9375
37689208  , 5.6252036 , -0.7218784 , 5.7477865    , -0.69664395 , 0.089399815 , -0.7118251    ,-27.9375 , -8.0625 , -35.875
488281  , 5.2165933 , 0.3405087 , 5.434519    , -0.6917878 , -0.045155853 , -0.7206875    ,-27.9375 , -8.0625 , -35.875
39062499  , 5.2165933 , 0.3405087 , 5.434519    , -0.6917877 , -0.045155898 , -0.7206874    ,-25.875 , -9.3125 , -36.125
518799  , 5.706926 , 1.0351465 , 6.891896    , -0.6335604 , -0.11491789 , -0.7651111    ,-25.875 , -9.3125 , -36.125
44006346  , 5.706926 , 1.0351465 , 6.891896    , -0.6335603 , -0.1149178 , -0.765111    ,-25.125 , -10.0625 , -36.125
1190185  , 6.0201936 , -0.040861044 , 9.084772    , -0.552387 , 0.0037492365 , -0.83357954    ,-25.125 , -10.0625 , -36.125
34027098  , 6.0201936 , -0.040861044 , 9.084772    , -0.552387 , 0.0037492327 , -0.8335795    ,-25.375 , -11.0 , -35.875
244141  , 6.4424243 , -0.9942854 , 9.112013    , -0.575028 , 0.08874639 , -0.813306    ,-25.375 , -11.0 , -35.875
38482668  , 6.4424243 , -0.9942854 , 9.112013    , -0.5750281 , 0.08874642 , -0.8133062    ,-25.125 , -11.0 , -36.375
274658  , 3.5276701 , 0.61291564 , 6.0882955    , -0.49945027 , -0.086777076 , -0.86198556    ,-25.125 , -11.0 , -36.375
40191651  , 3.5276701 , 0.61291564 , 6.0882955    , -0.49945024 , -0.08677705 , -0.86198556    ,-25.125 , -10.3125 , -37.125
335693  , 5.829509 , -0.9125633 , 6.891896    , -0.64253193 , 0.10058326 , -0.7596288    ,-25.125 , -10.3125 , -37.125
39520264  , 5.829509 , -0.9125633 , 6.891896    , -0.6425319 , 0.100583255 , -0.7596287    ,-25.125 , -10.3125 , -37.375
427246  , 5.829509 , -0.88532263 , 10.56939    , -0.48166418 , 0.07314995 , -0.8732977    ,-25.125 , -10.3125 , -37.375
