5126953  , 7.6273947 , -2.8738933 , 3.6774938    , -0.85298 , 0.3213907 , -0.41125822    ,-30.8125 , 29.875 , -29.125
274658  , 7.7772183 , -2.7513103 , 4.630918    , -0.8220764 , 0.29082215 , -0.48950264    ,-30.8125 , 29.875 , -29.125
34820556  , 7.7772183 , -2.7513103 , 4.630918    , -0.8220764 , 0.29082215 , -0.4895026    ,-30.5625 , 31.125 , -28.1875
244140  , 8.240311 , -3.5957718 , 4.903325    , -0.8046515 , 0.35112062 , -0.47880086    ,-30.5625 , 31.125 , -28.1875
38391112  , 8.240311 , -3.5957718 , 4.903325    , -0.80465156 , 0.35112065 , -0.47880083    ,-29.8125 , 31.875 , -27.6875
274658  , 7.9679036 , -3.5957718 , 4.7943625    , -0.7991796 , 0.36065537 , -0.48087388    ,-29.8125 , 31.875 , -27.6875
33325194  , 7.9679036 , -3.5957718 , 4.7943625    , -0.79917955 , 0.36065537 , -0.48087382    ,-29.8125 , 31.625 , -27.1875
305176  , 8.008764 , -3.173541 , 4.7943625    , -0.8123398 , 0.32189652 , -0.4862987    ,-29.8125 , 31.625 , -27.1875
31005861  , 8.008764 , -3.173541 , 4.7943625    , -0.81233996 , 0.3218966 , -0.4862988    ,-30.0625 , 31.375 , -27.6875
213623  , 8.049625 , -3.0237172 , 4.6036777    , -0.8252959 , 0.3100096 , -0.47199667    ,-30.0625 , 31.375 , -27.6875
32562257  , 8.049625 , -3.0237172 , 4.6036777    , -0.8252958 , 0.31000957 , -0.47199667    ,-30.3125 , 31.125 , -27.4375
9582520  , 8.158588 , -3.255263 , 4.5219555    , -0.8257977 , 0.3294919 , -0.45770422    ,-30.3125 , 31.125 , -27.4375
28381348  , 8.158588 , -3.255263 , 4.5219555    , -0.8257976 , 0.3294919 , -0.45770422    ,-31.375 , 30.375 , -27.4375
244140  , 8.308413 , -2.8738933 , 4.8216033    , -0.82862 , 0.28662094 , -0.48087138    ,-31.375 , 30.375 , -27.4375
305175  , 8.308413 , -2.8738933 , 4.8216033    , -0.8286201 , 0.28662097 , -0.4808713    ,-31.375 , 30.125 , -27.9375
915527  , 8.19945 , -2.7921712 , 5.09401    , -0.81597215 , 0.27786428 , -0.5069328    ,-31.375 , 30.125 , -27.9375
36865235  , 8.19945 , -2.7921712 , 5.09401    , -0.8159722 , 0.27786428 , -0.50693285    ,-31.375 , 29.375 , -27.4375
2868653  , 8.281172 , -2.6832085 , 5.175732    , -0.81769407 , 0.2649436 , -0.5110588    ,-31.375 , 29.375 , -27.4375
33111573  , 8.281172 , -2.6832085 , 5.175732    , -0.81769425 , 0.26494366 , -0.51105887    ,-31.625 , 29.375 , -27.4375
701904  , 8.921328 , -2.982856 , 4.8216033    , -0.8439838 , 0.28218699 , -0.45613793    ,-31.625 , 29.375 , -27.4375
33782960  , 8.921328 , -2.982856 , 4.8216033    , -0.8439839 , 0.28218699 , -0.4561379    ,-31.625 , 29.875 , -27.1875
244140  , 8.853226 , -2.9556155 , 4.5219555    , -0.85362947 , 0.2849809 , -0.43600768    ,-31.625 , 29.875 , -27.1875
1129150  , 8.853226 , -2.9556155 , 4.5219555    , -0.8536294 , 0.28498092 , -0.43600765    ,-32.125 , 29.875 , -27.1875
274658  , 8.853226 , -2.982856 , 4.7943625    , -0.84311485 , 0.28406483 , -0.45657918    ,-32.125 , 29.875 , -27.1875
33538819  , 8.853226 , -2.982856 , 4.7943625    , -0.8431148 , 0.2840648 , -0.45657915    ,-32.125 , 30.125 , -27.4375
244140  , 8.921328 , -3.173541 , 4.7535014    , -0.84201974 , 0.29952765 , -0.4486487    ,-32.125 , 30.125 , -27.4375
39306640  , 8.921328 , -3.173541 , 4.7535014    , -0.8420198 , 0.29952765 , -0.44864875    ,-32.125 , 30.125 , -26.9375
274658  , 8.580819 , -2.8738933 , 4.3312707    , -0.8553083 , 0.28646037 , -0.43172705    ,-32.125 , 30.125 , -26.9375
31158447  , 8.580819 , -2.8738933 , 4.3312707    , -0.8553081 , 0.28646034 , -0.43172693    ,-31.625 , 30.375 , -26.9375
244141  , 8.240311 , -2.982856 , 4.140586    , -0.8501737 , 0.30774885 , -0.42719477    ,-31.625 , 30.375 , -26.9375
30273437  , 8.240311 , -2.982856 , 4.140586    , -0.85017365 , 0.30774885 , -0.42719468    ,-31.375 , 30.875 , -26.6875
244141  , 8.730643 , -3.445948 , 4.0180025    , -0.85511136 , 0.3375089 , -0.39353794    ,-31.375 , 30.875 , -26.6875
213623  , 8.730643 , -3.445948 , 4.0180025    , -0.8551114 , 0.33750886 , -0.39353806    ,-30.8125 , 31.875 , -26.4375
213623  , 10.528529 , -3.5957718 , 3.255263    , -0.9082521 , 0.3101922 , -0.28081793    ,-30.8125 , 31.875 , -26.4375
27740478  , 10.528529 , -3.5957718 , 3.255263    , -0.90825236 , 0.31019226 , -0.280818    ,-30.3125 , 32.5625 , -26.4375
213623  , 14.941522 , -3.9771416 , 4.671779    , -0.925048 , 0.24622975 , -0.28923556    ,-30.3125 , 32.5625 , -26.4375
28137206  , 14.941522 , -3.9771416 , 4.671779    , -0.925048 , 0.24622971 , -0.28923556    ,-30.3125 , 33.3125 , -25.25
213623  , 19.109348 , -3.5957718 , 9.575105    , -0.8816556 , 0.16589953 , -0.44177037    ,-30.3125 , 33.3125 , -25.25
57495116  , 19.109348 , -3.5957718 , 9.575105    , -0.8816554 , 0.16589949 , -0.44177032    ,-31.875 , 33.3125 , -23.75
244140  , 19.57244 , -4.440233 , 15.976667    , -0.76298416 , 0.17309174 , -0.6228116    ,-31.875 , 33.3125 , -23.75
33996580  , 19.57244 , -4.440233 , 15.976667    , -0.7629841 , 0.17309172 , -0.6228117    ,-35.9375 , 29.625 , -22.3125
1556397  , 19.57244 , -7.5865335 , 14.7916975    , -0.7621852 , 0.29543293 , -0.5760147    ,-35.9375 , 29.625 , -22.3125
25573731  , 19.57244 , -7.5865335 , 14.7916975    , -0.7621852 , 0.2954329 , -0.5760147    ,-40.25 , 20.9375 , -20.625
244141  , 16.358038 , -5.47538 , 3.336985    , -0.93102723 , 0.31163442 , -0.18992645    ,-40.25 , 20.9375 , -20.625
59173586  , 16.358038 , -5.47538 , 3.336985    , -0.9310273 , 0.31163445 , -0.18992645    ,-44.3125 , 8.0625 , -16.9375
244141  , 8.853226 , -9.043911 , 1.3756552    , -0.69543695 , 0.7104156 , -0.10806024    ,-44.3125 , 8.0625 , -16.9375
20080566  , 8.853226 , -9.043911 , 1.3756552    , -0.69543695 , 0.7104156 , -0.108060226    ,-44.8125 , -7.3125 , -13.0
366211  , 4.399372 , -10.95076 , 2.1792557    , -0.36658534 , 0.9124912 , -0.18159027    ,-44.8125 , -7.3125 , -13.0
244141  , 4.399372 , -10.95076 , 2.1792557    , -0.36658537 , 0.9124912 , -0.1815903    ,-40.75 , -21.6875 , -8.875
305176  , -0.46309182 , -10.528529 , 3.0645783    , 0.04219422 , 0.9592977 , -0.2792264    ,-40.75 , -21.6875 , -8.875
52703858  , -0.46309182 , -10.528529 , 3.0645783    , 0.042194203 , 0.9592977 , -0.27922633    ,-32.375 , -32.5625 , -5.4375
244140  , -4.862464 , -12.067628 , 1.7978859    , 0.3702178 , 0.91880393 , -0.13688725    ,-32.375 , -32.5625 , -5.4375
30883789  , -4.862464 , -12.067628 , 1.7978859    , 0.37021786 , 0.918804 , -0.13688728    ,-19.1875 , -40.5 , -4.6875
244141  , -8.853226 , -19.381754 , -3.568531    , 0.409781 , 0.89710516 , 0.16517326    ,-19.1875 , -40.5 , -4.6875
54962159  , -8.853226 , -19.381754 , -3.568531    , 0.40978098 , 0.8971051 , 0.16517326    ,-9.25 , -45.0 , -4.0
244140  , -11.686258 , -19.504337 , 2.1111538    , 0.51176584 , 0.854136 , -0.09245183    ,-9.25 , -45.0 , -4.0
29571533  , -11.686258 , -19.504337 , 2.1111538    , 0.51176584 , 0.85413605 , -0.092451856    ,-7.75 , -46.6875 , -5.1875
244141  , 5.8567495 , -17.161638 , 4.2495484    , -0.31446028 , 0.9214417 , -0.2281665    ,-7.75 , -46.6875 , -5.1875
24139404  , 5.8567495 , -17.161638 , 4.2495484    , -0.31446028 , 0.92144173 , -0.22816649    ,-15.375 , -41.75 , -6.1875
3326416  , 18.04696 , -12.299174 , -1.3756552    , -0.8247116 , 0.56204873 , 0.06286481    ,-15.375 , -41.75 , -6.1875
21209717  , 18.04696 , -12.299174 , -1.3756552    , -0.8247117 , 0.56204873 , 0.062864795    ,-29.5625 , -28.125 , -8.125
274659  , 19.57244 , -3.486809 , 8.008764    , -0.9131869 , 0.16268326 , -0.3736631    ,-29.5625 , -28.125 , -8.125
49041746  , 19.57244 , -3.486809 , 8.008764    , -0.9131868 , 0.16268326 , -0.373663    ,-40.25 , -10.75 , -12.3125
335693  , 19.57244 , 3.2961242 , -0.10896278    , -0.9860995 , -0.16606545 , 0.0054897666    ,-40.25 , -10.75 , -12.3125
23956298  , 19.57244 , 3.2961242 , -0.10896278    , -0.9860993 , -0.16606545 , 0.0054897815    ,-45.3125 , 6.5625 , -12.5
5035400  , 19.57244 , -3.214402 , 10.95076    , -0.86386484 , 0.14187342 , -0.4833315    ,-45.3125 , 6.5625 , -12.5
25207520  , 19.57244 , -3.214402 , 10.95076    , -0.8638649 , 0.14187339 , -0.4833315    ,-46.3125 , 17.5 , -11.8125
274658  , 17.393185 , -0.08172209 , -0.6946377    , -0.9991925 , 0.004694719 , 0.0399051    ,-46.3125 , 17.5 , -11.8125
34545897  , 17.393185 , -0.08172209 , -0.6946377    , -0.9991925 , 0.004694718 , 0.0399051    ,-46.8125 , 16.0 , -9.125
335693  , 6.6331096 , -1.1849703 , -2.3699405    , -0.9286488 , 0.16589823 , 0.33179653    ,-46.8125 , 16.0 , -9.125
23834231  , 6.6331096 , -1.1849703 , -2.3699405    , -0.92864895 , 0.16589826 , 0.3317966    ,-47.0625 , 5.3125 , -5.9375
1861572  , -4.2086873 , -7.6546354 , 1.4982382    , 0.47486505 , 0.8636705 , -0.16904582    ,-47.0625 , 5.3125 , -5.9375
38482668  , -4.2086873 , -7.6546354 , 1.4982382    , 0.47486508 , 0.8636705 , -0.1690458    ,-40.25 , -12.0 , -5.6875
213623  , -5.706926 , -19.6133 , -7.3549876    , 0.26286462 , 0.90340096 , 0.33877534    ,-40.25 , -12.0 , -5.6875
39154054  , -5.706926 , -19.6133 , -7.3549876    , 0.2628646 , 0.903401 , 0.33877534    ,-34.375 , -28.125 , -4.6875
366211  , -12.258313 , -19.6133 , 1.2666923    , 0.529206 , 0.8467295 , -0.05468461    ,-34.375 , -28.125 , -4.6875
39611818  , -12.258313 , -19.6133 , 1.2666923    , 0.529206 , 0.8467295 , -0.054684654    ,-33.875 , -31.125 , -6.6875
427246  , 16.467001 , -19.422615 , -0.08172209    , -0.64668196 , 0.76275295 , 0.0032093376    ,-33.875 , -31.125 , -6.6875
38513185  , 16.467001 , -19.422615 , -0.08172209    , -0.64668196 , 0.762753 , 0.003209345    ,-33.125 , -18.4375 , -8.125
488281  , 19.57244 , 3.568531 , 1.9477097    , -0.9791013 , -0.17851394 , -0.09743317    ,-33.125 , -18.4375 , -8.125
39672852  , 19.57244 , 3.568531 , 1.9477097    , -0.9791014 , -0.17851397 , -0.0974332    ,-40.0 , -0.875 , -9.625
518799  , 19.57244 , -5.175732 , 2.3699405    , -0.9602121 , 0.25391832 , -0.11626787    ,-40.0 , -0.875 , -9.625
38543701  , 19.57244 , -5.175732 , 2.3699405    , -0.96021223 , 0.25391832 , -0.11626789    ,-45.8125 , 13.75 , -11.3125
244141  , 15.431854 , -3.9771416 , 0.38136974    , -0.96808004 , 0.24949633 , -0.02392431    ,-45.8125 , 13.75 , -11.3125
42175293  , 15.431854 , -3.9771416 , 0.38136974    , -0.9680801 , 0.24949639 , -0.023924291    ,-46.0625 , 16.0 , -10.3125
335693  , 6.66035 , -2.8738933 , -1.4573772    , -0.90018326 , 0.3884226 , 0.19697265    ,-46.0625 , 16.0 , -10.3125
73181152  , 6.66035 , -2.8738933 , -1.4573772    , -0.9001831 , 0.3884226 , 0.19697261    ,-46.5625 , 2.875 , -9.125
366211  , -10.691973 , -11.686258 , -1.4982382    , 0.6720237 , 0.73451763 , 0.094168924    ,-46.5625 , 2.875 , -9.125
1586914  , -10.691973 , -11.686258 , -1.4982382    , 0.67202365 , 0.73451763 , 0.09416892    ,-44.0625 , -12.0 , -6.9375
518798  , -19.6133 , -19.381754 , -5.012288    , 0.6998249 , 0.69156307 , 0.17884415    ,-44.0625 , -12.0 , -6.9375
19195556  , -19.6133 , -19.381754 , -5.012288    , 0.69982505 , 0.6915631 , 0.17884415    ,-42.25 , -22.6875 , -5.9375
274659  , -16.657684 , -19.6133 , 0.38136974    , 0.6472699 , 0.7621167 , -0.014818937    ,-42.25 , -22.6875 , -5.9375
29296874  , -16.657684 , -19.6133 , 0.38136974    , 0.64726996 , 0.7621168 , -0.014818922    ,-41.75 , -24.4375 , -6.9375
244141  , 6.0474343 , -18.619015 , 5.175732    , -0.29865152 , 0.9194969 , -0.25560266    ,-41.75 , -24.4375 , -6.9375
39947508  , 6.0474343 , -18.619015 , 5.175732    , -0.29865155 , 0.91949683 , -0.25560266    ,-42.75 , -14.5 , -9.375
366211  , 19.57244 , -6.238119 , 7.3958488    , -0.8964489 , 0.28571582 , -0.33874163    ,-42.75 , -14.5 , -9.375
39550780  , 19.57244 , -6.238119 , 7.3958488    , -0.8964488 , 0.2857158 , -0.3387416    ,-45.3125 , 0.125 , -11.8125
396728  , 19.57244 , 2.1792557 , 11.836082    , -0.8518437 , -0.0948469 , -0.51513726    ,-45.3125 , 0.125 , -11.8125
39367677  , 19.57244 , 2.1792557 , 11.836082    , -0.85184366 , -0.094846904 , -0.51513726    ,-46.5625 , 12.25 , -14.5
457764  , 18.918663 , 0.10896278 , 2.7240696    , -0.9897758 , -0.005700659 , -0.14251631    ,-46.5625 , 12.25 , -14.5
38421632  , 18.918663 , 0.10896278 , 2.7240696    , -0.9897762 , -0.005700659 , -0.14251637    ,-47.0625 , 16.5 , -13.75
488282  , 10.337844 , 2.6832085 , -2.7240696    , -0.93790233 , -0.24343446 , 0.24714161    ,-47.0625 , 16.5 , -13.75
39154054  , 10.337844 , 2.6832085 , -2.7240696    , -0.93790233 , -0.24343444 , 0.24714157    ,-47.8125 , 9.5625 , -10.0625
488281  , -3.0645783 , -1.6480621 , -0.10896278    , 0.8802909 , 0.47340092 , 0.03129922    ,-47.8125 , 9.5625 , -10.0625
39031983  , -3.0645783 , -1.6480621 , -0.10896278    , 0.880291 , 0.47340092 , 0.03129921    ,-45.3125 , -5.3125 , -7.125
701904  , -8.076866 , -18.237646 , -1.920469    , 0.40307036 , 0.910137 , 0.095839664    ,-45.3125 , -5.3125 , -7.125
37963867  , -8.076866 , -18.237646 , -1.920469    , 0.40307036 , 0.91013706 , 0.09583968    ,-43.75 , -18.6875 , -3.75
305175  , -12.680544 , -19.6133 , 0.61291564    , 0.5427501 , 0.83948463 , -0.02623389    ,-43.75 , -18.6875 , -3.75
41839599  , -12.680544 , -19.6133 , 0.61291564    , 0.54275006 , 0.8394845 , -0.026233882    ,-43.25 , -19.1875 , -3.5
335694  , 17.161638 , -19.57244 , -0.38136974    , -0.6592116 , 0.7518151 , 0.014649145    ,-43.25 , -19.1875 , -3.5
37384033  , 17.161638 , -19.57244 , -0.38136974    , -0.65921146 , 0.75181496 , 0.014649145    ,-41.25 , -8.5625 , -5.9375
488281  , 19.57244 , 9.043911 , 0.50395286    , -0.9075265 , -0.41934416 , -0.023367092    ,-41.25 , -8.5625 , -5.9375
65399169  , 19.57244 , 9.043911 , 0.50395286    , -0.9075266 , -0.41934425 , -0.02336707    ,-44.8125 , 5.5625 , -7.625
9429931  , 18.850561 , -6.5513873 , -1.8387469    , -0.9405955 , 0.32689774 , 0.09174887    ,-44.8125 , 5.5625 , -7.625
28198242  , 18.850561 , -6.5513873 , -1.8387469    , -0.94059557 , 0.3268978 , 0.09174885    ,-48.125 , 16.0 , -7.125
4394531  , 8.730643 , 0.19068487 , -3.405087    , -0.93145686 , -0.020343825 , 0.3632827    ,-48.125 , 16.0 , -7.125
26947021  , 8.730643 , 0.19068487 , -3.405087    , -0.9314568 , -0.020343825 , 0.36328268    ,-48.125 , 11.5 , -5.4375
244140  , 1.4982382 , -3.6774938 , 0.27240697    , -0.37641218 , 0.92392087 , -0.06843858    ,-48.125 , 11.5 , -5.4375
37689208  , 1.4982382 , -3.6774938 , 0.27240697    , -0.3764122 , 0.9239209 , -0.06843859    ,-47.0625 , -4.8125 , -3.0
213623  , -7.273266 , -15.213928 , -0.46309182    , 0.43115 , 0.9018624 , 0.027451495    ,-47.0625 , -4.8125 , -3.0
33081054  , -7.273266 , -15.213928 , -0.46309182    , 0.43115008 , 0.9018626 , 0.027451502    ,-43.25 , -19.9375 , -0.3125
244141  , -16.739407 , -19.6133 , -4.2495484    , 0.6405401 , 0.7505109 , 0.16261068    ,-43.25 , -19.9375 , -0.3125
27099611  , -16.739407 , -19.6133 , -4.2495484    , 0.64054 , 0.75051063 , 0.16261062    ,-42.0 , -27.375 , -0.5625
5859374  , 3.6774938 , -15.6634 , 4.1814466    , -0.22121866 , 0.9422276 , -0.2515338    ,-42.0 , -27.375 , -0.5625
25329591  , 3.6774938 , -15.6634 , 4.1814466    , -0.22121869 , 0.94222766 , -0.2515338    ,-41.25 , -21.1875 , -5.4375
5340576  , 19.57244 , 7.504812 , 14.9006605    , -0.76103085 , -0.2918079 , -0.57937914    ,-41.25 , -21.1875 , -5.4375
43731691  , 19.57244 , 7.504812 , 14.9006605    , -0.76103073 , -0.29180795 , -0.5793791    ,-43.25 , -9.3125 , -9.8125
244140  , 19.57244 , 6.8237944 , 8.853226    , -0.868366 , -0.3027498 , -0.3927891    ,-43.25 , -9.3125 , -9.8125
31372070  , 19.57244 , 6.8237944 , 8.853226    , -0.86836606 , -0.30274978 , -0.3927891    ,-47.0625 , 1.875 , -14.75
51086426  , 15.6634 , 1.56634 , 5.407278    , -0.94106454 , -0.09410645 , -0.32487187    ,-47.0625 , 1.875 , -14.75
2899169  , 15.6634 , 1.56634 , 5.407278    , -0.94106436 , -0.094106436 , -0.3248718    ,-47.0625 , 4.8125 , -16.9375
244141  , 8.430995 , 2.7921712 , -5.407278    , -0.81083536 , -0.26853195 , 0.520035    ,-47.0625 , 4.8125 , -16.9375
8697510  , 8.430995 , 2.7921712 , -5.407278    , -0.8108355 , -0.26853195 , 0.520035    ,-45.0625 , -5.3125 , -13.75
244141  , -1.920469 , -10.95076 , 3.486809    , 0.16482121 , 0.93983155 , -0.2992498    ,-45.0625 , -5.3125 , -13.75
34851075  , -1.920469 , -10.95076 , 3.486809    , 0.16482124 , 0.9398316 , -0.29924986    ,-39.75 , -19.6875 , -9.375
213623  , -15.363752 , -19.6133 , -6.782933    , 0.5950053 , 0.7595812 , 0.2626885    ,-39.75 , -19.6875 , -9.375
39703369  , -15.363752 , -19.6133 , -6.782933    , 0.5950053 , 0.7595811 , 0.26268843    ,-37.9375 , -28.875 , -5.6875
305175  , -1.1849703 , -18.8097 , 7.7363577    , 0.058163673 , 0.92326486 , -0.37973532    ,-37.9375 , -28.875 , -5.6875
39947509  , -1.1849703 , -18.8097 , 7.7363577    , 0.05816368 , 0.92326486 , -0.37973532    ,-36.9375 , -21.1875 , -7.875
457764  , 19.57244 , -11.413852 , 9.043911    , -0.80229145 , 0.46786386 , -0.37071785    ,-36.9375 , -21.1875 , -7.875
39733886  , 19.57244 , -11.413852 , 9.043911    , -0.8022916 , 0.4678639 , -0.37071788    ,-37.9375 , -7.0625 , -10.5625
427246  , 19.57244 , 4.7943625 , 12.830367    , -0.8193074 , -0.20069325 , -0.5370825    ,-37.9375 , -7.0625 , -10.5625
37811278  , 19.57244 , 4.7943625 , 12.830367    , -0.8193074 , -0.20069328 , -0.53708255    ,-44.0625 , 7.8125 , -12.75
213623  , 16.167353 , -5.6660647 , 0.9942854    , -0.9421364 , 0.3301843 , -0.057941012    ,-44.0625 , 7.8125 , -12.75
29663085  , 16.167353 , -5.6660647 , 0.9942854    , -0.9421364 , 0.3301843 , -0.057940997    ,-46.5625 , 17.0 , -12.3125
305175  , 6.510526 , 5.243834 , -7.164303    , -0.5913483 , -0.4762952 , 0.6507305    ,-46.5625 , 17.0 , -12.3125
39123534  , 6.510526 , 5.243834 , -7.164303    , -0.5913483 , -0.4762952 , 0.6507306    ,-47.3125 , 8.3125 , -7.875
305175  , -0.88532263 , -2.8330324 , -1.0760075    , 0.28041738 , 0.89733565 , 0.34081498    ,-47.3125 , 8.3125 , -7.875
33477783  , -0.88532263 , -2.8330324 , -1.0760075    , 0.2804174 , 0.8973357 , 0.340815    ,-45.0625 , -7.5625 , -5.6875
335693  , -8.962189 , -18.850561 , -4.140586    , 0.42116916 , 0.8858634 , 0.19458273    ,-45.0625 , -7.5625 , -5.6875
35461428  , -8.962189 , -18.850561 , -4.140586    , 0.42116922 , 0.8858635 , 0.19458272    ,-42.0 , -20.1875 , -3.5
1068116  , -16.467001 , -19.6133 , -1.525479    , 0.64186734 , 0.764507 , 0.059461657    ,-42.0 , -20.1875 , -3.5
39642335  , -16.467001 , -19.6133 , -1.525479    , 0.64186734 , 0.7645069 , 0.059461657    ,-42.25 , -23.4375 , -5.4375
488282  , 13.402422 , -19.6133 , 11.141444    , -0.51079994 , 0.7475121 , -0.42462835    ,-42.25 , -23.4375 , -5.4375
40191651  , 13.402422 , -19.6133 , 11.141444    , -0.5107999 , 0.74751204 , -0.42462838    ,-37.6875 , -11.25 , -11.5625
488282  , 19.57244 , 5.8567495 , 11.563675    , -0.83373797 , -0.24948317 , -0.49258423    ,-37.6875 , -11.25 , -11.5625
35125734  , 19.57244 , 5.8567495 , 11.563675    , -0.83373797 , -0.24948317 , -0.4925842    ,-40.5 , 2.875 , -13.25
244140  , 19.57244 , -8.662541 , 14.709975    , -0.75362074 , 0.33354408 , -0.5663955    ,-40.5 , 2.875 , -13.25
39611817  , 19.57244 , -8.662541 , 14.709975    , -0.75362074 , 0.3335441 , -0.56639546    ,-44.0625 , 14.5 , -15.0
305176  , 17.774553 , -0.9942854 , 3.8681788    , -0.97567266 , 0.054577857 , -0.21233031    ,-44.0625 , 14.5 , -15.0
30120850  , 17.774553 , -0.9942854 , 3.8681788    , -0.9756728 , 0.054577872 , -0.21233028    ,-44.3125 , 15.25 , -12.5
427246  , 9.234595 , 2.3018389 , -7.8180795    , -0.74976826 , -0.18688914 , 0.63475955    ,-44.3125 , 15.25 , -12.5
36987304  , 9.234595 , 2.3018389 , -7.8180795    , -0.7497683 , -0.1868892 , 0.63475966    ,-48.375 , 1.375 , -4.9375
427246  , 1.4165162 , -5.938472 , 0.7218784    , -0.23041746 , 0.96598095 , -0.11742429    ,-48.375 , 1.375 , -4.9375
39306640  , 1.4165162 , -5.938472 , 0.7218784    , -0.23041749 , 0.965981 , -0.11742427    ,-44.5625 , -14.25 , -1.0625
2899169  , -9.384419 , -19.231932 , 2.4516625    , 0.43568653 , 0.8928729 , -0.11382231    ,-44.5625 , -14.25 , -1.0625
36773681  , -9.384419 , -19.231932 , 2.4516625    , 0.43568647 , 0.8928728 , -0.11382232    ,-41.25 , -26.125 , 0.9375
488281  , -12.489859 , -19.082108 , -0.84446156    , 0.5472765 , 0.8361334 , 0.037002333    ,-41.25 , -26.125 , 0.9375
41412353  , -12.489859 , -19.082108 , -0.84446156    , 0.5472765 , 0.8361335 , 0.037002336    ,-40.75 , -24.6875 , -1.0625
823974  , 19.381754 , -12.176591 , 8.158588    , -0.7976069 , 0.5010967 , -0.335746    ,-40.75 , -24.6875 , -1.0625
36651611  , 19.381754 , -12.176591 , 8.158588    , -0.7976069 , 0.5010968 , -0.335746    ,-39.1875 , -12.5 , -7.625
274659  , 19.57244 , 9.915613 , 12.217452    , -0.77937275 , -0.39483884 , -0.4864979    ,-39.1875 , -12.5 , -7.625
57403563  , 19.57244 , 9.915613 , 12.217452    , -0.7793728 , -0.39483887 , -0.48649782    ,-44.3125 , 0.625 , -10.8125
274659  , 19.109348 , -6.469665 , 8.390134    , -0.8745738 , 0.2960959 , -0.3839896    ,-44.3125 , 0.625 , -10.8125
10284425  , 19.109348 , -6.469665 , 8.390134    , -0.87457365 , 0.29609585 , -0.38398954    ,-47.5625 , 9.0625 , -12.5
244140  , 11.495573 , 1.4982382 , -1.525479    , -0.98313826 , -0.12813415 , 0.13046387    ,-47.5625 , 9.0625 , -12.5
29510499  , 11.495573 , 1.4982382 , -1.525479    , -0.9831382 , -0.12813415 , 0.13046385    ,-46.8125 , 3.8125 , -10.5625
244140  , 2.8330324 , -0.7218784 , -3.336985    , -0.63857174 , 0.16271299 , 0.7521638    ,-46.8125 , 3.8125 , -10.5625
39154054  , 2.8330324 , -0.7218784 , -3.336985    , -0.63857174 , 0.16271299 , 0.7521638    ,-44.8125 , -11.75 , -4.9375
305176  , -4.0588636 , -13.988097 , 5.09401    , 0.26304722 , 0.90654194 , -0.33013308    ,-44.8125 , -11.75 , -4.9375
34729005  , -4.0588636 , -13.988097 , 5.09401    , 0.26304722 , 0.9065418 , -0.33013305    ,-37.4375 , -25.625 , -1.75
457764  , -17.62473 , -19.6133 , -1.0351465    , 0.66787934 , 0.74323523 , 0.0392263    ,-37.4375 , -25.625 , -1.75
36712648  , -17.62473 , -19.6133 , -1.0351465    , 0.66787934 , 0.7432351 , 0.039226323    ,-35.125 , -32.8125 , 0.1875
549317  , 3.214402 , -19.19107 , 7.8861814    , -0.15309778 , 0.9140457 , -0.3756085    ,-35.125 , -32.8125 , 0.1875
36163331  , 3.214402 , -19.19107 , 7.8861814    , -0.15309776 , 0.9140456 , -0.37560847    ,-35.125 , -24.4375 , -3.5
244140  , 19.57244 , -10.147159 , 15.935807    , -0.71949947 , 0.3730182 , -0.58581376    ,-35.125 , -24.4375 , -3.5
40130616  , 19.57244 , -10.147159 , 15.935807    , -0.71949947 , 0.37301818 , -0.5858138    ,-37.6875 , -9.3125 , -8.875
366211  , 19.57244 , 7.6954966 , 15.6634    , -0.746386 , -0.29346418 , -0.59731656    ,-37.6875 , -9.3125 , -8.875
40191650  , 19.57244 , 7.6954966 , 15.6634    , -0.7463858 , -0.29346412 , -0.5973164    ,-45.0625 , 3.8125 , -12.5
427246  , 19.272793 , -0.6537767 , 9.888372    , -0.889321 , 0.030167788 , -0.45628762    ,-45.0625 , 3.8125 , -12.5
37445068  , 19.272793 , -0.6537767 , 9.888372    , -0.8893207 , 0.030167788 , -0.45628744    ,-47.0625 , 8.5625 , -12.5
427246  , 11.727119 , 3.990762 , -9.112013    , -0.76259494 , -0.25951257 , 0.59253895    ,-47.0625 , 8.5625 , -12.5
39184570  , 11.727119 , 3.990762 , -9.112013    , -0.7625948 , -0.25951254 , 0.59253883    ,-44.3125 , -3.375 , -7.375
427246  , -1.607201 , -11.114203 , 2.4108016    , 0.13993098 , 0.96765834 , -0.2098965    ,-44.3125 , -3.375 , -7.375
40344237  , -1.607201 , -11.114203 , 2.4108016    , 0.139931 , 0.9676584 , -0.20989653    ,-38.6875 , -20.9375 , -2.5
488281  , -14.818938 , -19.6133 , 1.7978859    , 0.60122734 , 0.79574203 , -0.07294302    ,-38.6875 , -20.9375 , -2.5
38299559  , -14.818938 , -19.6133 , 1.7978859    , 0.6012272 , 0.7957419 , -0.07294302    ,-35.9375 , -31.625 , 1.875
488281  , 0.14982383 , -19.6133 , 3.8681788    , -0.0074943136 , 0.9810738 , -0.19348957    ,-35.9375 , -31.625 , 1.875
38787840  , 0.14982383 , -19.6133 , 3.8681788    , -0.0074943136 , 0.9810738 , -0.19348957    ,-36.4375 , -27.125 , 0.4375
518799  , 19.57244 , -8.499097 , -0.10896278    , -0.9172406 , 0.3983007 , 0.0051064193    ,-36.4375 , -27.125 , 0.4375
38635253  , 19.57244 , -8.499097 , -0.10896278    , -0.91724074 , 0.39830074 , 0.0051064175    ,-39.75 , -14.5 , -2.25
579834  , 19.57244 , 11.454713 , -2.3018389    , -0.8586474 , -0.5025209 , 0.100982204    ,-39.75 , -14.5 , -2.25
43365480  , 19.57244 , 11.454713 , -2.3018389    , -0.8586474 , -0.50252086 , 0.10098219    ,-48.125 , -2.125 , -0.0625
518799  , 19.082108 , 0.23154591 , -2.4925237    , -0.9915048 , -0.012031106 , 0.12951134    ,-48.125 , -2.125 , -0.0625
45379641  , 19.082108 , 0.23154591 , -2.4925237    , -0.9915048 , -0.012031104 , 0.12951134    ,-50.375 , 2.625 , 3.125
488281  , 10.18802 , -0.10896278 , -6.2108784    , -0.85380995 , 0.009131663 , 0.5205046    ,-50.375 , 2.625 , 3.125
37628175  , 10.18802 , -0.10896278 , -6.2108784    , -0.85381013 , 0.00913167 , 0.5205046    ,-44.8125 , -8.3125 , 7.25
274658  , -2.0294318 , -14.437569 , 7.1234417    , 0.12506756 , 0.8897423 , -0.43899548    ,-44.8125 , -8.3125 , 7.25
39642335  , -2.0294318 , -14.437569 , 7.1234417    , 0.12506755 , 0.8897423 , -0.43899548    ,-37.4375 , -23.9375 , 9.5
366211  , -17.2025 , -19.6133 , 1.56634    , 0.658206 , 0.75044864 , -0.05993168    ,-37.4375 , -23.9375 , 9.5
38970947  , -17.2025 , -19.6133 , 1.56634    , 0.6582059 , 0.75044847 , -0.059931636    ,-33.625 , -34.0625 , 8.25
335693  , -5.7886477 , -19.422615 , 6.701211    , 0.2711816 , 0.9098941 , -0.3139326    ,-33.625 , -34.0625 , 8.25
40893554  , -5.7886477 , -19.422615 , 6.701211    , 0.27118158 , 0.9098939 , -0.31393254    ,-34.375 , -30.375 , -1.5
488281  , 19.381754 , -8.771504 , 14.709975    , -0.7493559 , 0.3391323 , -0.5687312    ,-34.375 , -30.375 , -1.5
37750244  , 19.381754 , -8.771504 , 14.709975    , -0.749356 , 0.33913228 , -0.5687312    ,-33.125 , -13.5 , -13.25
488281  , 19.57244 , 12.108489 , 14.709975    , -0.71655995 , -0.44329968 , -0.538542    ,-33.125 , -13.5 , -13.25
61065672  , 19.57244 , 12.108489 , 14.709975    , -0.7165598 , -0.4432997 , -0.53854185    ,-33.625 , 3.375 , -24.75
274658  , 11.836082 , -6.701211 , 11.985906    , -0.6528809 , 0.36964023 , -0.66114515    ,-33.625 , 3.375 , -24.75
6744385  , 11.836082 , -6.701211 , 11.985906    , -0.6528809 , 0.36964005 , -0.661145    ,-30.3125 , 16.25 , -36.75
274658  , 8.349273 , 1.56634 , 18.8097    , -0.40453848 , -0.075892195 , -0.91136646    ,-30.3125 , 16.25 , -36.75
29907226  , 8.349273 , 1.56634 , 18.8097    , -0.40453842 , -0.0758922 , -0.91136634    ,-21.4375 , 20.1875 , -42.375
244141  , 7.7772183 , 2.4925237 , 12.14935    , -0.53126186 , -0.1702643 , -0.8299222    ,-21.4375 , 20.1875 , -42.375
29266356  , 7.7772183 , 2.4925237 , 12.14935    , -0.5312618 , -0.17026433 , -0.8299222    ,-17.375 , 16.75 , -45.0625
274658  , 6.5513873 , 0.7218784 , 2.6014864    , -0.9245708 , -0.10187576 , -0.36713725    ,-17.375 , 16.75 , -45.0625
32531737  , 6.5513873 , 0.7218784 , 2.6014864    , -0.92457104 , -0.1018758 , -0.36713737    ,-13.8125 , 15.25 , -46.0
488281  , 7.4639506 , -0.29964766 , 3.6774938    , -0.8964497 , 0.035988852 , -0.4416814    ,-13.8125 , 15.25 , -46.0
36590575  , 7.4639506 , -0.29964766 , 3.6774938    , -0.8964498 , 0.035988875 , -0.44168144    ,-10.0 , 15.25 , -47.0
518798  , 3.718355 , -0.10896278 , 7.3141265    , -0.45313966 , 0.013278812 , -0.8913406    ,-10.0 , 15.25 , -47.0
39062501  , 3.718355 , -0.10896278 , 7.3141265    , -0.45313966 , 0.013278812 , -0.8913406    ,-8.25 , 15.0 , -48.9375
488281  , 4.1814466 , -0.50395286 , 9.80665    , -0.3917851 , 0.047218397 , -0.9188446    ,-8.25 , 15.0 , -48.9375
43884279  , 4.1814466 , -0.50395286 , 9.80665    , -0.39178503 , 0.047218397 , -0.91884434    ,-7.25 , 13.25 , -49.6875
213623  , 1.9477097 , 1.6889231 , 4.8216033    , -0.35623202 , -0.3089005 , -0.8818611    ,-7.25 , 13.25 , -49.6875
34027101  , 1.9477097 , 1.6889231 , 4.8216033    , -0.35623205 , -0.30890048 , -0.8818612    ,-6.75 , 10.75 , -50.6875
305176  , 1.8387469 , 1.56634 , 5.6660647    , -0.29852507 , -0.2542991 , -0.9198994    ,-6.75 , 10.75 , -50.6875
40100098  , 1.8387469 , 1.56634 , 5.6660647    , -0.29852507 , -0.25429913 , -0.91989946    ,-7.0 , 8.8125 , -51.625
366211  , 3.0237172 , 1.7570249 , 10.501288    , -0.27318734 , -0.15874402 , -0.9487724    ,-7.0 , 8.8125 , -51.625
