60546875  , 8.008764 , 1.6480621 , 4.9850473    , -0.8363036 , -0.17209649 , -0.5205564    ,-36.9375 , 3.125 , -31.125
244141  , 8.281172 , 1.3756552 , 5.012288    , -0.84698963 , -0.1407006 , -0.5126516    ,-36.9375 , 3.125 , -31.125
27984619  , 8.281172 , 1.3756552 , 5.012288    , -0.84698975 , -0.14070061 , -0.5126517    ,-37.1875 , 2.875 , -30.375
335693  , 8.349273 , 1.607201 , 5.09401    , -0.84236276 , -0.1621514 , -0.5139375    ,-37.1875 , 2.875 , -30.375
32379149  , 8.349273 , 1.607201 , 5.09401    , -0.8423628 , -0.1621514 , -0.51393753    ,-37.6875 , 3.125 , -29.625
213623  , 8.580819 , 1.9477097 , 4.7535014    , -0.8579968 , -0.19475166 , -0.475303    ,-37.6875 , 3.125 , -29.625
35003661  , 8.580819 , 1.9477097 , 4.7535014    , -0.8579968 , -0.19475168 , -0.47530305    ,-38.1875 , 3.375 , -29.125
3051758  , 8.771504 , 1.920469 , 4.5219555    , -0.872471 , -0.19102237 , -0.4497832    ,-38.1875 , 3.375 , -29.125
11810302  , 8.771504 , 1.920469 , 4.5219555    , -0.8724711 , -0.19102235 , -0.44978318    ,-38.9375 , 3.8125 , -29.125
244141  , 8.894087 , 2.070293 , 4.671779    , -0.8670808 , -0.201832 , -0.45544982    ,-38.9375 , 3.8125 , -29.125
29846190  , 8.894087 , 2.070293 , 4.671779    , -0.8670808 , -0.201832 , -0.45544976    ,-39.75 , 4.5625 , -28.9375
335693  , 8.921328 , 2.1111538 , 4.6036777    , -0.86963546 , -0.2057916 , -0.44875848    ,-39.75 , 4.5625 , -28.9375
32623290  , 8.921328 , 2.1111538 , 4.6036777    , -0.8696353 , -0.20579158 , -0.44875842    ,-40.0 , 5.3125 , -28.9375
244140  , 9.152874 , 1.7570249 , 4.6036777    , -0.88050723 , -0.16902596 , -0.4428742    ,-40.0 , 5.3125 , -28.9375
72662355  , 9.152874 , 1.7570249 , 4.6036777    , -0.8805071 , -0.1690259 , -0.44287407    ,-40.0 , 5.5625 , -28.9375
335693  , 9.193735 , 1.334794 , 4.372132    , -0.89541924 , -0.13000157 , -0.4258216    ,-40.0 , 5.5625 , -28.9375
31677247  , 9.193735 , 1.334794 , 4.372132    , -0.8954191 , -0.13000159 , -0.42582154    ,-39.75 , 6.0625 , -29.125
244141  , 9.888372 , 1.4982382 , 4.372132    , -0.9059323 , -0.1372625 , -0.40055686    ,-39.75 , 6.0625 , -29.125
38635255  , 9.888372 , 1.4982382 , 4.372132    , -0.90593225 , -0.1372625 , -0.40055683    ,-39.1875 , 6.0625 , -29.375
274658  , 12.9529505 , 3.0237172 , 3.5276701    , -0.94127697 , -0.21973026 , -0.25635198    ,-39.1875 , 6.0625 , -29.375
213623  , 12.9529505 , 3.0237172 , 3.5276701    , -0.941277 , -0.21973026 , -0.25635198    ,-38.4375 , 6.5625 , -30.375
35583497  , 15.785983 , 4.7943625 , 2.982856    , -0.9415777 , -0.2859667 , -0.17791675    ,-38.4375 , 6.5625 , -30.375
3082275  , 15.785983 , 4.7943625 , 2.982856    , -0.94157773 , -0.2859667 , -0.17791678    ,-37.9375 , 7.0625 , -31.625
244141  , 17.474907 , 5.134871 , 2.3699405    , -0.9514165 , -0.27956662 , -0.12903075    ,-37.9375 , 7.0625 , -31.625
27130127  , 17.474907 , 5.134871 , 2.3699405    , -0.9514165 , -0.27956665 , -0.12903076    ,-37.6875 , 6.5625 , -32.0625
244140  , 19.000385 , 4.630918 , 3.5276701    , -0.9561287 , -0.23303492 , -0.17751782    ,-37.6875 , 6.5625 , -32.0625
30822754  , 19.000385 , 4.630918 , 3.5276701    , -0.95612866 , -0.23303494 , -0.1775178    ,-37.6875 , 5.5625 , -31.875
244140  , 19.504337 , 3.6774938 , 6.3198414    , -0.9363638 , -0.17654908 , -0.30340284    ,-37.6875 , 5.5625 , -31.875
27008057  , 19.504337 , 3.6774938 , 6.3198414    , -0.9363639 , -0.17654905 , -0.3034028    ,-39.1875 , 1.375 , -30.125
244140  , 18.04696 , 2.9556155 , 7.8589406    , -0.9066748 , -0.14848942 , -0.39483124    ,-39.1875 , 1.375 , -30.125
30517578  , 18.04696 , 2.9556155 , 7.8589406    , -0.90667486 , -0.14848936 , -0.3948312    ,-40.25 , -4.0625 , -26.9375
915527  , 14.519291 , 1.7570249 , 8.117727    , -0.86801213 , -0.10504082 , -0.4853051    ,-40.25 , -4.0625 , -26.9375
25909423  , 14.519291 , 1.7570249 , 8.117727    , -0.86801213 , -0.10504088 , -0.48530507    ,-40.25 , -11.25 , -23.5625
579835  , 9.847511 , 0.19068487 , 7.9270425    , -0.7788847 , -0.015082195 , -0.626986    ,-40.25 , -11.25 , -23.5625
29907226  , 9.847511 , 0.19068487 , 7.9270425    , -0.7788845 , -0.015082136 , -0.6269859    ,-38.6875 , -19.9375 , -19.625
244140  , 4.630918 , -2.1792557 , 5.8567495    , -0.5953926 , 0.2801848 , -0.75299656    ,-38.6875 , -19.9375 , -19.625
24688720  , 4.630918 , -2.1792557 , 5.8567495    , -0.5953926 , 0.28018478 , -0.75299656    ,-34.125 , -27.625 , -16.9375
244140  , -0.27240697 , -3.759216 , 2.4108016    , 0.060884863 , 0.8402108 , -0.5388308    ,-34.125 , -27.625 , -16.9375
23101806  , -0.27240697 , -3.759216 , 2.4108016    , 0.06088485 , 0.84021086 , -0.5388308    ,-28.5625 , -34.5625 , -15.25
1647950  , -2.982856 , -4.7535014 , -0.53119355    , 0.5291599 , 0.84327316 , 0.09423396    ,-28.5625 , -34.5625 , -15.25
53253172  , -2.982856 , -4.7535014 , -0.53119355    , 0.52916 , 0.8432733 , 0.094234005    ,-22.1875 , -39.75 , -13.0
946045  , -4.440233 , -6.742072 , 0.46309182    , 0.5491166 , 0.83378136 , -0.057269827    ,-22.1875 , -39.75 , -13.0
20751953  , -4.440233 , -6.742072 , 0.46309182    , 0.54911655 , 0.83378124 , -0.05726981    ,-15.375 , -44.0 , -11.8125
244141  , -8.880466 , -14.1787815 , 3.9499009    , 0.51660115 , 0.8248187 , -0.22977659    ,-15.375 , -44.0 , -11.8125
19622802  , -8.880466 , -14.1787815 , 3.9499009    , 0.5166012 , 0.82481885 , -0.22977662    ,-10.25 , -46.9375 , -10.5625
1525879  , -15.785983 , -19.15021 , 2.5606253    , 0.6327138 , 0.76755446 , -0.10263176    ,-10.25 , -46.9375 , -10.5625
25482177  , -15.785983 , -19.15021 , 2.5606253    , 0.6327138 , 0.7675544 , -0.10263178    ,-9.5 , -47.9375 , -10.5625
58532717  , -12.258313 , -19.340895 , 2.3018389    , 0.5326506 , 0.84040415 , -0.10001993    ,-9.5 , -47.9375 , -10.5625
27191164  , -12.258313 , -19.340895 , 2.3018389    , 0.53265053 , 0.8404042 , -0.10001993    ,-14.3125 , -46.0 , -13.5
305176  , 2.3699405 , -17.543009 , 6.782933    , -0.12501422 , 0.9253924 , -0.3577992    ,-14.3125 , -46.0 , -13.5
244140  , 2.3699405 , -17.543009 , 6.782933    , -0.12501419 , 0.92539245 , -0.35779926    ,-23.75 , -37.0625 , -18.125
213623  , 15.785983 , -16.017529 , 9.847511    , -0.64299786 , 0.6524292 , -0.40111086    ,-23.75 , -37.0625 , -18.125
29510499  , 15.785983 , -16.017529 , 9.847511    , -0.6429978 , 0.6524292 , -0.4011108    ,-32.875 , -19.4375 , -23.5625
274658  , 19.57244 , -8.430995 , 17.011814    , -0.71777076 , 0.30918586 , -0.6238661    ,-32.875 , -19.4375 , -23.5625
29418946  , 19.57244 , -8.430995 , 17.011814    , -0.7177709 , 0.30918592 , -0.6238662    ,-39.4375 , 1.125 , -24.25
3540038  , 19.57244 , 0.88532263 , 18.727978    , -0.7221362 , -0.032664485 , -0.6909793    ,-39.4375 , 1.125 , -24.25
29113770  , 19.57244 , 0.88532263 , 18.727978    , -0.7221362 , -0.032664508 , -0.6909794    ,-42.25 , 17.5 , -24.75
244141  , 19.57244 , 0.53119355 , 15.745122    , -0.77899915 , -0.021141946 , -0.62666875    ,-42.25 , 17.5 , -24.75
27740479  , 19.57244 , 0.53119355 , 15.745122    , -0.778999 , -0.021141946 , -0.62666863    ,-43.25 , 24.9375 , -23.75
396728  , 19.57244 , -0.61291564 , 5.012288    , -0.96829325 , 0.030322343 , -0.24796933    ,-43.25 , 24.9375 , -23.75
29754639  , 19.57244 , -0.61291564 , 5.012288    , -0.96829325 , 0.030322343 , -0.24796933    ,-44.8125 , 20.4375 , -20.8125
244141  , 19.57244 , -1.1849703 , 11.795221    , -0.855343 , 0.05178485 , -0.5154677    ,-44.8125 , 20.4375 , -20.8125
55511474  , 19.57244 , -1.1849703 , 11.795221    , -0.8553428 , 0.051784858 , -0.5154676    ,-45.0625 , 7.8125 , -21.3125
244141  , 15.363752 , -6.5513873 , 2.6014864    , -0.9089016 , 0.3875724 , -0.15390089    ,-45.0625 , 7.8125 , -21.3125
34515381  , 15.363752 , -6.5513873 , 2.6014864    , -0.90890145 , 0.38757235 , -0.15390089    ,-42.5 , -8.0625 , -18.375
274658  , 6.973618 , -7.7772183 , 0.7627395    , -0.6658223 , 0.7425479 , -0.072824314    ,-42.5 , -8.0625 , -18.375
2807617  , 6.973618 , -7.7772183 , 0.7627395    , -0.6658223 , 0.742548 , -0.07282432    ,-35.6875 , -23.4375 , -14.75
2349853  , 3.7864566 , -8.008764 , 2.9147544    , -0.40601292 , 0.8587611 , -0.31254232    ,-35.6875 , -23.4375 , -14.75
14739991  , 3.7864566 , -8.008764 , 2.9147544    , -0.40601304 , 0.85876137 , -0.31254244    ,-25.5 , -35.3125 , -12.0625
213623  , 0.7218784 , -8.390134 , 2.8330324    , -0.08124774 , 0.9443133 , -0.31885904    ,-25.5 , -35.3125 , -12.0625
43273925  , 0.7218784 , -8.390134 , 2.8330324    , -0.08124774 , 0.94431317 , -0.31885904    ,-13.3125 , -43.25 , -9.625
244141  , -2.1111538 , -8.962189 , 2.1111538    , 0.22348729 , 0.94873965 , -0.22348729    ,-13.3125 , -43.25 , -9.625
35644530  , -2.1111538 , -8.962189 , 2.1111538    , 0.22348732 , 0.94873977 , -0.22348732    ,-0.375 , -46.0 , -8.375
274659  , -7.8861814 , -12.258313 , 1.920469    , 0.53640515 , 0.8337903 , -0.13062716    ,-0.375 , -46.0 , -8.375
39855956  , -7.8861814 , -12.258313 , 1.920469    , 0.536405 , 0.8337901 , -0.13062711    ,10.0 , -46.25 , -7.625
274658  , -13.33432 , -17.774553 , 1.4573772    , 0.59881145 , 0.7982114 , -0.06544723    ,10.0 , -46.25 , -7.625
43029786  , -13.33432 , -17.774553 , 1.4573772    , 0.5988114 , 0.79821134 , -0.06544721    ,16.875 , -45.75 , -6.6875
213623  , -11.536434 , -19.6133 , 0.19068487    , 0.5069761 , 0.8619193 , -0.008379765    ,16.875 , -45.75 , -6.6875
36682130  , -11.536434 , -19.6133 , 0.19068487    , 0.5069763 , 0.8619195 , -0.008379772    ,14.3125 , -46.25 , -6.6875
305176  , 7.205164 , -19.6133 , 2.7649305    , -0.34184927 , 0.93055385 , -0.13118224    ,14.3125 , -46.25 , -6.6875
40893556  , 7.205164 , -19.6133 , 2.7649305    , -0.34184927 , 0.9305537 , -0.13118222    ,0.875 , -43.75 , -8.375
3326416  , 19.57244 , -14.328606 , 0.53119355    , -0.8066931 , 0.5905645 , -0.02189356    ,0.875 , -43.75 , -8.375
47180177  , 19.57244 , -14.328606 , 0.53119355    , -0.8066933 , 0.59056455 , -0.021893576    ,-18.125 , -33.0625 , -11.5625
701904  , 19.57244 , 7.3549876 , 6.851035    , -0.8895526 , -0.33427864 , -0.31137437    ,-18.125 , -33.0625 , -11.5625
47058107  , 19.57244 , 7.3549876 , 6.851035    , -0.8895526 , -0.33427873 , -0.3113743    ,-35.6875 , -16.5 , -14.75
732421  , 19.57244 , 15.976667 , 14.628253    , -0.6704148 , -0.54724884 , -0.50106156    ,-35.6875 , -16.5 , -14.75
57250977  , 19.57244 , 15.976667 , 14.628253    , -0.67041475 , -0.5472487 , -0.50106156    ,-47.0625 , -2.875 , -16.4375
3173828  , 19.57244 , 2.2201166 , 4.4810944    , -0.9688739 , -0.10990012 , -0.22182292    ,-47.0625 , -2.875 , -16.4375
69213867  , 19.57244 , 2.2201166 , 4.4810944    , -0.968874 , -0.10990012 , -0.22182293    ,-50.125 , 3.375 , -16.9375
305175  , 17.924377 , -1.9477097 , 2.5333846    , -0.98447716 , 0.10697588 , -0.13914344    ,-50.125 , 3.375 , -16.9375
244140  , 17.924377 , -1.9477097 , 2.5333846    , -0.9844773 , 0.10697587 , -0.13914344    ,-46.8125 , -2.375 , -15.4375
213623  , 11.876944 , -5.6252036 , 1.6889231    , -0.8963866 , 0.42455006 , -0.12746784    ,-46.8125 , -2.375 , -15.4375
34210205  , 11.876944 , -5.6252036 , 1.6889231    , -0.8963868 , 0.42455015 , -0.12746786    ,-42.25 , -16.5 , -14.0
1007080  , 7.014479 , -7.246025 , 2.7649305    , -0.67078125 , 0.6929234 , -0.26440498    ,-42.25 , -16.5 , -14.0
38024901  , 7.014479 , -7.246025 , 2.7649305    , -0.67078125 , 0.6929235 , -0.26440504    ,-34.125 , -28.625 , -11.8125
244140  , 0.9942854 , -6.0201936 , 2.7649305    , -0.14842369 , 0.89867485 , -0.4127398    ,-34.125 , -28.625 , -11.8125
40008543  , 0.9942854 , -6.0201936 , 2.7649305    , -0.1484237 , 0.89867485 , -0.41273975    ,-23.75 , -37.5625 , -9.8125
213623  , -1.4982382 , -5.6660647 , 1.607201    , 0.24653517 , 0.93235123 , -0.26446497    ,-23.75 , -37.5625 , -9.8125
29388426  , -1.4982382 , -5.6660647 , 1.607201    , 0.24653515 , 0.9323512 , -0.26446497    ,-11.8125 , -42.75 , -8.625
274658  , -4.2495484 , -5.202973 , 0.5720546    , 0.6302939 , 0.771706 , -0.08484727    ,-11.8125 , -42.75 , -8.625
45440674  , -4.2495484 , -5.202973 , 0.5720546    , 0.6302939 , 0.77170604 , -0.08484724    ,-0.375 , -46.0 , -7.125
3234864  , -7.8180795 , -6.2108784 , -1.8387469    , 0.7700454 , 0.61174333 , 0.18110824    ,-0.375 , -46.0 , -7.125
31433106  , -7.8180795 , -6.2108784 , -1.8387469    , 0.7700456 , 0.6117435 , 0.18110827    ,8.75 , -46.25 , -6.6875
244141  , -10.882658 , -11.032481 , -2.4108016    , 0.6939096 , 0.7034628 , 0.15371965    ,8.75 , -46.25 , -6.6875
27832032  , -10.882658 , -11.032481 , -2.4108016    , 0.6939096 , 0.7034627 , 0.15371963    ,14.5625 , -46.25 , -6.4375
274658  , -10.460427 , -16.930092 , -0.27240697    , 0.52557474 , 0.8506373 , 0.013686851    ,14.5625 , -46.25 , -6.4375
33477784  , -10.460427 , -16.930092 , -0.27240697    , 0.52557474 , 0.8506372 , 0.013686858    ,14.875 , -46.25 , -6.6875
274659  , -6.742072 , -19.6133 , 1.56634    , 0.3241566 , 0.94300115 , -0.07530911    ,14.875 , -46.25 , -6.6875
34973146  , -6.742072 , -19.6133 , 1.56634    , 0.32415664 , 0.94300115 , -0.07530912    ,8.5 , -46.25 , -7.875
305176  , 6.238119 , -19.6133 , 2.3018389    , -0.3012164 , 0.94705594 , -0.111147545    ,8.5 , -46.25 , -7.875
49072266  , 6.238119 , -19.6133 , 2.3018389    , -0.30121642 , 0.94705594 , -0.11114756    ,-6.1875 , -43.0 , -9.375
8789063  , 19.041246 , -18.659876 , 2.7649305    , -0.7104126 , 0.69618404 , -0.1031572    ,-6.1875 , -43.0 , -9.375
37841796  , 19.041246 , -18.659876 , 2.7649305    , -0.7104128 , 0.6961842 , -0.10315722    ,-21.9375 , -28.375 , -14.5
244141  , 19.57244 , 4.5628166 , 9.466142    , -0.8810449 , -0.20539321 , -0.42611426    ,-21.9375 , -28.375 , -14.5
34240723  , 19.57244 , 4.5628166 , 9.466142    , -0.8810451 , -0.20539343 , -0.426114    ,-34.625 , -9.3125 , -17.4375
366211  , 19.57244 , -4.2495484 , 12.108489    , -0.83628047 , 0.18157236 , -0.517365    ,-34.625 , -9.3125 , -17.4375
25604248  , 19.57244 , -4.2495484 , 12.108489    , -0.83628047 , 0.18157235 , -0.51736486    ,-41.5 , 11.0 , -20.625
213623  , 19.57244 , 3.214402 , 14.369467    , -0.7991119 , -0.13123892 , -0.58668274    ,-41.5 , 11.0 , -20.625
48583984  , 19.57244 , 3.214402 , 14.369467    , -0.799112 , -0.131239 , -0.58668274    ,-42.0 , 24.4375 , -23.5625
305176  , 19.57244 , -1.4982382 , 5.366417    , -0.9617895 , 0.07362341 , -0.2637057    ,-42.0 , 24.4375 , -23.5625
31951903  , 19.57244 , -1.4982382 , 5.366417    , -0.9617895 , 0.073623404 , -0.2637057    ,-42.5 , 23.1875 , -21.5625
244141  , 19.57244 , -3.0237172 , 9.425281    , -0.8923715 , 0.13786116 , -0.42972934    ,-42.5 , 23.1875 , -21.5625
87615964  , 19.57244 , -3.0237172 , 9.425281    , -0.89237165 , 0.13786118 , -0.4297294    ,-42.25 , 12.75 , -21.0625
244140  , 16.317177 , -8.662541 , 1.7570249    , -0.8792815 , 0.46679717 , -0.094680555    ,-42.25 , 12.75 , -21.0625
244140  , 16.317177 , -8.662541 , 1.7570249    , -0.8792815 , 0.46679717 , -0.09468059    ,-41.5 , -3.125 , -18.375
274658  , 6.973618 , -8.308413 , 0.95342433    , -0.6404284 , 0.7630105 , -0.08755857    ,-41.5 , -3.125 , -18.375
28015138  , 6.973618 , -8.308413 , 0.95342433    , -0.64042836 , 0.7630105 , -0.08755858    ,-36.1875 , -18.4375 , -15.25
244140  , 1.56634 , -8.771504 , 3.9090397    , -0.16098012 , 0.90148866 , -0.40175033    ,-36.1875 , -18.4375 , -15.25
19439698  , 1.56634 , -8.771504 , 3.9090397    , -0.16098008 , 0.90148866 , -0.40175036    ,-27.0 , -31.625 , -12.75
244140  , -1.9477097 , -8.853226 , 2.4108016    , 0.20764405 , 0.9438367 , -0.25701398    ,-27.0 , -31.625 , -12.75
27984620  , -1.9477097 , -8.853226 , 2.4108016    , 0.20764408 , 0.94383657 , -0.257014    ,-15.625 , -40.25 , -9.375
244140  , -5.134871 , -8.471856 , 1.1441092    , 0.51490957 , 0.8495325 , -0.11472784    ,-15.625 , -40.25 , -9.375
39611818  , -5.134871 , -8.471856 , 1.1441092    , 0.5149096 , 0.84953254 , -0.114727914    ,-3.6875 , -44.75 , -7.375
213623  , -8.430995 , -10.528529 , 0.6537767    , 0.6243315 , 0.77965796 , -0.04841344    ,-3.6875 , -44.75 , -7.375
39123536  , -8.430995 , -10.528529 , 0.6537767    , 0.6243314 , 0.7796578 , -0.048413426    ,5.6875 , -46.25 , -6.1875
457764  , -13.1708765 , -16.126492 , -1.4982382    , 0.6309295 , 0.7725135 , 0.07177068    ,5.6875 , -46.25 , -6.1875
38177491  , -13.1708765 , -16.126492 , -1.4982382    , 0.63092947 , 0.77251345 , 0.071770675    ,10.8125 , -46.4375 , -5.4375
518799  , -10.651112 , -19.6133 , 2.4516625    , 0.47437316 , 0.87352604 , -0.10919075    ,10.8125 , -46.4375 , -5.4375
31616211  , -10.651112 , -19.6133 , 2.4516625    , 0.47437313 , 0.873526 , -0.109190755    ,7.25 , -46.4375 , -6.4375
213623  , 2.6832085 , -19.6133 , 2.1111538    , -0.13477878 , 0.9851849 , -0.10604421    ,7.25 , -46.4375 , -6.4375
35522461  , 2.6832085 , -19.6133 , 2.1111538    , -0.13477877 , 0.9851849 , -0.10604421    ,-4.6875 , -43.75 , -7.375
305176  , 17.24336 , -19.463476 , 3.6774938    , -0.6565938 , 0.7411314 , -0.14003184    ,-4.6875 , -43.75 , -7.375
39520264  , 17.24336 , -19.463476 , 3.6774938    , -0.65659374 , 0.7411313 , -0.14003183    ,-20.6875 , -32.8125 , -11.8125
488282  , 19.57244 , -3.336985 , 8.771504    , -0.90170175 , 0.15373483 , -0.404103    ,-20.6875 , -32.8125 , -11.8125
39398193  , 19.57244 , -3.336985 , 8.771504    , -0.90170187 , 0.15373483 , -0.40410304    ,-33.375 , -14.0 , -16.6875
488281  , 19.57244 , -4.7126403 , 9.043911    , -0.8868375 , 0.2135322 , -0.40978432    ,-33.375 , -14.0 , -16.6875
38360595  , 19.57244 , -4.7126403 , 9.043911    , -0.88683766 , 0.21353221 , -0.40978444    ,-40.75 , 6.0625 , -19.625
488281  , 19.57244 , -1.56634 , 18.768839    , -0.7205676 , 0.05766546 , -0.6909827    ,-40.75 , 6.0625 , -19.625
39489744  , 19.57244 , -1.56634 , 18.768839    , -0.7205676 , 0.057665467 , -0.6909827    ,-42.5 , 20.9375 , -24.0
488281  , 19.57244 , 0.27240697 , 6.8237944    , -0.94417554 , -0.013140924 , -0.3291802    ,-42.5 , 20.9375 , -24.0
39306639  , 19.57244 , 0.27240697 , 6.8237944    , -0.9441757 , -0.013140917 , -0.32918024    ,-42.0 , 23.9375 , -23.75
518799  , 19.57244 , -4.862464 , 9.615966    , -0.87601537 , 0.21763219 , -0.43038756    ,-42.0 , 23.9375 , -23.75
38909911  , 19.57244 , -4.862464 , 9.615966    , -0.8760153 , 0.21763219 , -0.4303875    ,-43.25 , 15.0 , -21.8125
213623  , 16.017529 , -6.1291566 , 5.5571017    , -0.8884801 , 0.3399796 , -0.30824822    ,-43.25 , 15.0 , -21.8125
38177493  , 16.017529 , -6.1291566 , 5.5571017    , -0.8884802 , 0.33997965 , -0.30824822    ,-43.0 , 0.875 , -20.625
396729  , 8.539958 , -6.4015636 , 1.4982382    , -0.79238397 , 0.5939721 , -0.13901478    ,-43.0 , 0.875 , -20.625
43060304  , 8.539958 , -6.4015636 , 1.4982382    , -0.79238385 , 0.5939719 , -0.13901472    ,-38.4375 , -15.5 , -16.4375
915527  , 4.3312707 , -8.812365 , 3.990762    , -0.4086398 , 0.8314149 , -0.37651408    ,-38.4375 , -15.5 , -16.4375
35217287  , 4.3312707 , -8.812365 , 3.990762    , -0.40863985 , 0.831415 , -0.37651408    ,-29.3125 , -29.875 , -12.5
1312256  , -1.1168685 , -8.240311 , 1.3756552    , 0.1325082 , 0.97765195 , -0.16321132    ,-29.3125 , -29.875 , -12.5
42388917  , -1.1168685 , -8.240311 , 1.3756552    , 0.13250822 , 0.97765213 , -0.16321135    ,-16.375 , -40.0 , -8.875
518798  , -4.9850473 , -9.575105 , -0.46309182    , 0.4613653 , 0.88617444 , 0.042859048    ,-16.375 , -40.0 , -8.875
35400391  , -4.9850473 , -9.575105 , -0.46309182    , 0.4613653 , 0.8861743 , 0.04285907    ,-2.1875 , -45.75 , -5.4375
1312256  , -11.413852 , -15.894946 , -0.3405087    , 0.583189 , 0.81214994 , 0.017398246    ,-2.1875 , -45.75 , -5.4375
90301514  , -11.413852 , -15.894946 , -0.3405087    , 0.58318913 , 0.8121501 , 0.017398253    ,8.0 , -46.6875 , -4.0
305176  , -13.211738 , -19.6133 , 0.5720546    , 0.55851793 , 0.8291398 , -0.024183258    ,8.0 , -46.6875 , -4.0
396729  , -13.211738 , -19.6133 , 0.5720546    , 0.5585179 , 0.82913977 , -0.024183255    ,10.25 , -46.6875 , -4.4375
244141  , 0.84446156 , -19.6133 , 2.2609777    , -0.042733222 , 0.99251354 , -0.11441476    ,10.25 , -46.6875 , -4.4375
25146485  , 0.84446156 , -19.6133 , 2.2609777    , -0.04273323 , 0.9925137 , -0.114414774    ,1.625 , -45.0 , -6.6875
274659  , 16.467001 , -19.6133 , -2.3699405    , -0.64026916 , 0.7626035 , 0.09214793    ,1.625 , -45.0 , -6.6875
39093017  , 16.467001 , -19.6133 , -2.3699405    , -0.6402693 , 0.7626035 , 0.09214793    ,-15.125 , -33.8125 , -10.3125
274658  , 19.57244 , -1.2666923 , 9.697687    , -0.8945397 , 0.057892967 , -0.44322363    ,-15.125 , -33.8125 , -10.3125
33203123  , 19.57244 , -1.2666923 , 9.697687    , -0.89453965 , 0.05789297 , -0.44322357    ,-31.0625 , -17.9375 , -14.5
427246  , 19.57244 , 5.597963 , 8.580819    , -0.88595915 , -0.25339538 , -0.3884163    ,-31.0625 , -17.9375 , -14.5
35797118  , 19.57244 , 5.597963 , 8.580819    , -0.8859592 , -0.25339544 , -0.38841638    ,-41.75 , 1.125 , -17.1875
1495362  , 19.57244 , 0.53119355 , 11.304889    , -0.8656957 , -0.023494877 , -0.50001913    ,-41.75 , 1.125 , -17.1875
38085936  , 19.57244 , 0.53119355 , 11.304889    , -0.86569566 , -0.02349487 , -0.5000191    ,-45.5625 , 18.4375 , -18.375
427246  , 19.57244 , 2.2201166 , 8.240311    , -0.91665184 , -0.103976525 , -0.38592514    ,-45.5625 , 18.4375 , -18.375
38574219  , 19.57244 , 2.2201166 , 8.240311    , -0.9166518 , -0.1039765 , -0.38592508    ,-44.3125 , 24.1875 , -19.125
488281  , 19.57244 , -1.1849703 , 4.0588636    , -0.97745097 , 0.0591776 , -0.20270036    ,-44.3125 , 24.1875 , -19.125
39276125  , 19.57244 , -1.1849703 , 4.0588636    , -0.97745115 , 0.059177622 , -0.20270039    ,-43.5 , 22.1875 , -18.125
2197265  , 19.082108 , -3.9771416 , 4.4810944    , -0.9540758 , 0.19885093 , -0.22404777    ,-43.5 , 22.1875 , -18.125
37353517  , 19.082108 , -3.9771416 , 4.4810944    , -0.95407593 , 0.19885096 , -0.22404781    ,-44.3125 , 12.25 , -16.9375
488281  , 16.249075 , -2.6423476 , 2.8738933    , -0.97233 , 0.15811567 , -0.17197119    ,-44.3125 , 12.25 , -16.9375
39916993  , 16.249075 , -2.6423476 , 2.8738933    , -0.97233 , 0.15811571 , -0.17197119    ,-42.75 , -2.125 , -14.75
2532959  , 13.484144 , -3.9499009 , 5.053149    , -0.9030498 , 0.26452973 , -0.33841568    ,-42.75 , -2.125 , -14.75
36376954  , 13.484144 , -3.9499009 , 5.053149    , -0.90304977 , 0.26452973 , -0.3384156    ,-35.9375 , -18.6875 , -12.0625
213623  , 7.43671 , -10.038197 , 2.7921712    , -0.58094645 , 0.7841713 , -0.21812089    ,-35.9375 , -18.6875 , -12.0625
38055420  , 7.43671 , -10.038197 , 2.7921712    , -0.58094645 , 0.7841713 , -0.21812093    ,-24.0 , -33.3125 , -9.625
335694  , -0.6537767 , -10.923519 , 0.19068487    , 0.05973441 , 0.9980624 , -0.017422536    ,-24.0 , -33.3125 , -9.625
42907715  , -0.6537767 , -10.923519 , 0.19068487    , 0.059734397 , 0.99806225 , -0.01742253    ,-7.75 , -42.25 , -6.9375
488281  , -9.697687 , -15.554437 , -0.50395286    , 0.52886367 , 0.8482617 , 0.027483076    ,-7.75 , -42.25 , -6.9375
36773682  , -9.697687 , -15.554437 , -0.50395286    , 0.5288637 , 0.8482618 , 0.027483098    ,6.1875 , -46.25 , -5.4375
518799  , -13.824653 , -19.6133 , -1.334794    , 0.5752366 , 0.8160993 , 0.05554009    ,6.1875 , -46.25 , -5.4375
42236328  , -13.824653 , -19.6133 , -1.334794    , 0.5752367 , 0.8160992 , 0.0555401    ,12.0625 , -47.1875 , -4.4375
488282  , -5.8567495 , -19.6133 , 2.7649305    , 0.2835515 , 0.9495679 , -0.1338627    ,12.0625 , -47.1875 , -4.4375
35064697  , -5.8567495 , -19.6133 , 2.7649305    , 0.2835515 , 0.9495679 , -0.13386269    ,5.9375 , -45.75 , -5.4375
1342773  , 13.33432 , -18.687117 , 2.070293    , -0.57849765 , 0.81072396 , -0.08981783    ,5.9375 , -45.75 , -5.4375
41625976  , 13.33432 , -18.687117 , 2.070293    , -0.5784976 , 0.8107239 , -0.08981784    ,-10.25 , -38.3125 , -9.125
1068115  , 19.57244 , -12.680544 , 9.656827    , -0.7754086 , 0.5023699 , -0.3825781    ,-10.25 , -38.3125 , -9.125
35949706  , 19.57244 , -12.680544 , 9.656827    , -0.7754085 , 0.50236976 , -0.38257805    ,-23.75 , -21.1875 , -15.9375
488281  , 19.57244 , -10.882658 , 11.876944    , -0.7721171 , 0.42931223 , -0.46853602    ,-23.75 , -21.1875 , -15.9375
40924071  , 19.57244 , -10.882658 , 11.876944    , -0.7721172 , 0.42931223 , -0.468536    ,-33.125 , 0.625 , -20.125
2014160  , 19.57244 , -2.7921712 , 16.017529    , -0.76921177 , 0.109734476 , -0.6295011    ,-33.125 , 0.625 , -20.125
34454346  , 19.57244 , -2.7921712 , 16.017529    , -0.7692117 , 0.10973443 , -0.629501    ,-36.1875 , 20.1875 , -22.8125
305176  , 19.57244 , -3.8273177 , 14.9006605    , -0.78620124 , 0.15373874 , -0.5985416    ,-36.1875 , 20.1875 , -22.8125
40069582  , 19.57244 , -3.8273177 , 14.9006605    , -0.78620136 , 0.15373875 , -0.5985416    ,-34.375 , 31.625 , -24.0
396728  , 19.57244 , -6.0882955 , 1.4573772    , -0.952465 , 0.29627827 , -0.07092117    ,-34.375 , 31.625 , -24.0
61737062  , 19.57244 , -6.0882955 , 1.4573772    , -0.9524649 , 0.2962782 , -0.07092118    ,-37.4375 , 28.625 , -21.0625
274658  , 19.57244 , -5.434519 , 10.691973    , -0.8526433 , 0.23674649 , -0.46577942    ,-37.4375 , 28.625 , -21.0625
10803222  , 19.57244 , -5.434519 , 10.691973    , -0.85264343 , 0.23674655 , -0.4657795    ,-41.5 , 17.5 , -20.375
213623  , 17.352324 , -8.730643 , 6.5513873    , -0.8464569 , 0.4258861 , -0.31958067    ,-41.5 , 17.5 , -20.375
34210206  , 17.352324 , -8.730643 , 6.5513873    , -0.8464569 , 0.4258861 , -0.31958067    ,-43.0 , 2.625 , -18.375
213623  , 9.534244 , -6.932757 , 1.7297841    , -0.80021703 , 0.58187205 , -0.14518222    ,-43.0 , 2.625 , -18.375
39459229  , 9.534244 , -6.932757 , 1.7297841    , -0.80021703 , 0.5818721 , -0.14518222    ,-40.0 , -14.25 , -15.0
244140  , 4.944186 , -10.079058 , 3.8681788    , -0.41638267 , 0.8488242 , -0.32576495    ,-40.0 , -14.25 , -15.0
39703369  , 4.944186 , -10.079058 , 3.8681788    , -0.41638264 , 0.8488242 , -0.32576495    ,-30.5625 , -29.125 , -12.5
396728  , -1.4573772 , -9.00305 , 2.6423476    , 0.15348396 , 0.948158 , -0.27827936    ,-30.5625 , -29.125 , -12.5
40039062  , -1.4573772 , -9.00305 , 2.6423476    , 0.15348394 , 0.9481578 , -0.2782793    ,-17.875 , -39.5 , -9.625
427246  , -5.053149 , -10.228881 , 0.8036005    , 0.4418161 , 0.89435005 , -0.07026185    ,-17.875 , -39.5 , -9.625
38391113  , -5.053149 , -10.228881 , 0.8036005    , 0.4418161 , 0.89435005 , -0.07026185    ,-4.4375 , -45.0 , -7.625
457764  , -10.882658 , -15.854085 , -1.1441092    , 0.56492853 , 0.8229997 , 0.059391737    ,-4.4375 , -45.0 , -7.625
39611816  , -10.882658 , -15.854085 , -1.1441092    , 0.56492853 , 0.8229997 , 0.059391733    ,5.6875 , -47.1875 , -6.6875
427246  , -12.762266 , -19.6133 , -0.53119355    , 0.545257 , 0.83796155 , 0.022694811    ,5.6875 , -47.1875 , -6.6875
38879394  , -12.762266 , -19.6133 , -0.53119355    , 0.5452569 , 0.8379615 , 0.022694796    ,6.5 , -47.1875 , -7.375
457764  , -0.3405087 , -19.6133 , 3.405087    , 0.017102737 , 0.9851179 , -0.1710274    ,6.5 , -47.1875 , -7.375
39428710  , -0.3405087 , -19.6133 , 3.405087    , 0.017102743 , 0.9851178 , -0.1710274    ,-2.9375 , -44.5 , -9.375
427246  , 15.785983 , -19.531578 , 2.6423476    , -0.6251387 , 0.7734676 , -0.10463929    ,-2.9375 , -44.5 , -9.375
39062499  , 15.785983 , -19.531578 , 2.6423476    , -0.6251388 , 0.7734676 , -0.10463929    ,-17.875 , -33.3125 , -15.0
2777100  , 19.57244 , -1.1849703 , 14.941522    , -0.79394126 , 0.048067424 , -0.6060915    ,-17.875 , -33.3125 , -15.0
26153566  , 19.57244 , -1.1849703 , 14.941522    , -0.79394126 , 0.04806742 , -0.6060915    ,-29.5625 , -15.25 , -22.5625
244140  , 19.57244 , -1.2258313 , 14.056199    , -0.8111924 , 0.050805368 , -0.5825683    ,-29.5625 , -15.25 , -22.5625
29144288  , 19.57244 , -1.2258313 , 14.056199    , -0.8111924 , 0.050805368 , -0.5825682    ,-36.4375 , 4.8125 , -26.4375
213623  , 19.57244 , -3.0237172 , 16.930092    , -0.75120366 , 0.11605239 , -0.6497885    ,-36.4375 , 4.8125 , -26.4375
30670167  , 19.57244 , -3.0237172 , 16.930092    , -0.75120366 , 0.11605234 , -0.64978856    ,-36.4375 , 22.1875 , -29.375
274658  , 19.57244 , -2.1792557 , 17.270601    , -0.74722296 , 0.0831981 , -0.659345    ,-36.4375 , 22.1875 , -29.375
39062501  , 19.57244 , -2.1792557 , 17.270601    , -0.747223 , 0.083198115 , -0.659345    ,-34.125 , 30.125 , -29.125
366211  , 19.57244 , -0.61291564 , 6.469665    , -0.94905365 , 0.029719844 , -0.31370944    ,-34.125 , 30.125 , -29.125
32836915  , 19.57244 , -0.61291564 , 6.469665    , -0.9490537 , 0.029719837 , -0.3137095    ,-36.6875 , 28.875 , -25.25
366211  , 19.531578 , -0.29964766 , 5.325556    , -0.9646737 , 0.014799744 , -0.2630317    ,-36.6875 , 28.875 , -25.25
39825440  , 19.531578 , -0.29964766 , 5.325556    , -0.9646736 , 0.014799722 , -0.26303163    ,-40.5 , 23.6875 , -22.5625
335693  , 19.15021 , -2.070293 , 5.7477865    , -0.9526953 , 0.10299408 , -0.2859441    ,-40.5 , 23.6875 , -22.5625
35125733  , 19.15021 , -2.070293 , 5.7477865    , -0.95269525 , 0.10299409 , -0.2859441    ,-44.5625 , 13.75 , -18.625
213623  , 15.554437 , -1.3075534 , 3.2961242    , -0.9749851 , 0.081960216 , -0.20660806    ,-44.5625 , 13.75 , -18.625
28594971  , 15.554437 , -1.3075534 , 3.2961242    , -0.9749851 , 0.081960216 , -0.20660804    ,-44.8125 , -0.625 , -14.25
274659  , 15.050485 , -3.486809 , 4.140586    , -0.94098747 , 0.21800251 , -0.25887802    ,-44.8125 , -0.625 , -14.25
32196044  , 15.050485 , -3.486809 , 4.140586    , -0.94098735 , 0.21800248 , -0.25887796    ,-40.75 , -15.25 , -11.0625
274658  , 8.117727 , -10.460427 , 1.6889231    , -0.6081582 , 0.7836669 , -0.12652954    ,-40.75 , -15.25 , -11.0625
27893066  , 8.117727 , -10.460427 , 1.6889231    , -0.60815823 , 0.7836669 , -0.12652956    ,-30.8125 , -29.875 , -8.625
335693  , -0.38136974 , -7.3141265 , 1.607201    , 0.050860614 , 0.9754339 , -0.21434115    ,-30.8125 , -29.875 , -8.625
39947508  , -0.38136974 , -7.3141265 , 1.607201    , 0.05086062 , 0.9754337 , -0.21434113    ,-18.625 , -40.25 , -8.125
62225340  , -3.8681788 , -7.6273947 , 2.5333846    , 0.43367526 , 0.8551343 , -0.2840267    ,-18.625 , -40.25 , -8.125
305176  , -3.8681788 , -7.6273947 , 2.5333846    , 0.43367523 , 0.85513425 , -0.2840267    ,-7.5 , -46.0 , -6.6875
244140  , -8.240311 , -9.275456 , -0.23154591    , 0.6640437 , 0.74746084 , 0.0186591    ,-7.5 , -46.0 , -6.6875
3967285  , -8.240311 , -9.275456 , -0.23154591    , 0.66404384 , 0.7474609 , 0.0186591    ,1.625 , -48.6875 , -6.4375
274658  , -10.378705 , -13.525005 , -0.9125633    , 0.60791343 , 0.79220223 , 0.053451717    ,1.625 , -48.6875 , -6.4375
30426024  , -10.378705 , -13.525005 , -0.9125633    , 0.60791343 , 0.79220223 , 0.05345172    ,5.9375 , -49.1875 , -6.6875
244140  , -10.61025 , -19.082108 , -1.0351465    , 0.4854154 , 0.8730001 , 0.047357604    ,5.9375 , -49.1875 , -6.6875
29479979  , -10.61025 , -19.082108 , -1.0351465    , 0.48541546 , 0.8730001 , 0.04735761    ,4.6875 , -49.1875 , -6.4375
244140  , -2.070293 , -19.6133 , 1.7978859    , 0.10453892 , 0.9903686 , -0.090783775    ,4.6875 , -49.1875 , -6.4375
31005860  , -2.070293 , -19.6133 , 1.7978859    , 0.10453891 , 0.99036855 , -0.09078378    ,-3.1875 , -47.6875 , -8.125
274658  , 10.310603 , -19.6133 , 1.334794    , -0.46447375 , 0.88354313 , -0.060130015    ,-3.1875 , -47.6875 , -8.125
28564455  , 10.310603 , -19.6133 , 1.334794    , -0.46447378 , 0.88354325 , -0.060130022    ,-17.375 , -41.5 , -8.875
274658  , 19.041246 , -12.830367 , 3.568531    , -0.81946415 , 0.55217105 , -0.15357625    ,-17.375 , -41.5 , -8.875
38421632  , 19.041246 , -12.830367 , 3.568531    , -0.81946415 , 0.55217105 , -0.15357624    ,-32.125 , -29.125 , -12.3125
366211  , 19.57244 , 3.405087 , 8.662541    , -0.9030835 , -0.15711269 , -0.39969465    ,-32.125 , -29.125 , -12.3125
42877198  , 19.57244 , 3.405087 , 8.662541    , -0.90308356 , -0.15711263 , -0.3996946    ,-42.0 , -9.5625 , -14.0
427246  , 19.57244 , -1.879608 , 10.56939    , -0.8767757 , 0.08419976 , -0.4734711    ,-42.0 , -9.5625 , -14.0
36499025  , 19.57244 , -1.879608 , 10.56939    , -0.87677586 , 0.08419977 , -0.47347116    ,-45.0625 , 11.0 , -15.6875
518799  , 19.57244 , 5.6252036 , 5.134871    , -0.9319258 , -0.2678395 , -0.2444927    ,-45.0625 , 11.0 , -15.6875
38726807  , 19.57244 , 5.6252036 , 5.134871    , -0.9319256 , -0.26783946 , -0.24449268    ,-44.0625 , 25.125 , -16.9375
2685546  , 19.57244 , -1.1441092 , -0.19068487    , -0.9982488 , 0.058352754 , 0.009725461    ,-44.0625 , 25.125 , -16.9375
38970947  , 19.57244 , -1.1441092 , -0.19068487    , -0.9982487 , 0.058352742 , 0.009725457    ,-43.25 , 30.375 , -14.0
1312256  , 19.15021 , -7.1234417 , 2.3018389    , -0.9313656 , 0.34644678 , -0.11194936    ,-43.25 , 30.375 , -14.0
36285400  , 19.15021 , -7.1234417 , 2.3018389    , -0.9313656 , 0.34644678 , -0.11194939    ,-44.5625 , 23.6875 , -11.8125
488281  , 17.011814 , -5.47538 , 3.2961242    , -0.9361206 , 0.3012975 , -0.18137808    ,-44.5625 , 23.6875 , -11.8125
37414550  , 17.011814 , -5.47538 , 3.2961242    , -0.93612045 , 0.30129743 , -0.18137804    ,-47.0625 , 10.3125 , -8.125
213623  , 12.026767 , -5.8567495 , 2.0294318    , -0.8888908 , 0.43286863 , -0.14999402    ,-47.0625 , 10.3125 , -8.125
34301757  , 12.026767 , -5.8567495 , 2.0294318    , -0.8888907 , 0.43286866 , -0.14999403    ,-46.0625 , -5.0625 , -4.6875
366211  , 5.5162406 , -5.47538 , 2.4516625    , -0.67685544 , 0.67184174 , -0.30082464    ,-46.0625 , -5.0625 , -4.6875
36041259  , 5.5162406 , -5.47538 , 2.4516625    , -0.6768554 , 0.6718417 , -0.30082464    ,-40.5 , -20.6875 , -2.75
396729  , 1.4165162 , -6.5513873 , 1.607201    , -0.20550752 , 0.9504722 , -0.23317197    ,-40.5 , -20.6875 , -2.75
37994384  , 1.4165162 , -6.5513873 , 1.607201    , -0.20550755 , 0.9504723 , -0.233172    ,-31.0625 , -33.0625 , -2.5
244140  , -2.5606253 , -6.3198414 , 1.0760075    , 0.3709299 , 0.91548663 , -0.15586947    ,-31.0625 , -33.0625 , -2.5
39215086  , -2.5606253 , -6.3198414 , 1.0760075    , 0.3709298 , 0.9154864 , -0.15586945    ,-19.4375 , -41.75 , -3.25
305176  , -5.8567495 , -9.615966 , 1.3075534    , 0.5167045 , 0.8483567 , -0.115357265    ,-19.4375 , -41.75 , -3.25
33355714  , -5.8567495 , -9.615966 , 1.3075534    , 0.51670444 , 0.8483567 , -0.11535727    ,-7.25 , -46.4375 , -4.1875
335694  , -11.604536 , -17.393185 , -2.9556155    , 0.5495377 , 0.8236615 , 0.13996442    ,-7.25 , -46.4375 , -4.1875
35400393  , -11.604536 , -17.393185 , -2.9556155    , 0.54953784 , 0.8236618 , 0.13996446    ,-0.375 , -48.4375 , -5.6875
457764  , -10.651112 , -19.6133 , -2.3426998    , 0.47461915 , 0.87397903 , 0.10439194    ,-0.375 , -48.4375 , -5.6875
39550782  , -10.651112 , -19.6133 , -2.3426998    , 0.47461906 , 0.87397885 , 0.10439191    ,-2.4375 , -47.9375 , -6.1875
427246  , 6.4015636 , -17.815414 , -1.0351465    , -0.33765453 , 0.93968534 , 0.054599456    ,-2.4375 , -47.9375 , -6.1875
38757326  , 6.4015636 , -17.815414 , -1.0351465    , -0.3376544 , 0.93968505 , 0.054599438    ,-14.5625 , -40.5 , -8.125
457764  , 18.850561 , -11.3321295 , 3.486809    , -0.84648466 , 0.5088694 , -0.15657519    ,-14.5625 , -40.5 , -8.125
85296631  , 18.850561 , -11.3321295 , 3.486809    , -0.8464845 , 0.5088693 , -0.15657514    ,-29.0625 , -24.6875 , -12.75
335695  , 19.57244 , -3.3642259 , 7.6273947    , -0.92002445 , 0.1581392 , -0.35853425    ,-29.0625 , -24.6875 , -12.75
244141  , 19.57244 , -3.3642259 , 7.6273947    , -0.9200245 , 0.15813921 , -0.35853428    ,-39.4375 , -4.3125 , -15.6875
213623  , 19.57244 , -1.6889231 , 9.997335    , -0.88793397 , 0.07662059 , -0.45354462    ,-39.4375 , -4.3125 , -15.6875
81756591  , 19.57244 , -1.6889231 , 9.997335    , -0.88793385 , 0.0766206 , -0.45354453    ,-44.8125 , 14.75 , -18.125
274658  , 19.57244 , -1.7297841 , 3.486809    , -0.9807941 , 0.08668117 , -0.17472741    ,-44.8125 , 14.75 , -18.125
29449463  , 19.57244 , -1.7297841 , 3.486809    , -0.9807939 , 0.086681165 , -0.17472738    ,-45.0625 , 21.9375 , -18.375
366211  , 19.272793 , -1.7978859 , 3.5957718    , -0.97892934 , 0.0913206 , -0.18264121    ,-45.0625 , 21.9375 , -18.375
42449950  , 19.272793 , -1.7978859 , 3.5957718    , -0.9789294 , 0.0913206 , -0.18264124    ,-45.3125 , 15.75 , -15.6875
396728  , 14.982383 , -4.4810944 , 3.336985    , -0.93697107 , 0.28023952 , -0.20868905    ,-45.3125 , 15.75 , -15.6875
36529540  , 14.982383 , -4.4810944 , 3.336985    , -0.93697125 , 0.28023958 , -0.20868905    ,-45.8125 , 1.625 , -12.5
1190185  , 7.5865335 , -3.405087 , 1.1441092    , -0.9038051 , 0.40565762 , -0.13630095    ,-45.8125 , 1.625 , -12.5
41046141  , 7.5865335 , -3.405087 , 1.1441092    , -0.9038051 , 0.4056576 , -0.13630095    ,-43.0 , -15.25 , -9.125
488281  , 2.9556155 , -4.0588636 , 2.2201166    , -0.5383737 , 0.7393335 , -0.40440047    ,-43.0 , -15.25 , -9.125
36499022  , 2.9556155 , -4.0588636 , 2.2201166    , -0.53837365 , 0.7393334 , -0.4044005    ,-35.125 , -28.625 , -6.9375
488281  , -1.56634 , -5.012288 , 0.6537767    , 0.29598993 , 0.9471679 , -0.123543635    ,-35.125 , -28.625 , -6.9375
41687014  , -1.56634 , -5.012288 , 0.6537767    , 0.29599 , 0.947168 , -0.12354365    ,-24.25 , -38.5625 , -5.1875
1220703  , -3.8273177 , -6.891896 , 0.10896278    , 0.48544976 , 0.8741551 , -0.013820633    ,-24.25 , -38.5625 , -5.1875
34973146  , -3.8273177 , -6.891896 , 0.10896278    , 0.4854499 , 0.87415534 , -0.013820648    ,-12.8125 , -45.25 , -4.6875
488282  , -9.234595 , -13.988097 , -2.4516625    , 0.5451434 , 0.82575566 , 0.14472833    ,-12.8125 , -45.25 , -4.6875
38635255  , -9.234595 , -13.988097 , -2.4516625    , 0.5451434 , 0.8257556 , 0.14472833    ,-4.9375 , -48.1875 , -5.6875
488281  , -10.528529 , -18.8097 , -2.1383946    , 0.48604444 , 0.8683406 , 0.098717935    ,-4.9375 , -48.1875 , -5.6875
40008546  , -10.528529 , -18.8097 , -2.1383946    , 0.48604444 , 0.86834073 , 0.09871796    ,-5.6875 , -48.1875 , -6.6875
488281  , -0.5720546 , -19.000385 , -1.0760075    , 0.030045792 , 0.99794936 , 0.056514695    ,-5.6875 , -48.1875 , -6.6875
37353516  , -0.5720546 , -19.000385 , -1.0760075    , 0.030045796 , 0.9979495 , 0.056514703    ,-16.375 , -41.75 , -8.125
244140  , 16.3989 , -15.431854 , 2.9556155    , -0.72206014 , 0.6794802 , -0.13013874    ,-16.375 , -41.75 , -8.125
35583496  , 16.3989 , -15.431854 , 2.9556155    , -0.72205997 , 0.6794801 , -0.13013873    ,-29.0625 , -26.375 , -12.0625
396728  , 19.57244 , -1.334794 , 4.372132    , -0.97379243 , 0.06641034 , -0.21752776    ,-29.0625 , -26.375 , -12.0625
34057617  , 19.57244 , -1.334794 , 4.372132    , -0.97379243 , 0.06641035 , -0.21752776    ,-39.75 , -7.3125 , -14.5
396729  , 19.57244 , -10.61025 , 6.891896    , -0.83981305 , 0.45526397 , -0.29571706    ,-39.75 , -7.3125 , -14.5
48492431  , 19.57244 , -10.61025 , 6.891896    , -0.8398132 , 0.45526403 , -0.29571712    ,-43.5 , 13.75 , -16.1875
274658  , 19.57244 , -2.6832085 , 13.525005    , -0.8175036 , 0.11207254 , -0.56491387    ,-43.5 , 13.75 , -16.1875
47546386  , 19.57244 , -2.6832085 , 13.525005    , -0.8175035 , 0.11207254 , -0.5649137    ,-41.0 , 27.875 , -18.625
366211  , 19.57244 , -2.6423476 , 6.469665    , -0.9417678 , 0.12714195 , -0.31130117    ,-41.0 , 27.875 , -18.625
31433104  , 19.57244 , -2.6423476 , 6.469665    , -0.94176775 , 0.12714192 , -0.3113011    ,-40.0 , 30.875 , -20.125
396728  , 19.57244 , -7.1234417 , 6.8237944    , -0.8929946 , 0.32500774 , -0.31133628    ,-40.0 , 30.875 , -20.125
38757322  , 19.57244 , -7.1234417 , 6.8237944    , -0.8929947 , 0.3250078 , -0.31133637    ,-40.75 , 24.6875 , -22.3125
366211  , 18.087822 , -6.510526 , 4.9850473    , -0.910781 , 0.32782626 , -0.25101346    ,-40.75 , 24.6875 , -22.3125
51452635  , 18.087822 , -6.510526 , 4.9850473    , -0.9107811 , 0.3278263 , -0.25101346    ,-42.25 , 11.25 , -22.8125
579834  , 11.182305 , -6.6331096 , 2.2609777    , -0.8473532 , 0.50263226 , -0.17132844    ,-42.25 , 11.25 , -22.8125
44464114  , 11.182305 , -6.6331096 , 2.2609777    , -0.8473533 , 0.50263226 , -0.17132841    ,-40.75 , -6.3125 , -20.125
1861572  , 3.214402 , -7.014479 , 0.92618364    , -0.41362473 , 0.9026133 , -0.11917999    ,-40.75 , -6.3125 , -20.125
29815675  , 3.214402 , -7.014479 , 0.92618364    , -0.4136247 , 0.90261334 , -0.11918001    ,-33.875 , -23.6875 , -15.6875
1892090  , -0.08172209 , -6.6331096 , 1.6480621    , 0.011955939 , 0.9704236 , -0.2411114    ,-33.875 , -23.6875 , -15.6875
60455324  , -0.08172209 , -6.6331096 , 1.6480621    , 0.011955939 , 0.9704238 , -0.24111146    ,-23.75 , -36.8125 , -11.0625
305176  , -3.173541 , -6.8237944 , 0.6946377    , 0.41991115 , 0.902899 , -0.09191189    ,-23.75 , -36.8125 , -11.0625
7232667  , -3.173541 , -6.8237944 , 0.6946377    , 0.41991115 , 0.902899 , -0.09191187    ,-10.5625 , -45.5 , -7.125
274658  , -6.0474343 , -10.310603 , 0.9942854    , 0.50418293 , 0.85960925 , -0.08289495    ,-10.5625 , -45.5 , -7.125
39947511  , -6.0474343 , -10.310603 , 0.9942854    , 0.50418293 , 0.8596091 , -0.082894936    ,1.375 , -48.6875 , -4.9375
244141  , -13.252599 , -19.272793 , 5.5571017    , 0.55125767 , 0.80167484 , -0.23115432    ,1.375 , -48.6875 , -4.9375
38452149  , -13.252599 , -19.272793 , 5.5571017    , 0.5512578 , 0.801675 , -0.23115432    ,6.5 , -49.4375 , -2.0
244140  , -5.5162406 , -19.6133 , 2.9147544    , 0.2680168 , 0.9529487 , -0.14161874    ,6.5 , -49.4375 , -2.0
32348632  , -5.5162406 , -19.6133 , 2.9147544    , 0.26801682 , 0.9529486 , -0.14161876    ,1.125 , -48.4375 , 0.6875
213623  , 13.143636 , -19.6133 , 0.8036005    , -0.55637336 , 0.8302358 , -0.03401661    ,1.125 , -48.4375 , 0.6875
36804199  , 13.143636 , -19.6133 , 0.8036005    , -0.55637336 , 0.83023584 , -0.03401661    ,-13.8125 , -41.0 , -0.0625
213623  , 19.531578 , -18.428331 , 8.499097    , -0.6934466 , 0.65427697 , -0.3017508    ,-13.8125 , -41.0 , -0.0625
33050537  , 19.531578 , -18.428331 , 8.499097    , -0.6934465 , 0.654277 , -0.3017508    ,-27.5625 , -22.9375 , -7.875
244141  , 19.57244 , -0.9942854 , 14.47843    , -0.8032739 , 0.040806547 , -0.59421027    ,-27.5625 , -22.9375 , -7.875
36071777  , 19.57244 , -0.9942854 , 14.47843    , -0.8032739 , 0.040806532 , -0.5942103    ,-36.4375 , -1.625 , -16.1875
213623  , 19.57244 , -1.4573772 , 11.141444    , -0.867247 , 0.064575836 , -0.49367297    ,-36.4375 , -1.625 , -16.1875
30059813  , 19.57244 , -1.4573772 , 11.141444    , -0.86724687 , 0.06457579 , -0.49367285    ,-38.4375 , 19.4375 , -23.5625
213623  , 19.463476 , -5.597963 , 19.340895    , -0.6950202 , 0.19989736 , -0.69064295    ,-38.4375 , 19.4375 , -23.5625
28747557  , 19.463476 , -5.597963 , 19.340895    , -0.6950203 , 0.19989738 , -0.6906431    ,-34.125 , 33.0625 , -30.125
244141  , 16.43976 , -4.0180025 , 14.9006605    , -0.72908103 , 0.17819294 , -0.660824    ,-34.125 , 33.0625 , -30.125
42297362  , 16.43976 , -4.0180025 , 14.9006605    , -0.72908074 , 0.17819291 , -0.6608239    ,-32.375 , 36.0625 , -30.875
244141  , 11.413852 , -1.2666923 , 5.8976107    , -0.8841247 , 0.09811886 , -0.45683292    ,-32.375 , 36.0625 , -30.875
36254882  , 11.413852 , -1.2666923 , 5.8976107    , -0.88412476 , 0.09811883 , -0.45683298    ,-30.8125 , 33.8125 , -33.5625
335694  , 8.689782 , -2.2201166 , 6.4424243    , -0.7869099 , 0.20104435 , -0.58339864    ,-30.8125 , 33.8125 , -33.5625
40313722  , 8.689782 , -2.2201166 , 6.4424243    , -0.7869099 , 0.20104432 , -0.5833986    ,-27.8125 , 29.875 , -39.4375
427246  , 6.782933 , -1.9477097 , 5.134871    , -0.777194 , 0.22317015 , -0.5883577    ,-27.8125 , 29.875 , -39.4375
39215089  , 6.782933 , -1.9477097 , 5.134871    , -0.7771939 , 0.22317015 , -0.58835757    ,-23.5 , 24.9375 , -44.0625
488281  , 7.8589406 , -0.9125633 , 7.3958488    , -0.7256472 , 0.0842606 , -0.6828881    ,-23.5 , 24.9375 , -44.0625
39093018  , 7.8589406 , -0.9125633 , 7.3958488    , -0.72564733 , 0.08426063 , -0.6828882    ,-18.9375 , 19.6875 , -48.0
488281  , 5.175732 , 0.10896278 , 7.7363577    , -0.5560121 , -0.011705488 , -0.83109176    ,-18.9375 , 19.6875 , -48.0
39184571  , 5.175732 , 0.10896278 , 7.7363577    , -0.55601215 , -0.011705503 , -0.8310919    ,-15.625 , 16.25 , -50.1875
488281  , 4.7943625 , -0.10896278 , 7.9679036    , -0.5155369 , 0.011716723 , -0.85678726    ,-15.625 , 16.25 , -50.1875
38940430  , 4.7943625 , -0.10896278 , 7.9679036    , -0.51553696 , 0.011716738 , -0.8567873    ,-13.0625 , 12.75 , -50.4375
488281  , 3.445948 , -0.46309182 , 7.1234417    , -0.43472713 , 0.05842182 , -0.8986652    ,-13.0625 , 12.75 , -50.4375
38635254  , 3.445948 , -0.46309182 , 7.1234417    , -0.43472707 , 0.05842185 , -0.8986651    ,-12.3125 , 11.0 , -51.1875
488282  , 4.372132 , 0.7627395 , 9.343558    , -0.42267114 , -0.07373701 , -0.90327847    ,-12.3125 , 11.0 , -51.1875
40924072  , 4.372132 , 0.7627395 , 9.343558    , -0.42267108 , -0.073736995 , -0.90327835    ,-11.3125 , 9.8125 , -51.375
488281  , 3.255263 , 1.6889231 , 6.238119    , -0.44985494 , -0.23339754 , -0.86206514    ,-11.3125 , 9.8125 , -51.375
36407471  , 3.255263 , 1.6889231 , 6.238119    , -0.44985488 , -0.2333975 , -0.86206496    ,-11.3125 , 8.8125 , -51.625
274658  , 4.3312707 , -0.19068487 , 7.3958488    , -0.5052274 , 0.022242725 , -0.8626995    ,-11.3125 , 8.8125 , -51.625
39428710  , 4.3312707 , -0.19068487 , 7.3958488    , -0.5052274 , 0.02224271 , -0.8626995    ,-11.3125 , 8.8125 , -52.125
274658  , 3.990762 , 0.42223078 , 9.275456    , -0.39487618 , -0.04177873 , -0.9177838    ,-11.3125 , 8.8125 , -52.125
97717283  , 3.990762 , 0.42223078 , 9.275456    , -0.39487618 , -0.0417787 , -0.91778386    ,-11.8125 , 9.0625 , -50.9375
7202148  , 3.255263 , 1.334794 , 9.80665    , -0.31244498 , -0.12811548 , -0.9412568    ,-11.8125 , 9.0625 , -50.9375
21179199  , 3.255263 , 1.334794 , 9.80665    , -0.312445 , -0.12811553 , -0.94125694    ,-12.5625 , 8.8125 , -50.4375
457764  , 3.636633 , 0.95342433 , 8.240311    , -0.40150878 , -0.105264455 , -0.90978587    ,-12.5625 , 8.8125 , -50.4375
