75823170  , -0.14982383 , -0.50395286 , 9.888372    , 0.0 , 0.0 , -1.0    ,22.5625 , 10.1875 , -25.625
274390  , -0.14982383 , -0.50395286 , 9.888372    , 0.0 , 0.0 , -1.0    ,22.3125 , 10.4375 , -25.375
34908537  , -0.14982383 , -0.53119355 , 9.915613    , 0.0 , 0.0 , -1.0    ,22.3125 , 10.4375 , -25.375
304878  , -0.14982383 , -0.53119355 , 9.915613    , 0.0 , 0.0 , -1.0    ,22.5625 , 10.4375 , -25.375
46280488  , -0.19068487 , -0.53119355 , 9.847511    , 0.0 , 0.0 , -1.0    ,22.5625 , 10.4375 , -25.375
243903  , -0.19068487 , -0.53119355 , 9.847511    , 0.0 , 0.0 , -1.0    ,22.0625 , 9.9375 , -25.625
40365854  , -0.23154591 , -0.53119355 , 9.888372    , 0.0 , 0.0 , -1.0    ,22.0625 , 9.9375 , -25.625
243902  , -0.23154591 , -0.53119355 , 9.888372    , 0.0 , 0.0 , -1.0    ,21.5625 , 9.6875 , -26.375
41371951  , -0.19068487 , -0.53119355 , 9.888372    , 0.0 , 0.0 , -1.0    ,21.5625 , 9.6875 , -26.375
213415  , -0.19068487 , -0.53119355 , 9.888372    , 0.0 , 0.0 , -1.0    ,21.3125 , 9.6875 , -26.125
52500000  , -0.10896278 , -0.5720546 , 9.888372    , 0.0 , 0.0 , -1.0    ,21.3125 , 9.6875 , -26.125
4664634  , -0.10896278 , -0.5720546 , 9.888372    , 0.0 , 0.0 , -1.0    ,21.3125 , 9.6875 , -25.875
274390  , -0.14982383 , -0.5720546 , 9.847511    , 0.0 , 0.0 , -1.0    ,21.3125 , 9.6875 , -25.875
182927  , -0.14982383 , -0.5720546 , 9.847511    , 0.0 , 0.0 , -1.0    ,21.5625 , 9.4375 , -25.625
50060976  , -0.10896278 , -0.61291564 , 9.80665    , 0.0 , 0.0 , -1.0    ,21.5625 , 9.4375 , -25.625
213415  , -0.10896278 , -0.61291564 , 9.80665    , 0.0 , 0.0 , -1.0    ,21.8125 , 9.1875 , -25.375
44054878  , -0.19068487 , -0.5720546 , 9.888372    , 0.0 , 0.0 , -1.0    ,21.8125 , 9.1875 , -25.375
213414  , -0.19068487 , -0.5720546 , 9.888372    , 0.0 , 0.0 , -1.0    ,21.8125 , 9.1875 , -25.625
70121951  , -0.14982383 , -0.5720546 , 9.888372    , 0.0 , 0.0 , -1.0    ,21.8125 , 9.1875 , -25.625
213415  , -0.14982383 , -0.5720546 , 9.888372    , 0.0 , 0.0 , -1.0    ,22.0625 , 9.6875 , -25.875
5640244  , -0.19068487 , -0.53119355 , 9.915613    , 0.0 , 0.0 , -1.0    ,22.0625 , 9.6875 , -25.875
243903  , -0.19068487 , -0.53119355 , 9.915613    , 0.0 , 0.0 , -1.0    ,22.3125 , 9.1875 , -25.625
50823170  , -0.23154591 , -0.53119355 , 9.997335    , 0.0 , 0.0 , -1.0    ,22.3125 , 9.1875 , -25.625
213414  , -0.23154591 , -0.53119355 , 9.997335    , 0.0 , 0.0 , -1.0    ,22.5625 , 8.9375 , -25.625
44420731  , -0.10896278 , -0.53119355 , 9.888372    , 0.0 , 0.0 , -1.0    ,22.5625 , 8.9375 , -25.625
8292683  , -0.10896278 , -0.53119355 , 9.888372    , 0.0 , 0.0 , -1.0    ,22.5625 , 8.9375 , -25.125
12256098  , -0.10896278 , -0.5720546 , 9.847511    , 0.0 , 0.0 , -1.0    ,22.5625 , 8.9375 , -25.125
213415  , -0.10896278 , -0.5720546 , 9.847511    , 0.0 , 0.0 , -1.0    ,22.3125 , 9.1875 , -25.125
59908536  , -0.23154591 , -0.50395286 , 9.997335    , 0.0 , 0.0 , -1.0    ,22.3125 , 9.1875 , -25.125
1402439  , -0.23154591 , -0.50395286 , 9.997335    , 0.0 , 0.0 , -1.0    ,22.3125 , 9.9375 , -24.875
26707317  , -0.27240697 , -0.53119355 , 10.119919    , 0.0 , 0.0 , -1.0    ,22.3125 , 9.9375 , -24.875
243902  , -0.27240697 , -0.53119355 , 10.119919    , 0.0 , 0.0 , -1.0    ,22.0625 , 10.1875 , -24.875
30335365  , -0.3405087 , -0.46309182 , 10.228881    , 0.0 , 0.0 , -1.0    ,22.0625 , 10.1875 , -24.875
396341  , -0.3405087 , -0.46309182 , 10.228881    , 0.0 , 0.0 , -1.0    ,22.0625 , 10.4375 , -25.625
36128049  , -0.38136974 , -0.29964766 , 10.419566    , 0.0 , 0.0 , -1.0    ,22.0625 , 10.4375 , -25.625
274391  , -0.38136974 , -0.29964766 , 10.419566    , 0.0 , 0.0 , -1.0    ,22.3125 , 10.4375 , -25.375
67560976  , -0.23154591 , -0.42223078 , 10.269742    , 0.0 , 0.0 , -1.0    ,22.3125 , 10.4375 , -25.375
213414  , -0.23154591 , -0.42223078 , 10.269742    , 0.0 , 0.0 , -1.0    ,22.3125 , 10.1875 , -25.375
32378049  , -0.61291564 , -0.38136974 , 10.337844    , 0.0 , 0.0 , -1.0    ,22.3125 , 10.1875 , -25.375
213415  , -0.61291564 , -0.38136974 , 10.337844    , 0.0 , 0.0 , -1.0    ,22.8125 , 10.1875 , -25.125
53963414  , -0.61291564 , -0.46309182 , 10.460427    , 0.0 , 0.0 , -1.0    ,22.8125 , 10.1875 , -25.125
487805  , -0.61291564 , -0.46309182 , 10.460427    , 0.0 , 0.0 , -1.0    ,23.125 , 9.9375 , -24.375
41280487  , -0.53119355 , -0.50395286 , 10.691973    , 0.0 , 0.0 , -1.0    ,23.125 , 9.9375 , -24.375
213414  , -0.53119355 , -0.50395286 , 10.691973    , 0.0 , 0.0 , -1.0    ,23.375 , 9.9375 , -24.625
34756098  , -0.7627395 , -0.46309182 , 11.536434    , 0.0 , 0.0 , -1.0    ,23.375 , 9.9375 , -24.625
213414  , -0.7627395 , -0.46309182 , 11.536434    , 0.0 , 0.0 , -1.0    ,23.375 , 10.4375 , -24.375
213415  , -0.46309182 , -0.38136974 , 11.727119    , 0.0 , 0.0 , -1.0    ,23.375 , 10.4375 , -24.375
182927  , -0.46309182 , -0.38136974 , 11.727119    , 0.0 , 0.0 , -1.0    ,23.375 , 10.6875 , -24.125
62865854  , -0.3405087 , -0.29964766 , 11.727119    , 0.0 , 0.0 , -1.0    ,23.375 , 10.6875 , -24.125
274390  , -0.3405087 , -0.29964766 , 11.727119    , 0.0 , 0.0 , -1.0    ,23.375 , 10.4375 , -24.375
213414  , -0.42223078 , -0.5720546 , 11.536434    , 0.0 , 0.0 , -1.0    ,23.375 , 10.4375 , -24.375
182927  , -0.42223078 , -0.5720546 , 11.536434    , 0.0 , 0.0 , -1.0    ,23.375 , 10.1875 , -24.875
53231708  , -0.29964766 , -0.3405087 , 10.991621    , 0.0 , 0.0 , -1.0    ,23.375 , 10.1875 , -24.875
304878  , -0.29964766 , -0.3405087 , 10.991621    , 0.0 , 0.0 , -1.0    ,23.375 , 9.6875 , -25.875
49085366  , -0.42223078 , -0.19068487 , 10.841797    , 0.0 , 0.0 , -1.0    ,23.375 , 9.6875 , -25.875
274391  , -0.42223078 , -0.19068487 , 10.841797    , 0.0 , 0.0 , -1.0    ,23.125 , 9.1875 , -26.375
213415  , -0.29964766 , -0.23154591 , 10.882658    , 0.0 , 0.0 , -1.0    ,23.125 , 9.1875 , -26.375
1310976  , -0.29964766 , -0.23154591 , 10.882658    , 0.0 , 0.0 , -1.0    ,22.5625 , 8.9375 , -27.0625
37134146  , -0.42223078 , -0.46309182 , 10.841797    , 0.0 , 0.0 , -1.0    ,22.5625 , 8.9375 , -27.0625
213415  , -0.42223078 , -0.46309182 , 10.841797    , 0.0 , 0.0 , -1.0    ,21.8125 , 8.4375 , -27.0625
39085366  , -0.19068487 , -0.42223078 , 10.760075    , 0.0 , 0.0 , -1.0    ,21.8125 , 8.4375 , -27.0625
213415  , -0.19068487 , -0.42223078 , 10.760075    , 0.0 , 0.0 , -1.0    ,21.0625 , 7.9375 , -27.3125
40213415  , -0.6537767 , -0.50395286 , 10.760075    , 0.0 , 0.0 , -1.0    ,21.0625 , 7.9375 , -27.3125
213414  , -0.6537767 , -0.50395286 , 10.760075    , 0.0 , 0.0 , -1.0    ,20.5625 , 7.6875 , -28.0625
39054878  , -0.84446156 , -0.42223078 , 10.501288    , 0.0 , 0.0 , -1.0    ,20.5625 , 7.6875 , -28.0625
213415  , -0.84446156 , -0.42223078 , 10.501288    , 0.0 , 0.0 , -1.0    ,20.5625 , 8.1875 , -28.5625
38536586  , -0.8036005 , -0.19068487 , 9.466142    , 0.0 , 0.0 , -1.0    ,20.5625 , 8.1875 , -28.5625
182926  , -0.8036005 , -0.19068487 , 9.466142    , 0.0 , 0.0 , -1.0    ,20.3125 , 7.9375 , -29.5
29542683  , -0.10896278 , -0.27240697 , 9.00305    , 0.0 , 0.0 , -1.0    ,20.3125 , 7.9375 , -29.5
243902  , -0.10896278 , -0.27240697 , 9.00305    , 0.0 , 0.0 , -1.0    ,20.5625 , 7.6875 , -30.0
40670731  , -0.10896278 , -0.19068487 , 8.853226    , 0.0 , 0.0 , -1.0    ,20.5625 , 7.6875 , -30.0
213415  , -0.10896278 , -0.19068487 , 8.853226    , 0.0 , 0.0 , -1.0    ,19.8125 , 7.1875 , -31.5
39756098  , -0.23154591 , -0.23154591 , 8.580819    , 0.0 , 0.0 , -1.0    ,19.8125 , 7.1875 , -31.5
213414  , -0.23154591 , -0.23154591 , 8.580819    , 0.0 , 0.0 , -1.0    ,19.0625 , 6.4375 , -32.1875
39847561  , -0.040861044 , -0.08172209 , 8.580819    , 0.0 , 0.0 , -1.0    ,19.0625 , 6.4375 , -32.1875
213415  , -0.040861044 , -0.08172209 , 8.580819    , 0.0 , 0.0 , -1.0    ,19.0625 , 6.1875 , -32.4375
37835366  , -0.0 , -0.040861044 , 8.19945    , 0.0 , 0.0 , -1.0    ,19.0625 , 6.1875 , -32.4375
213415  , -0.0 , -0.040861044 , 8.19945    , 0.0 , 0.0 , -1.0    ,18.0 , 5.6875 , -32.9375
39298780  , -0.10896278 , 0.23154591 , 8.049625    , 0.0 , 0.0 , -1.0    ,18.0 , 5.6875 , -32.9375
243903  , -0.10896278 , 0.23154591 , 8.049625    , 0.0 , 0.0 , -1.0    ,18.25 , 5.1875 , -32.9375
40030487  , -0.0 , 0.3405087 , 7.6273947    , 0.0 , 0.0 , -1.0    ,18.25 , 5.1875 , -32.9375
304878  , -0.0 , 0.3405087 , 7.6273947    , 0.0 , 0.0 , -1.0    ,18.25 , 3.9375 , -32.9375
38902439  , 0.10896278 , 0.53119355 , 6.973618    , 0.0 , 0.0 , -1.0    ,18.25 , 3.9375 , -32.9375
304878  , 0.10896278 , 0.53119355 , 6.973618    , 0.0 , 0.0 , -1.0    ,17.5 , 3.5 , -33.1875
39695122  , -0.0 , 0.53119355 , 6.851035    , 0.0 , 0.0 , -1.0    ,17.5 , 3.5 , -33.1875
274390  , -0.0 , 0.53119355 , 6.851035    , 0.0 , 0.0 , -1.0    ,17.25 , 3.25 , -33.4375
39024390  , -0.14982383 , 0.6946377 , 6.3607025    , 0.0 , 0.0 , -1.0    ,17.25 , 3.25 , -33.4375
304878  , -0.14982383 , 0.6946377 , 6.3607025    , 0.0 , 0.0 , -1.0    ,16.5 , 3.25 , -33.4375
39908537  , -0.10896278 , 0.8036005 , 6.469665    , 0.0 , 0.0 , -1.0    ,16.5 , 3.25 , -33.4375
335365  , -0.10896278 , 0.8036005 , 6.469665    , 0.0 , 0.0 , -1.0    ,15.75 , 3.9375 , -33.9375
39939025  , -0.14982383 , 0.6946377 , 6.701211    , 0.0 , 0.0 , -1.0    ,15.75 , 3.9375 , -33.9375
213415  , -0.14982383 , 0.6946377 , 6.701211    , 0.0 , 0.0 , -1.0    ,15.75 , 4.1875 , -33.6875
38201220  , -0.040861044 , 0.6946377 , 7.4639506    , 0.0 , 0.0 , -1.0    ,15.75 , 4.1875 , -33.6875
243902  , -0.040861044 , 0.6946377 , 7.4639506    , 0.0 , 0.0 , -1.0    ,15.75 , 3.6875 , -33.4375
39878049  , 0.46309182 , 0.5720546 , 7.504812    , 0.0 , 0.0 , -1.0    ,15.75 , 3.6875 , -33.4375
243903  , 0.46309182 , 0.5720546 , 7.504812    , 0.0 , 0.0 , -1.0    ,15.75 , 3.6875 , -32.9375
39268292  , 0.10896278 , 0.42223078 , 8.281172    , 0.0 , 0.0 , -1.0    ,15.75 , 3.6875 , -32.9375
304878  , 0.10896278 , 0.42223078 , 8.281172    , 0.0 , 0.0 , -1.0    ,15.75 , 3.0 , -32.6875
69359756  , -0.0 , 0.42223078 , 8.390134    , 0.0 , 0.0 , -1.0    ,15.75 , 3.0 , -32.6875
213414  , -0.0 , 0.42223078 , 8.390134    , 0.0 , 0.0 , -1.0    ,15.75 , 2.5 , -32.1875
56981708  , 0.42223078 , 0.0 , 8.580819    , 0.0 , 0.0 , -1.0    ,15.75 , 2.5 , -32.1875
213415  , 0.42223078 , 0.0 , 8.580819    , 0.0 , 0.0 , -1.0    ,16.0 , 2.75 , -32.1875
29268292  , -0.08172209 , 0.38136974 , 9.915613    , 0.0 , 0.0 , -1.0    ,16.0 , 2.75 , -32.1875
1920732  , -0.08172209 , 0.38136974 , 9.915613    , 0.0 , 0.0 , -1.0    ,16.5 , 2.75 , -31.75
21128048  , 0.08172209 , 0.50395286 , 9.615966    , 0.0 , 0.0 , -1.0    ,16.5 , 2.75 , -31.75
213414  , 0.08172209 , 0.50395286 , 9.615966    , 0.0 , 0.0 , -1.0    ,16.75 , 3.5 , -31.0
48780488  , 0.10896278 , 0.61291564 , 9.915613    , 0.0 , 0.0 , -1.0    ,16.75 , 3.5 , -31.0
274390  , 0.10896278 , 0.61291564 , 9.915613    , 0.0 , 0.0 , -1.0    ,17.75 , 3.9375 , -31.0
19176829  , -0.6537767 , 0.14982383 , 11.141444    , 0.0 , 0.0 , -1.0    ,17.75 , 3.9375 , -31.0
213415  , -0.6537767 , 0.14982383 , 11.141444    , 0.0 , 0.0 , -1.0    ,18.5 , 4.4375 , -29.75
49695122  , -0.23154591 , -0.08172209 , 11.114203    , 0.0 , 0.0 , -1.0    ,18.5 , 4.4375 , -29.75
243903  , -0.23154591 , -0.08172209 , 11.114203    , 0.0 , 0.0 , -1.0    ,19.5625 , 4.9375 , -29.0625
38292683  , 0.10896278 , -0.38136974 , 11.372991    , 0.0 , 0.0 , -1.0    ,19.5625 , 4.9375 , -29.0625
213415  , 0.10896278 , -0.38136974 , 11.372991    , 0.0 , 0.0 , -1.0    ,20.3125 , 5.4375 , -28.3125
14390245  , -0.23154591 , -0.6946377 , 10.882658    , 0.0 , 0.0 , -1.0    ,20.3125 , 5.4375 , -28.3125
213415  , -0.23154591 , -0.6946377 , 10.882658    , 0.0 , 0.0 , -1.0    ,20.3125 , 6.1875 , -27.0625
33567073  , -0.7218784 , -0.42223078 , 11.75436    , 0.0 , 0.0 , -1.0    ,20.3125 , 6.1875 , -27.0625
213415  , -0.7218784 , -0.42223078 , 11.75436    , 0.0 , 0.0 , -1.0    ,20.8125 , 7.1875 , -26.5625
38475610  , -0.5720546 , -0.9125633 , 11.182305    , 0.0 , 0.0 , -1.0    ,20.8125 , 7.1875 , -26.5625
213414  , -0.5720546 , -0.9125633 , 11.182305    , 0.0 , 0.0 , -1.0    ,20.8125 , 7.9375 , -25.875
40091463  , -0.5720546 , -1.1168685 , 11.985906    , 0.0 , 0.0 , -1.0    ,20.8125 , 7.9375 , -25.875
213415  , -0.5720546 , -1.1168685 , 11.985906    , 0.0 , 0.0 , -1.0    ,21.5625 , 8.6875 , -24.625
39908537  , -0.6946377 , -1.2666923 , 11.604536    , 0.0 , 0.0 , -1.0    ,21.5625 , 8.6875 , -24.625
213414  , -0.6946377 , -1.2666923 , 11.604536    , 0.0 , 0.0 , -1.0    ,22.0625 , 9.1875 , -23.625
39268292  , -0.9942854 , -0.9125633 , 12.258313    , 0.0 , 0.0 , -1.0    ,22.0625 , 9.1875 , -23.625
213415  , -0.9942854 , -0.9125633 , 12.258313    , 0.0 , 0.0 , -1.0    ,22.5625 , 9.6875 , -22.6875
38780488  , -1.1168685 , -0.95342433 , 12.4489975    , 0.0 , 0.0 , -1.0    ,22.5625 , 9.6875 , -22.6875
213414  , -1.1168685 , -0.95342433 , 12.4489975    , 0.0 , 0.0 , -1.0    ,23.125 , 10.1875 , -21.6875
39756097  , -1.1441092 , -1.0351465 , 12.912089    , 0.0 , 0.0 , -1.0    ,23.125 , 10.1875 , -21.6875
213415  , -1.1441092 , -1.0351465 , 12.912089    , 0.0 , 0.0 , -1.0    ,23.125 , 10.6875 , -21.6875
38902440  , -0.9942854 , -1.0351465 , 12.571581    , 0.0 , 0.0 , -1.0    ,23.125 , 10.6875 , -21.6875
274390  , -0.9942854 , -1.0351465 , 12.571581    , 0.0 , 0.0 , -1.0    ,23.375 , 10.6875 , -21.6875
39481707  , -0.6537767 , -0.7627395 , 12.14935    , 0.0 , 0.0 , -1.0    ,23.375 , 10.6875 , -21.6875
213414  , -0.6537767 , -0.7627395 , 12.14935    , 0.0 , 0.0 , -1.0    ,23.375 , 10.875 , -21.4375
30060976  , -0.7218784 , -0.9125633 , 12.026767    , 0.0 , 0.0 , -1.0    ,23.375 , 10.875 , -21.4375
213415  , -0.7218784 , -0.9125633 , 12.026767    , 0.0 , 0.0 , -1.0    ,23.375 , 10.875 , -21.9375
40274390  , -0.9125633 , -0.95342433 , 12.067628    , 0.0 , 0.0 , -1.0    ,23.375 , 10.875 , -21.9375
213415  , -0.9125633 , -0.95342433 , 12.067628    , 0.0 , 0.0 , -1.0    ,23.375 , 10.6875 , -21.6875
38231708  , -1.0351465 , -0.84446156 , 11.958665    , 0.0 , 0.0 , -1.0    ,23.375 , 10.6875 , -21.6875
213415  , -1.0351465 , -0.84446156 , 11.958665    , 0.0 , 0.0 , -1.0    ,23.125 , 10.875 , -22.1875
30030488  , -1.0760075 , -0.95342433 , 11.727119    , 0.0 , 0.0 , -1.0    ,23.125 , 10.875 , -22.1875
213414  , -1.0760075 , -0.95342433 , 11.727119    , 0.0 , 0.0 , -1.0    ,22.8125 , 10.6875 , -22.6875
39298780  , -1.2258313 , -0.88532263 , 11.34575    , 0.0 , 0.0 , -1.0    ,22.8125 , 10.6875 , -22.6875
213414  , -1.2258313 , -0.88532263 , 11.34575    , 0.0 , 0.0 , -1.0    ,22.5625 , 10.1875 , -23.1875
39329269  , -1.0351465 , -0.7218784 , 11.032481    , 0.0 , 0.0 , -1.0    ,22.5625 , 10.1875 , -23.1875
182927  , -1.0351465 , -0.7218784 , 11.032481    , 0.0 , 0.0 , -1.0    ,22.5625 , 9.6875 , -23.875
39634146  , -0.95342433 , -0.29964766 , 10.800936    , 0.0 , 0.0 , -1.0    ,22.5625 , 9.6875 , -23.875
335366  , -0.95342433 , -0.29964766 , 10.800936    , 0.0 , 0.0 , -1.0    ,22.5625 , 8.6875 , -24.375
41250000  , -0.84446156 , -0.29964766 , 9.765789    , 0.0 , 0.0 , -1.0    ,22.5625 , 8.6875 , -24.375
365854  , -0.84446156 , -0.29964766 , 9.765789    , 0.0 , 0.0 , -1.0    ,22.3125 , 7.9375 , -25.375
38323171  , -1.1168685 , -0.10896278 , 9.656827    , 0.0 , 0.0 , -1.0    ,22.3125 , 7.9375 , -25.375
213415  , -1.1168685 , -0.10896278 , 9.656827    , 0.0 , 0.0 , -1.0    ,22.0625 , 7.1875 , -25.875
38079269  , -0.9942854 , -0.040861044 , 9.302697    , 0.0 , 0.0 , -1.0    ,22.0625 , 7.1875 , -25.875
274390  , -0.9942854 , -0.040861044 , 9.302697    , 0.0 , 0.0 , -1.0    ,21.8125 , 6.4375 , -26.5625
39542682  , -0.7218784 , 0.08172209 , 8.853226    , 0.0 , 0.0 , -1.0    ,21.8125 , 6.4375 , -26.5625
243903  , -0.7218784 , 0.08172209 , 8.853226    , 0.0 , 0.0 , -1.0    ,21.3125 , 6.1875 , -27.3125
39573171  , -0.95342433 , 0.10896278 , 8.539958    , 0.0 , 0.0 , -1.0    ,21.3125 , 6.1875 , -27.3125
304878  , -0.95342433 , 0.10896278 , 8.539958    , 0.0 , 0.0 , -1.0    ,21.0625 , 5.4375 , -28.0625
39603658  , -0.8036005 , 0.3405087 , 8.158588    , 0.0 , 0.0 , -1.0    ,21.0625 , 5.4375 , -28.0625
335365  , -0.8036005 , 0.3405087 , 8.158588    , 0.0 , 0.0 , -1.0    ,20.5625 , 5.1875 , -29.0625
39542683  , -0.5720546 , 0.5720546 , 7.7772183    , 0.0 , 0.0 , -1.0    ,20.5625 , 5.1875 , -29.0625
426829  , -0.5720546 , 0.5720546 , 7.7772183    , 0.0 , 0.0 , -1.0    ,20.0625 , 4.9375 , -29.5
38414634  , -0.53119355 , 0.5720546 , 7.3958488    , 0.0 , 0.0 , -1.0    ,20.0625 , 4.9375 , -29.5
243902  , -0.53119355 , 0.5720546 , 7.3958488    , 0.0 , 0.0 , -1.0    ,20.0625 , 4.4375 , -30.25
39512195  , -0.29964766 , 0.6537767 , 7.1234417    , 0.0 , 0.0 , -1.0    ,20.0625 , 4.4375 , -30.25
243902  , -0.29964766 , 0.6537767 , 7.1234417    , 0.0 , 0.0 , -1.0    ,19.5625 , 3.9375 , -30.25
39481708  , -0.10896278 , 0.6537767 , 7.273266    , 0.0 , 0.0 , -1.0    ,19.5625 , 3.9375 , -30.25
243902  , -0.10896278 , 0.6537767 , 7.273266    , 0.0 , 0.0 , -1.0    ,18.75 , 3.6875 , -30.25
39512195  , 0.040861044 , 0.7218784 , 7.246025    , 0.0 , 0.0 , -1.0    ,18.75 , 3.6875 , -30.25
243903  , 0.040861044 , 0.7218784 , 7.246025    , 0.0 , 0.0 , -1.0    ,18.0 , 3.5 , -30.5
39573171  , 0.10896278 , 0.61291564 , 6.891896    , 0.0 , 0.0 , -1.0    ,18.0 , 3.5 , -30.5
274390  , 0.10896278 , 0.61291564 , 6.891896    , 0.0 , 0.0 , -1.0    ,17.0 , 3.5 , -30.25
40365854  , 0.23154591 , 0.95342433 , 6.742072    , 0.0 , 0.0 , -1.0    ,17.0 , 3.5 , -30.25
304878  , 0.23154591 , 0.95342433 , 6.742072    , 0.0 , 0.0 , -1.0    ,16.5 , 3.6875 , -30.25
38475610  , 0.040861044 , 0.7218784 , 7.082581    , 0.0 , 0.0 , -1.0    ,16.5 , 3.6875 , -30.25
39695122  , -0.08172209 , 0.88532263 , 7.3958488    , 0.0 , 0.0 , -1.0    ,16.5 , 3.6875 , -30.25
304878  , -0.08172209 , 0.88532263 , 7.3958488    , 0.0 , 0.0 , -1.0    ,16.75 , 3.6875 , -30.0
41981707  , -0.23154591 , 0.6537767 , 7.246025    , 0.0 , 0.0 , -1.0    ,16.75 , 3.6875 , -30.0
426829  , -0.23154591 , 0.6537767 , 7.246025    , 0.0 , 0.0 , -1.0    ,17.0 , 3.5 , -29.75
36798781  , -0.38136974 , 0.23154591 , 8.471856    , 0.0 , 0.0 , -1.0    ,17.0 , 3.5 , -29.75
182926  , -0.38136974 , 0.23154591 , 8.471856    , 0.0 , 0.0 , -1.0    ,17.5 , 3.25 , -29.25
29603658  , -0.0 , 0.14982383 , 9.615966    , 0.0 , 0.0 , -1.0    ,17.5 , 3.25 , -29.25
243903  , -0.0 , 0.14982383 , 9.615966    , 0.0 , 0.0 , -1.0    ,17.75 , 3.25 , -28.5625
38750000  , -0.10896278 , -0.08172209 , 9.234595    , 0.0 , 0.0 , -1.0    ,17.75 , 3.25 , -28.5625
243903  , -0.10896278 , -0.08172209 , 9.234595    , 0.0 , 0.0 , -1.0    ,17.75 , 3.5 , -27.8125
39573170  , -0.38136974 , -0.19068487 , 9.615966    , 0.0 , 0.0 , -1.0    ,17.75 , 3.5 , -27.8125
243902  , -0.38136974 , -0.19068487 , 9.615966    , 0.0 , 0.0 , -1.0    ,17.75 , 3.9375 , -27.5625
39664634  , 0.08172209 , -0.42223078 , 9.915613    , 0.0 , 0.0 , -1.0    ,17.75 , 3.9375 , -27.5625
335366  , 0.08172209 , -0.42223078 , 9.915613    , 0.0 , 0.0 , -1.0    ,18.0 , 4.1875 , -27.0625
39725609  , 0.313268 , -0.27240697 , 10.18802    , 0.0 , 0.0 , -1.0    ,18.0 , 4.1875 , -27.0625
365854  , 0.313268 , -0.27240697 , 10.18802    , 0.0 , 0.0 , -1.0    ,18.5 , 4.4375 , -26.5625
40731708  , -0.53119355 , -0.14982383 , 10.147159    , 0.0 , 0.0 , -1.0    ,18.5 , 4.4375 , -26.5625
365854  , -0.53119355 , -0.14982383 , 10.147159    , 0.0 , 0.0 , -1.0    ,19.3125 , 4.4375 , -26.125
37408537  , -0.19068487 , -0.27240697 , 10.119919    , 0.0 , 0.0 , -1.0    ,19.3125 , 4.4375 , -26.125
274391  , -0.19068487 , -0.27240697 , 10.119919    , 0.0 , 0.0 , -1.0    ,20.3125 , 4.9375 , -24.875
39268293  , -0.8036005 , -0.27240697 , 10.61025    , 0.0 , 0.0 , -1.0    ,20.3125 , 4.9375 , -24.875
274390  , -0.8036005 , -0.27240697 , 10.61025    , 0.0 , 0.0 , -1.0    ,20.5625 , 5.1875 , -23.875
39603659  , -0.95342433 , -0.10896278 , 11.114203    , 0.0 , 0.0 , -1.0    ,20.5625 , 5.1875 , -23.875
304878  , -0.95342433 , -0.10896278 , 11.114203    , 0.0 , 0.0 , -1.0    ,20.8125 , 5.4375 , -22.4375
41067073  , -0.9125633 , -0.42223078 , 10.923519    , 0.0 , 0.0 , -1.0    ,20.8125 , 5.4375 , -22.4375
274390  , -0.9125633 , -0.42223078 , 10.923519    , 0.0 , 0.0 , -1.0    ,21.3125 , 6.4375 , -21.4375
37286585  , -1.2258313 , -0.08172209 , 11.75436    , 0.0 , 0.0 , -1.0    ,21.3125 , 6.4375 , -21.4375
243902  , -1.2258313 , -0.08172209 , 11.75436    , 0.0 , 0.0 , -1.0    ,21.5625 , 6.6875 , -20.75
40000000  , -1.0760075 , -0.23154591 , 11.563675    , 0.0 , 0.0 , -1.0    ,21.5625 , 6.6875 , -20.75
304878  , -1.0760075 , -0.23154591 , 11.563675    , 0.0 , 0.0 , -1.0    ,22.3125 , 7.6875 , -19.75
41646341  , -0.8036005 , -0.53119355 , 11.985906    , 0.0 , 0.0 , -1.0    ,22.3125 , 7.6875 , -19.75
304878  , -0.8036005 , -0.53119355 , 11.985906    , 0.0 , 0.0 , -1.0    ,23.375 , 8.6875 , -19.25
36554878  , -1.3075534 , -0.53119355 , 12.108489    , 0.0 , 0.0 , -1.0    ,23.375 , 8.6875 , -19.25
274390  , -1.3075534 , -0.53119355 , 12.108489    , 0.0 , 0.0 , -1.0    ,23.875 , 8.6875 , -18.25
40335366  , -1.3075534 , -0.6946377 , 12.489859    , 0.0 , 0.0 , -1.0    ,23.875 , 8.6875 , -18.25
213415  , -1.3075534 , -0.6946377 , 12.489859    , 0.0 , 0.0 , -1.0    ,23.875 , 8.9375 , -17.8125
39573171  , -0.88532263 , -0.50395286 , 12.299174    , 0.0 , 0.0 , -1.0    ,23.875 , 8.9375 , -17.8125
213415  , -0.88532263 , -0.50395286 , 12.299174    , 0.0 , 0.0 , -1.0    ,23.875 , 9.1875 , -17.5625
37804878  , -0.9125633 , -0.84446156 , 12.217452    , 0.0 , 0.0 , -1.0    ,23.875 , 9.1875 , -17.5625
213415  , -0.9125633 , -0.84446156 , 12.217452    , 0.0 , 0.0 , -1.0    ,23.875 , 9.1875 , -17.3125
32195122  , -1.0760075 , -0.95342433 , 11.75436    , 0.0 , 0.0 , -1.0    ,23.875 , 9.1875 , -17.3125
243903  , -1.0760075 , -0.95342433 , 11.75436    , 0.0 , 0.0 , -1.0    ,23.625 , 8.9375 , -17.0625
37743903  , -1.3756552 , -0.88532263 , 12.217452    , 0.0 , 0.0 , -1.0    ,23.625 , 8.9375 , -17.0625
243902  , -1.3756552 , -0.88532263 , 12.217452    , 0.0 , 0.0 , -1.0    ,23.875 , 9.1875 , -16.5625
39786585  , -1.1168685 , -0.8036005 , 12.340035    , 0.0 , 0.0 , -1.0    ,23.875 , 9.1875 , -16.5625
335366  , -1.1168685 , -0.8036005 , 12.340035    , 0.0 , 0.0 , -1.0    ,24.125 , 8.9375 , -16.8125
39359756  , -0.84446156 , -0.9942854 , 11.876944    , 0.0 , 0.0 , -1.0    ,24.125 , 8.9375 , -16.8125
304878  , -0.84446156 , -0.9942854 , 11.876944    , 0.0 , 0.0 , -1.0    ,23.625 , 8.6875 , -17.3125
39542683  , -1.56634 , -0.61291564 , 11.958665    , 0.0 , 0.0 , -1.0    ,23.625 , 8.6875 , -17.3125
365854  , -1.56634 , -0.61291564 , 11.958665    , 0.0 , 0.0 , -1.0    ,23.375 , 8.6875 , -18.0625
30731708  , -1.6480621 , -0.7627395 , 11.114203    , 0.0 , 0.0 , -1.0    ,23.375 , 8.6875 , -18.0625
213414  , -1.6480621 , -0.7627395 , 11.114203    , 0.0 , 0.0 , -1.0    ,22.8125 , 8.1875 , -18.5
37560975  , -1.1168685 , -0.53119355 , 10.760075    , 0.0 , 0.0 , -1.0    ,22.8125 , 8.1875 , -18.5
213415  , -1.1168685 , -0.53119355 , 10.760075    , 0.0 , 0.0 , -1.0    ,22.5625 , 7.6875 , -19.25
39451220  , -0.7218784 , -0.46309182 , 10.378705    , 0.0 , 0.0 , -1.0    ,22.5625 , 7.6875 , -19.25
243902  , -0.7218784 , -0.46309182 , 10.378705    , 0.0 , 0.0 , -1.0    ,22.5625 , 7.1875 , -19.5
39603659  , -0.95342433 , -0.5720546 , 10.310603    , 0.0 , 0.0 , -1.0    ,22.5625 , 7.1875 , -19.5
304878  , -0.95342433 , -0.5720546 , 10.310603    , 0.0 , 0.0 , -1.0    ,22.3125 , 7.1875 , -20.25
41189024  , -0.9942854 , -0.19068487 , 10.651112    , 0.0 , 0.0 , -1.0    ,22.3125 , 7.1875 , -20.25
396342  , -0.9942854 , -0.19068487 , 10.651112    , 0.0 , 0.0 , -1.0    ,22.3125 , 6.1875 , -20.25
38262195  , -0.7627395 , 0.0 , 9.425281    , 0.0 , 0.0 , -1.0    ,22.3125 , 6.1875 , -20.25
213415  , -0.7627395 , 0.0 , 9.425281    , 0.0 , 0.0 , -1.0    ,22.0625 , 5.6875 , -20.25
38506097  , -1.4165162 , 0.23154591 , 9.534244    , 0.0 , 0.0 , -1.0    ,22.0625 , 5.6875 , -20.25
274390  , -1.4165162 , 0.23154591 , 9.534244    , 0.0 , 0.0 , -1.0    ,21.5625 , 4.9375 , -21.1875
39481708  , -1.334794 , 0.53119355 , 9.00305    , 0.0 , 0.0 , -1.0    ,21.5625 , 4.9375 , -21.1875
243903  , -1.334794 , 0.53119355 , 9.00305    , 0.0 , 0.0 , -1.0    ,21.5625 , 3.9375 , -21.9375
42378049  , -0.9942854 , 0.5720546 , 9.043911    , 0.0 , 0.0 , -1.0    ,21.5625 , 3.9375 , -21.9375
304878  , -0.9942854 , 0.5720546 , 9.043911    , 0.0 , 0.0 , -1.0    ,21.3125 , 3.6875 , -22.9375
37926830  , -0.6537767 , 0.7218784 , 8.853226    , 0.0 , 0.0 , -1.0    ,21.3125 , 3.6875 , -22.9375
304878  , -0.6537767 , 0.7218784 , 8.853226    , 0.0 , 0.0 , -1.0    ,20.5625 , 3.0 , -23.625
37774391  , -0.38136974 , 0.8036005 , 8.689782    , 0.0 , 0.0 , -1.0    ,20.5625 , 3.0 , -23.625
274390  , -0.38136974 , 0.8036005 , 8.689782    , 0.0 , 0.0 , -1.0    ,20.5625 , 2.5 , -23.625
39420731  , -0.3405087 , 0.88532263 , 8.499097    , 0.0 , 0.0 , -1.0    ,20.5625 , 2.5 , -23.625
243903  , -0.3405087 , 0.88532263 , 8.499097    , 0.0 , 0.0 , -1.0    ,20.0625 , 2.25 , -23.4375
40000000  , -0.14982383 , 0.92618364 , 8.008764    , 0.0 , 0.0 , -1.0    ,20.0625 , 2.25 , -23.4375
365853  , -0.14982383 , 0.92618364 , 8.008764    , 0.0 , 0.0 , -1.0    ,19.5625 , 1.75 , -23.875
39390244  , 0.23154591 , 1.1849703 , 7.668256    , 0.0 , 0.0 , -1.0    ,19.5625 , 1.75 , -23.875
335366  , 0.23154591 , 1.1849703 , 7.668256    , 0.0 , 0.0 , -1.0    ,18.75 , 1.25 , -24.125
39573171  , 0.08172209 , 1.2666923 , 7.4639506    , 0.0 , 0.0 , -1.0    ,18.75 , 1.25 , -24.125
304878  , 0.08172209 , 1.2666923 , 7.4639506    , 0.0 , 0.0 , -1.0    ,18.0 , 1.0 , -24.125
39085366  , 0.3405087 , 0.92618364 , 6.932757    , 0.0 , 0.0 , -1.0    ,18.0 , 1.0 , -24.125
304878  , 0.3405087 , 0.92618364 , 6.932757    , 0.0 , 0.0 , -1.0    ,17.5 , 0.5 , -24.125
38658537  , 0.5720546 , 0.6946377 , 6.66035    , 0.0 , 0.0 , -1.0    ,17.5 , 0.5 , -24.125
243902  , 0.5720546 , 0.6946377 , 6.66035    , 0.0 , 0.0 , -1.0    ,16.75 , -0.0 , -24.125
39786585  , 0.84446156 , 0.53119355 , 6.8237944    , 0.0 , 0.0 , -1.0    ,16.75 , -0.0 , -24.125
182927  , 0.84446156 , 0.53119355 , 6.8237944    , 0.0 , 0.0 , -1.0    ,16.75 , 0.25 , -24.625
39298780  , 0.42223078 , 0.9942854 , 6.510526    , 0.0 , 0.0 , -1.0    ,16.75 , 0.25 , -24.625
243903  , 0.42223078 , 0.9942854 , 6.510526    , 0.0 , 0.0 , -1.0    ,16.25 , 0.75 , -24.875
39695122  , 0.38136974 , 0.9942854 , 6.66035    , 0.0 , 0.0 , -1.0    ,16.25 , 0.75 , -24.875
304878  , 0.38136974 , 0.9942854 , 6.66035    , 0.0 , 0.0 , -1.0    ,16.25 , 1.25 , -25.125
40121951  , 0.08172209 , 0.7627395 , 7.6954966    , 0.0 , 0.0 , -1.0    ,16.25 , 1.25 , -25.125
274390  , 0.08172209 , 0.7627395 , 7.6954966    , 0.0 , 0.0 , -1.0    ,16.75 , 2.5 , -25.125
38292683  , -0.040861044 , 0.61291564 , 7.8589406    , 0.0 , 0.0 , -1.0    ,16.75 , 2.5 , -25.125
243903  , -0.040861044 , 0.61291564 , 7.8589406    , 0.0 , 0.0 , -1.0    ,16.75 , 2.75 , -24.125
39512195  , -0.14982383 , 0.7218784 , 8.471856    , 0.0 , 0.0 , -1.0    ,16.75 , 2.75 , -24.125
274390  , -0.14982383 , 0.7218784 , 8.471856    , 0.0 , 0.0 , -1.0    ,17.25 , 2.75 , -23.625
39573170  , -0.23154591 , 0.5720546 , 8.662541    , 0.0 , 0.0 , -1.0    ,17.25 , 2.75 , -23.625
274391  , -0.23154591 , 0.5720546 , 8.662541    , 0.0 , 0.0 , -1.0    ,17.75 , 2.5 , -23.1875
41676829  , -0.040861044 , 0.10896278 , 9.507003    , 0.0 , 0.0 , -1.0    ,17.75 , 2.5 , -23.1875
335366  , -0.040861044 , 0.10896278 , 9.507003    , 0.0 , 0.0 , -1.0    ,18.5 , 2.25 , -22.1875
37042683  , -0.7218784 , 0.0 , 9.724928    , 0.0 , 0.0 , -1.0    ,18.5 , 2.25 , -22.1875
243902  , -0.7218784 , 0.0 , 9.724928    , 0.0 , 0.0 , -1.0    ,19.3125 , 2.75 , -22.1875
39451220  , -0.53119355 , -0.29964766 , 9.615966    , 0.0 , 0.0 , -1.0    ,19.3125 , 2.75 , -22.1875
274390  , -0.53119355 , -0.29964766 , 9.615966    , 0.0 , 0.0 , -1.0    ,20.0625 , 2.75 , -21.1875
39634146  , -0.9942854 , 0.040861044 , 11.372991    , 0.0 , 0.0 , -1.0    ,20.0625 , 2.75 , -21.1875
243902  , -0.9942854 , 0.040861044 , 11.372991    , 0.0 , 0.0 , -1.0    ,20.3125 , 3.0 , -20.5
40060976  , -0.95342433 , -0.040861044 , 10.18802    , 0.0 , 0.0 , -1.0    ,20.3125 , 3.0 , -20.5
274390  , -0.95342433 , -0.040861044 , 10.18802    , 0.0 , 0.0 , -1.0    ,20.8125 , 3.0 , -19.75
38567073  , -1.1168685 , -0.3405087 , 10.501288    , 0.0 , 0.0 , -1.0    ,20.8125 , 3.0 , -19.75
243902  , -1.1168685 , -0.3405087 , 10.501288    , 0.0 , 0.0 , -1.0    ,21.3125 , 3.0 , -18.0625
39420731  , -0.7627395 , -0.23154591 , 10.651112    , 0.0 , 0.0 , -1.0    ,21.3125 , 3.0 , -18.0625
243903  , -0.7627395 , -0.23154591 , 10.651112    , 0.0 , 0.0 , -1.0    ,21.5625 , 3.25 , -17.5625
39451219  , -1.0760075 , -0.27240697 , 10.732834    , 0.0 , 0.0 , -1.0    ,21.5625 , 3.25 , -17.5625
274390  , -1.0760075 , -0.27240697 , 10.732834    , 0.0 , 0.0 , -1.0    ,21.8125 , 3.25 , -16.0625
40121951  , -1.1441092 , -0.27240697 , 10.800936    , 0.0 , 0.0 , -1.0    ,21.8125 , 3.25 , -16.0625
365853  , -1.1441092 , -0.27240697 , 10.800936    , 0.0 , 0.0 , -1.0    ,21.8125 , 3.5 , -14.875
39237805  , -1.2258313 , -0.6537767 , 11.264028    , 0.0 , 0.0 , -1.0    ,21.8125 , 3.5 , -14.875
213415  , -1.2258313 , -0.6537767 , 11.264028    , 0.0 , 0.0 , -1.0    ,21.8125 , 3.9375 , -13.875
39146342  , -1.7570249 , -0.50395286 , 12.299174    , 0.0 , 0.0 , -1.0    ,21.8125 , 3.9375 , -13.875
243902  , -1.7570249 , -0.50395286 , 12.299174    , 0.0 , 0.0 , -1.0    ,22.5625 , 4.6875 , -12.4375
29695122  , -1.0760075 , -0.9942854 , 12.14935    , 0.0 , 0.0 , -1.0    ,22.5625 , 4.6875 , -12.4375
213415  , -1.0760075 , -0.9942854 , 12.14935    , 0.0 , 0.0 , -1.0    ,22.8125 , 5.6875 , -10.9375
30792683  , -1.1849703 , -1.0351465 , 13.021052    , 0.0 , 0.0 , -1.0    ,22.8125 , 5.6875 , -10.9375
213415  , -1.1849703 , -1.0351465 , 13.021052    , 0.0 , 0.0 , -1.0    ,23.375 , 6.4375 , -9.9375
39359756  , -1.3075534 , -0.9942854 , 12.871228    , 0.0 , 0.0 , -1.0    ,23.375 , 6.4375 , -9.9375
213415  , -1.3075534 , -0.9942854 , 12.871228    , 0.0 , 0.0 , -1.0    ,23.625 , 6.6875 , -8.5
38597561  , -1.1849703 , -1.0351465 , 12.789507    , 0.0 , 0.0 , -1.0    ,23.625 , 6.6875 , -8.5
213415  , -1.1849703 , -1.0351465 , 12.789507    , 0.0 , 0.0 , -1.0    ,23.375 , 6.9375 , -7.0
29237805  , -1.2666923 , -1.0351465 , 12.789507    , 0.0 , 0.0 , -1.0    ,23.375 , 6.9375 , -7.0
243902  , -1.2666923 , -1.0351465 , 12.789507    , 0.0 , 0.0 , -1.0    ,23.375 , 7.1875 , -6.5625
31280487  , -0.95342433 , -0.8036005 , 12.367276    , 0.0 , 0.0 , -1.0    ,23.375 , 7.1875 , -6.5625
213415  , -0.95342433 , -0.8036005 , 12.367276    , 0.0 , 0.0 , -1.0    ,23.375 , 6.9375 , -5.5625
37530487  , -1.1168685 , -0.84446156 , 11.836082    , 0.0 , 0.0 , -1.0    ,23.375 , 6.9375 , -5.5625
243902  , -1.1168685 , -0.84446156 , 11.836082    , 0.0 , 0.0 , -1.0    ,23.625 , 6.9375 , -5.8125
39512195  , -1.4573772 , -1.0760075 , 11.645397    , 0.0 , 0.0 , -1.0    ,23.625 , 6.9375 , -5.8125
213414  , -1.4573772 , -1.0760075 , 11.645397    , 0.0 , 0.0 , -1.0    ,23.375 , 7.1875 , -6.3125
39603659  , -1.3756552 , -0.6946377 , 11.304889    , 0.0 , 0.0 , -1.0    ,23.375 , 7.1875 , -6.3125
304878  , -1.3756552 , -0.6946377 , 11.304889    , 0.0 , 0.0 , -1.0    ,23.875 , 6.9375 , -6.0625
39481707  , -1.4982382 , -0.6946377 , 10.95076    , 0.0 , 0.0 , -1.0    ,23.875 , 6.9375 , -6.0625
304878  , -1.4982382 , -0.6946377 , 10.95076    , 0.0 , 0.0 , -1.0    ,23.375 , 7.1875 , -6.8125
41402439  , -1.3756552 , -0.6537767 , 10.419566    , 0.0 , 0.0 , -1.0    ,23.375 , 7.1875 , -6.8125
304878  , -1.3756552 , -0.6537767 , 10.419566    , 0.0 , 0.0 , -1.0    ,23.125 , 7.1875 , -6.5625
38993902  , -1.525479 , -0.46309182 , 10.923519    , 0.0 , 0.0 , -1.0    ,23.125 , 7.1875 , -6.5625
213415  , -1.525479 , -0.46309182 , 10.923519    , 0.0 , 0.0 , -1.0    ,23.125 , 6.4375 , -7.0
37591464  , -0.9942854 , -0.38136974 , 10.56939    , 0.0 , 0.0 , -1.0    ,23.125 , 6.4375 , -7.0
213415  , -0.9942854 , -0.38136974 , 10.56939    , 0.0 , 0.0 , -1.0    ,22.5625 , 6.1875 , -8.0
40884146  , -1.334794 , -0.38136974 , 10.269742    , 0.0 , 0.0 , -1.0    ,22.5625 , 6.1875 , -8.0
274390  , -1.334794 , -0.38136974 , 10.269742    , 0.0 , 0.0 , -1.0    ,22.3125 , 5.9375 , -8.5
38323171  , -1.2666923 , 0.08172209 , 10.691973    , 0.0 , 0.0 , -1.0    ,22.3125 , 5.9375 , -8.5
243903  , -1.2666923 , 0.08172209 , 10.691973    , 0.0 , 0.0 , -1.0    ,21.8125 , 5.6875 , -9.5
39237805  , -1.3756552 , 0.19068487 , 10.269742    , 0.0 , 0.0 , -1.0    ,21.8125 , 5.6875 , -9.5
274390  , -1.3756552 , 0.19068487 , 10.269742    , 0.0 , 0.0 , -1.0    ,21.3125 , 6.1875 , -9.5
39451219  , -1.0351465 , 0.040861044 , 9.888372    , 0.0 , 0.0 , -1.0    ,21.3125 , 6.1875 , -9.5
274391  , -1.0351465 , 0.040861044 , 9.888372    , 0.0 , 0.0 , -1.0    ,20.5625 , 5.9375 , -9.5
39695122  , -1.0351465 , 0.23154591 , 9.466142    , 0.0 , 0.0 , -1.0    ,20.5625 , 5.9375 , -9.5
365853  , -1.0351465 , 0.23154591 , 9.466142    , 0.0 , 0.0 , -1.0    ,20.5625 , 6.1875 , -9.5
41951220  , -0.61291564 , 0.8036005 , 9.00305    , 0.0 , 0.0 , -1.0    ,20.5625 , 6.1875 , -9.5
426829  , -0.61291564 , 0.8036005 , 9.00305    , 0.0 , 0.0 , -1.0    ,20.3125 , 6.4375 , -9.0
38109756  , -0.38136974 , 0.5720546 , 8.117727    , 0.0 , 0.0 , -1.0    ,20.3125 , 6.4375 , -9.0
243902  , -0.38136974 , 0.5720546 , 8.117727    , 0.0 , 0.0 , -1.0    ,19.8125 , 6.4375 , -9.5
39207317  , -0.6946377 , 0.61291564 , 8.240311    , 0.0 , 0.0 , -1.0    ,19.8125 , 6.4375 , -9.5
213414  , -0.6946377 , 0.61291564 , 8.240311    , 0.0 , 0.0 , -1.0    ,19.5625 , 7.4375 , -9.6875
38292683  , -0.27240697 , 1.0760075 , 7.7772183    , 0.0 , 0.0 , -1.0    ,19.5625 , 7.4375 , -9.6875
243902  , -0.27240697 , 1.0760075 , 7.7772183    , 0.0 , 0.0 , -1.0    ,18.75 , 7.9375 , -9.6875
39237805  , -0.23154591 , 0.8036005 , 7.43671    , 0.0 , 0.0 , -1.0    ,18.75 , 7.9375 , -9.6875
243903  , -0.23154591 , 0.8036005 , 7.43671    , 0.0 , 0.0 , -1.0    ,18.0 , 8.4375 , -9.9375
39634146  , -0.08172209 , 0.8036005 , 7.6273947    , 0.0 , 0.0 , -1.0    ,18.0 , 8.4375 , -9.9375
274390  , -0.08172209 , 0.8036005 , 7.6273947    , 0.0 , 0.0 , -1.0    ,17.5 , 8.4375 , -9.5
39420732  , -0.19068487 , 0.7218784 , 7.4639506    , 0.0 , 0.0 , -1.0    ,17.5 , 8.4375 , -9.5
304878  , -0.19068487 , 0.7218784 , 7.4639506    , 0.0 , 0.0 , -1.0    ,17.0 , 8.6875 , -10.1875
40030488  , -0.14982383 , 0.7627395 , 7.3549876    , 0.0 , 0.0 , -1.0    ,17.0 , 8.6875 , -10.1875
274390  , -0.14982383 , 0.7627395 , 7.3549876    , 0.0 , 0.0 , -1.0    ,16.25 , 8.9375 , -10.6875
38475610  , 0.08172209 , 0.6537767 , 6.701211    , 0.0 , 0.0 , -1.0    ,16.25 , 8.9375 , -10.6875
213415  , 0.08172209 , 0.6537767 , 6.701211    , 0.0 , 0.0 , -1.0    ,17.0 , 9.1875 , -11.4375
39512195  , 0.10896278 , 0.84446156 , 6.5513873    , 0.0 , 0.0 , -1.0    ,17.0 , 9.1875 , -11.4375
213415  , 0.10896278 , 0.84446156 , 6.5513873    , 0.0 , 0.0 , -1.0    ,17.0 , 9.9375 , -12.4375
39969512  , -0.0 , 0.7218784 , 6.66035    , 0.0 , 0.0 , -1.0    ,17.0 , 9.9375 , -12.4375
365853  , -0.0 , 0.7218784 , 6.66035    , 0.0 , 0.0 , -1.0    ,17.25 , 9.6875 , -12.1875
40792683  , -0.27240697 , 0.53119355 , 7.3549876    , 0.0 , 0.0 , -1.0    ,17.25 , 9.6875 , -12.1875
365854  , -0.27240697 , 0.53119355 , 7.3549876    , 0.0 , 0.0 , -1.0    ,17.5 , 9.4375 , -11.6875
38597561  , 0.040861044 , 0.42223078 , 7.9270425    , 0.0 , 0.0 , -1.0    ,17.5 , 9.4375 , -11.6875
213414  , 0.040861044 , 0.42223078 , 7.9270425    , 0.0 , 0.0 , -1.0    ,17.25 , 9.4375 , -11.1875
38170732  , 0.040861044 , 0.50395286 , 9.112013    , 0.0 , 0.0 , -1.0    ,17.25 , 9.4375 , -11.1875
274390  , 0.040861044 , 0.50395286 , 9.112013    , 0.0 , 0.0 , -1.0    ,17.5 , 9.9375 , -10.4375
39481707  , -0.7627395 , 0.14982383 , 8.689782    , 0.0 , 0.0 , -1.0    ,17.5 , 9.9375 , -10.4375
274390  , -0.7627395 , 0.14982383 , 8.689782    , 0.0 , 0.0 , -1.0    ,17.75 , 10.6875 , -9.9375
39756097  , -0.5720546 , 0.5720546 , 9.302697    , 0.0 , 0.0 , -1.0    ,17.75 , 10.6875 , -9.9375
304878  , -0.5720546 , 0.5720546 , 9.302697    , 0.0 , 0.0 , -1.0    ,18.0 , 11.375 , -9.6875
41158537  , -0.27240697 , 0.10896278 , 9.343558    , 0.0 , 0.0 , -1.0    ,18.0 , 11.375 , -9.6875
304878  , -0.27240697 , 0.10896278 , 9.343558    , 0.0 , 0.0 , -1.0    ,18.0 , 11.875 , -9.25
37774390  , -0.7627395 , -0.10896278 , 10.119919    , 0.0 , 0.0 , -1.0    ,18.0 , 11.875 , -9.25
213415  , -0.7627395 , -0.10896278 , 10.119919    , 0.0 , 0.0 , -1.0    ,18.5 , 11.375 , -8.25
39085366  , -0.9125633 , -0.23154591 , 10.147159    , 0.0 , 0.0 , -1.0    ,18.5 , 11.375 , -8.25
243902  , -0.9125633 , -0.23154591 , 10.147159    , 0.0 , 0.0 , -1.0    ,19.0625 , 11.625 , -7.25
39481707  , -0.84446156 , -0.46309182 , 10.419566    , 0.0 , 0.0 , -1.0    ,19.0625 , 11.625 , -7.25
243902  , -0.84446156 , -0.46309182 , 10.419566    , 0.0 , 0.0 , -1.0    ,19.5625 , 11.875 , -6.3125
39847561  , -1.1168685 , -0.29964766 , 11.495573    , 0.0 , 0.0 , -1.0    ,19.5625 , 11.875 , -6.3125
304878  , -1.1168685 , -0.29964766 , 11.495573    , 0.0 , 0.0 , -1.0    ,19.8125 , 12.125 , -5.0625
31067073  , -1.1168685 , -0.50395286 , 11.073342    , 0.0 , 0.0 , -1.0    ,19.8125 , 12.125 , -5.0625
213415  , -1.1168685 , -0.50395286 , 11.073342    , 0.0 , 0.0 , -1.0    ,20.0625 , 12.625 , -4.3125
37469513  , -1.1849703 , -0.42223078 , 11.75436    , 0.0 , 0.0 , -1.0    ,20.0625 , 12.625 , -4.3125
243902  , -1.1849703 , -0.42223078 , 11.75436    , 0.0 , 0.0 , -1.0    ,19.8125 , 12.625 , -3.875
39451219  , -1.1441092 , -0.7627395 , 11.75436    , 0.0 , 0.0 , -1.0    ,19.8125 , 12.625 , -3.875
304878  , -1.1441092 , -0.7627395 , 11.75436    , 0.0 , 0.0 , -1.0    ,20.0625 , 12.625 , -3.125
40335365  , -1.3075534 , -0.8036005 , 11.34575    , 0.0 , 0.0 , -1.0    ,20.0625 , 12.625 , -3.125
243903  , -1.3075534 , -0.8036005 , 11.34575    , 0.0 , 0.0 , -1.0    ,20.0625 , 12.875 , -2.875
38628049  , -1.334794 , -0.95342433 , 11.141444    , 0.0 , 0.0 , -1.0    ,20.0625 , 12.875 , -2.875
213415  , -1.334794 , -0.95342433 , 11.141444    , 0.0 , 0.0 , -1.0    ,19.5625 , 13.375 , -2.125
31097561  , -1.7570249 , -0.61291564 , 11.563675    , 0.0 , 0.0 , -1.0    ,19.5625 , 13.375 , -2.125
213415  , -1.7570249 , -0.61291564 , 11.563675    , 0.0 , 0.0 , -1.0    ,19.3125 , 13.625 , -1.1875
39756097  , -1.56634 , -0.7218784 , 10.991621    , 0.0 , 0.0 , -1.0    ,19.3125 , 13.625 , -1.1875
243902  , -1.56634 , -0.7218784 , 10.991621    , 0.0 , 0.0 , -1.0    ,19.8125 , 14.375 , -0.4375
37804879  , -1.8387469 , -0.7627395 , 11.958665    , 0.0 , 0.0 , -1.0    ,19.8125 , 14.375 , -0.4375
274390  , -1.8387469 , -0.7627395 , 11.958665    , 0.0 , 0.0 , -1.0    ,19.8125 , 14.875 , 0.0625
39756098  , -1.607201 , -0.9125633 , 11.727119    , 0.0 , 0.0 , -1.0    ,19.8125 , 14.875 , 0.0625
274390  , -1.607201 , -0.9125633 , 11.727119    , 0.0 , 0.0 , -1.0    ,20.5625 , 15.375 , 0.3125
39664634  , -1.6889231 , -0.9125633 , 12.53072    , 0.0 , 0.0 , -1.0    ,20.5625 , 15.375 , 0.3125
304878  , -1.6889231 , -0.9125633 , 12.53072    , 0.0 , 0.0 , -1.0    ,21.3125 , 16.125 , 1.0625
39298781  , -1.3756552 , -1.0760075 , 12.340035    , 0.0 , 0.0 , -1.0    ,21.3125 , 16.125 , 1.0625
304878  , -1.3756552 , -1.0760075 , 12.340035    , 0.0 , 0.0 , -1.0    ,20.3125 , 15.875 , 1.3125
39451219  , -1.2666923 , -1.1441092 , 12.367276    , 0.0 , 0.0 , -1.0    ,20.3125 , 15.875 , 1.3125
335366  , -1.2666923 , -1.1441092 , 12.367276    , 0.0 , 0.0 , -1.0    ,20.5625 , 15.625 , 1.75
39115854  , -1.4165162 , -1.1441092 , 11.985906    , 0.0 , 0.0 , -1.0    ,20.5625 , 15.625 , 1.75
274390  , -1.4165162 , -1.1441092 , 11.985906    , 0.0 , 0.0 , -1.0    ,20.3125 , 15.375 , 2.25
41189024  , -1.56634 , -1.1849703 , 11.141444    , 0.0 , 0.0 , -1.0    ,20.3125 , 15.375 , 2.25
274390  , -1.56634 , -1.1849703 , 11.141444    , 0.0 , 0.0 , -1.0    ,19.8125 , 14.875 , 1.5
37286585  , -1.879608 , -0.95342433 , 11.34575    , 0.0 , 0.0 , -1.0    ,19.8125 , 14.875 , 1.5
243902  , -1.879608 , -0.95342433 , 11.34575    , 0.0 , 0.0 , -1.0    ,20.3125 , 14.875 , 1.0625
39756098  , -1.334794 , -0.84446156 , 10.923519    , 0.0 , 0.0 , -1.0    ,20.3125 , 14.875 , 1.0625
274391  , -1.334794 , -0.84446156 , 10.923519    , 0.0 , 0.0 , -1.0    ,20.3125 , 14.875 , 0.3125
39237805  , -1.56634 , -0.84446156 , 10.760075    , 0.0 , 0.0 , -1.0    ,20.3125 , 14.875 , 0.3125
274390  , -1.56634 , -0.84446156 , 10.760075    , 0.0 , 0.0 , -1.0    ,20.0625 , 14.875 , -0.6875
39664634  , -1.4165162 , -0.46309182 , 10.419566    , 0.0 , 0.0 , -1.0    ,20.0625 , 14.875 , -0.6875
304878  , -1.4165162 , -0.46309182 , 10.419566    , 0.0 , 0.0 , -1.0    ,20.0625 , 14.875 , -1.375
41585366  , -1.1849703 , -0.5720546 , 10.760075    , 0.0 , 0.0 , -1.0    ,20.0625 , 14.875 , -1.375
213414  , -1.1849703 , -0.5720546 , 10.760075    , 0.0 , 0.0 , -1.0    ,19.8125 , 14.875 , -2.375
36920731  , -1.334794 , -0.46309182 , 10.760075    , 0.0 , 0.0 , -1.0    ,19.8125 , 14.875 , -2.375
243902  , -1.334794 , -0.46309182 , 10.760075    , 0.0 , 0.0 , -1.0    ,19.3125 , 14.875 , -3.375
39817073  , -1.525479 , -0.38136974 , 10.119919    , 0.0 , 0.0 , -1.0    ,19.3125 , 14.875 , -3.375
274390  , -1.525479 , -0.38136974 , 10.119919    , 0.0 , 0.0 , -1.0    ,19.5625 , 14.375 , -4.3125
39847561  , -1.1168685 , -0.29964766 , 9.765789    , 0.0 , 0.0 , -1.0    ,19.5625 , 14.375 , -4.3125
304878  , -1.1168685 , -0.29964766 , 9.765789    , 0.0 , 0.0 , -1.0    ,19.5625 , 13.625 , -5.0625
38750000  , -0.88532263 , 0.0 , 9.915613    , 0.0 , 0.0 , -1.0    ,19.5625 , 13.625 , -5.0625
243902  , -0.88532263 , 0.0 , 9.915613    , 0.0 , 0.0 , -1.0    ,19.5625 , 13.125 , -5.8125
39512195  , -1.2258313 , 0.38136974 , 9.343558    , 0.0 , 0.0 , -1.0    ,19.5625 , 13.125 , -5.8125
274390  , -1.2258313 , 0.38136974 , 9.343558    , 0.0 , 0.0 , -1.0    ,19.5625 , 12.625 , -6.0625
39847561  , -1.2258313 , 0.19068487 , 8.730643    , 0.0 , 0.0 , -1.0    ,19.5625 , 12.625 , -6.0625
304878  , -1.2258313 , 0.19068487 , 8.730643    , 0.0 , 0.0 , -1.0    ,18.75 , 11.875 , -6.5625
44451219  , -1.1168685 , 0.313268 , 8.730643    , 0.0 , 0.0 , -1.0    ,18.75 , 11.875 , -6.5625
274390  , -1.1168685 , 0.313268 , 8.730643    , 0.0 , 0.0 , -1.0    ,18.5 , 12.125 , -7.25
33597561  , -0.46309182 , 0.61291564 , 8.921328    , 0.0 , 0.0 , -1.0    ,18.5 , 12.125 , -7.25
945121  , -0.46309182 , 0.61291564 , 8.921328    , 0.0 , 0.0 , -1.0    ,18.25 , 11.625 , -7.75
38689024  , -0.08172209 , 0.6946377 , 8.471856    , 0.0 , 0.0 , -1.0    ,18.25 , 11.625 , -7.75
243903  , -0.08172209 , 0.6946377 , 8.471856    , 0.0 , 0.0 , -1.0    ,17.75 , 11.125 , -9.25
39542683  , -0.14982383 , 0.7218784 , 8.117727    , 0.0 , 0.0 , -1.0    ,17.75 , 11.125 , -9.25
274390  , -0.14982383 , 0.7218784 , 8.117727    , 0.0 , 0.0 , -1.0    ,17.25 , 11.375 , -9.9375
39634146  , -0.08172209 , 0.88532263 , 7.8589406    , 0.0 , 0.0 , -1.0    ,17.25 , 11.375 , -9.9375
335366  , -0.08172209 , 0.88532263 , 7.8589406    , 0.0 , 0.0 , -1.0    ,17.0 , 10.6875 , -10.4375
39298781  , 0.040861044 , 0.95342433 , 7.5456724    , 0.0 , 0.0 , -1.0    ,17.0 , 10.6875 , -10.4375
335366  , 0.040861044 , 0.95342433 , 7.5456724    , 0.0 , 0.0 , -1.0    ,16.75 , 10.6875 , -11.6875
39420732  , 0.38136974 , 1.0351465 , 7.3141265    , 0.0 , 0.0 , -1.0    ,16.75 , 10.6875 , -11.6875
304878  , 0.38136974 , 1.0351465 , 7.3141265    , 0.0 , 0.0 , -1.0    ,16.5 , 10.4375 , -11.6875
39786586  , 0.46309182 , 0.95342433 , 7.3141265    , 0.0 , 0.0 , -1.0    ,16.5 , 10.4375 , -11.6875
335365  , 0.46309182 , 0.95342433 , 7.3141265    , 0.0 , 0.0 , -1.0    ,17.0 , 10.1875 , -12.875
38475610  , 0.313268 , 1.0760075 , 6.701211    , 0.0 , 0.0 , -1.0    ,17.0 , 10.1875 , -12.875
243903  , 0.313268 , 1.0760075 , 6.701211    , 0.0 , 0.0 , -1.0    ,16.75 , 10.4375 , -13.375
39634146  , 0.38136974 , 0.9942854 , 5.9793324    , 0.0 , 0.0 , -1.0    ,16.75 , 10.4375 , -13.375
274390  , 0.38136974 , 0.9942854 , 5.9793324    , 0.0 , 0.0 , -1.0    ,16.5 , 10.1875 , -13.375
39420732  , 0.3405087 , 0.9942854 , 6.4015636    , 0.0 , 0.0 , -1.0    ,16.5 , 10.1875 , -13.375
304878  , 0.3405087 , 0.9942854 , 6.4015636    , 0.0 , 0.0 , -1.0    ,16.5 , 10.6875 , -13.625
41158537  , -0.040861044 , 0.92618364 , 6.5513873    , 0.0 , 0.0 , -1.0    ,16.5 , 10.6875 , -13.625
243902  , -0.040861044 , 0.92618364 , 6.5513873    , 0.0 , 0.0 , -1.0    ,16.0 , 10.875 , -13.125
37560976  , -0.3405087 , 0.3405087 , 7.5865335    , 0.0 , 0.0 , -1.0    ,16.0 , 10.875 , -13.125
243903  , -0.3405087 , 0.3405087 , 7.5865335    , 0.0 , 0.0 , -1.0    ,16.25 , 11.375 , -12.875
39512195  , -0.42223078 , 0.313268 , 8.580819    , 0.0 , 0.0 , -1.0    ,16.25 , 11.375 , -12.875
243903  , -0.42223078 , 0.313268 , 8.580819    , 0.0 , 0.0 , -1.0    ,16.25 , 11.875 , -12.4375
39634146  , -0.3405087 , 0.08172209 , 9.384419    , 0.0 , 0.0 , -1.0    ,16.25 , 11.875 , -12.4375
274391  , -0.3405087 , 0.08172209 , 9.384419    , 0.0 , 0.0 , -1.0    ,16.5 , 12.375 , -12.1875
39451219  , -0.53119355 , -0.040861044 , 9.575105    , 0.0 , 0.0 , -1.0    ,16.5 , 12.375 , -12.1875
243902  , -0.53119355 , -0.040861044 , 9.575105    , 0.0 , 0.0 , -1.0    ,17.0 , 12.375 , -11.4375
39420732  , -0.84446156 , 0.08172209 , 10.310603    , 0.0 , 0.0 , -1.0    ,17.0 , 12.375 , -11.4375
274390  , -0.84446156 , 0.08172209 , 10.310603    , 0.0 , 0.0 , -1.0    ,16.75 , 12.375 , -10.6875
39329269  , -1.0351465 , 0.08172209 , 10.228881    , 0.0 , 0.0 , -1.0    ,16.75 , 12.375 , -10.6875
274391  , -1.0351465 , 0.08172209 , 10.228881    , 0.0 , 0.0 , -1.0    ,16.75 , 12.875 , -9.9375
41158536  , -0.29964766 , -0.3405087 , 9.507003    , 0.0 , 0.0 , -1.0    ,16.75 , 12.875 , -9.9375
304878  , -0.29964766 , -0.3405087 , 9.507003    , 0.0 , 0.0 , -1.0    ,17.25 , 13.125 , -9.25
37621951  , -0.95342433 , -0.27240697 , 11.413852    , 0.0 , 0.0 , -1.0    ,17.25 , 13.125 , -9.25
274391  , -0.95342433 , -0.27240697 , 11.413852    , 0.0 , 0.0 , -1.0    ,16.75 , 14.375 , -9.0
40853658  , -0.50395286 , -0.3405087 , 10.991621    , 0.0 , 0.0 , -1.0    ,16.75 , 14.375 , -9.0
243903  , -0.50395286 , -0.3405087 , 10.991621    , 0.0 , 0.0 , -1.0    ,16.75 , 15.625 , -9.5
38750000  , -1.1441092 , -0.42223078 , 11.264028    , 0.0 , 0.0 , -1.0    ,16.75 , 15.625 , -9.5
213414  , -1.1441092 , -0.42223078 , 11.264028    , 0.0 , 0.0 , -1.0    ,17.25 , 16.875 , -9.25
29359757  , -0.84446156 , -0.6537767 , 11.372991    , 0.0 , 0.0 , -1.0    ,17.25 , 16.875 , -9.25
213414  , -0.84446156 , -0.6537767 , 11.372991    , 0.0 , 0.0 , -1.0    ,17.25 , 17.8125 , -9.0
40121952  , -0.14982383 , -0.6537767 , 11.141444    , 0.0 , 0.0 , -1.0    ,17.25 , 17.8125 , -9.0
213414  , -0.14982383 , -0.6537767 , 11.141444    , 0.0 , 0.0 , -1.0    ,18.0 , 18.3125 , -8.75
39085366  , -0.8036005 , -0.53119355 , 10.991621    , 0.0 , 0.0 , -1.0    ,18.0 , 18.3125 , -8.75
213414  , -0.8036005 , -0.53119355 , 10.991621    , 0.0 , 0.0 , -1.0    ,18.0 , 19.0625 , -7.5
38780488  , -0.9125633 , -0.88532263 , 10.923519    , 0.0 , 0.0 , -1.0    ,18.0 , 19.0625 , -7.5
274391  , -0.9125633 , -0.88532263 , 10.923519    , 0.0 , 0.0 , -1.0    ,18.0 , 19.5625 , -6.8125
39786586  , -0.84446156 , -0.7218784 , 12.340035    , 0.0 , 0.0 , -1.0    ,18.0 , 19.5625 , -6.8125
243902  , -0.84446156 , -0.7218784 , 12.340035    , 0.0 , 0.0 , -1.0    ,17.75 , 20.0625 , -6.3125
39451220  , -1.56634 , -0.61291564 , 11.75436    , 0.0 , 0.0 , -1.0    ,17.75 , 20.0625 , -6.3125
274391  , -1.56634 , -0.61291564 , 11.75436    , 0.0 , 0.0 , -1.0    ,17.75 , 20.8125 , -6.3125
39969512  , -1.56634 , -0.5720546 , 12.067628    , 0.0 , 0.0 , -1.0    ,17.75 , 20.8125 , -6.3125
274390  , -1.56634 , -0.5720546 , 12.067628    , 0.0 , 0.0 , -1.0    ,18.5 , 21.0625 , -6.3125
38932927  , -1.334794 , -0.61291564 , 11.727119    , 0.0 , 0.0 , -1.0    ,18.5 , 21.0625 , -6.3125
213414  , -1.334794 , -0.61291564 , 11.727119    , 0.0 , 0.0 , -1.0    ,18.5 , 21.3125 , -6.5625
29878049  , -1.56634 , -0.61291564 , 11.536434    , 0.0 , 0.0 , -1.0    ,18.5 , 21.3125 , -6.5625
213414  , -1.56634 , -0.61291564 , 11.536434    , 0.0 , 0.0 , -1.0    ,18.75 , 21.8125 , -6.8125
38993902  , -1.4165162 , -0.5720546 , 11.141444    , 0.0 , 0.0 , -1.0    ,18.75 , 21.8125 , -6.8125
213415  , -1.4165162 , -0.5720546 , 11.141444    , 0.0 , 0.0 , -1.0    ,18.75 , 21.8125 , -6.3125
39512195  , -1.1849703 , -0.6946377 , 11.223166    , 0.0 , 0.0 , -1.0    ,18.75 , 21.8125 , -6.3125
274390  , -1.1849703 , -0.6946377 , 11.223166    , 0.0 , 0.0 , -1.0    ,18.25 , 22.0625 , -7.0
39390243  , -1.1441092 , -0.7218784 , 10.991621    , 0.0 , 0.0 , -1.0    ,18.25 , 22.0625 , -7.0
274391  , -1.1441092 , -0.7218784 , 10.991621    , 0.0 , 0.0 , -1.0    ,18.0 , 22.3125 , -7.0
39573171  , -1.0351465 , -0.6537767 , 11.182305    , 0.0 , 0.0 , -1.0    ,18.0 , 22.3125 , -7.0
304878  , -1.0351465 , -0.6537767 , 11.182305    , 0.0 , 0.0 , -1.0    ,17.75 , 22.0625 , -7.0
39756097  , -1.2258313 , -0.6946377 , 11.304889    , 0.0 , 0.0 , -1.0    ,17.75 , 22.0625 , -7.0
274390  , -1.2258313 , -0.6946377 , 11.304889    , 0.0 , 0.0 , -1.0    ,17.25 , 22.0625 , -8.0
38871952  , -1.1168685 , -0.5720546 , 11.917805    , 0.0 , 0.0 , -1.0    ,17.25 , 22.0625 , -8.0
274390  , -1.1168685 , -0.5720546 , 11.917805    , 0.0 , 0.0 , -1.0    ,17.0 , 21.8125 , -8.25
40030488  , -1.0351465 , -0.53119355 , 12.176591    , 0.0 , 0.0 , -1.0    ,17.0 , 21.8125 , -8.25
274391  , -1.0351465 , -0.53119355 , 12.176591    , 0.0 , 0.0 , -1.0    ,16.75 , 21.8125 , -9.25
38932927  , -0.53119355 , -0.84446156 , 11.34575    , 0.0 , 0.0 , -1.0    ,16.75 , 21.8125 , -9.25
243902  , -0.53119355 , -0.84446156 , 11.34575    , 0.0 , 0.0 , -1.0    ,16.75 , 22.3125 , -10.4375
39481708  , -0.46309182 , -0.88532263 , 11.304889    , 0.0 , 0.0 , -1.0    ,16.75 , 22.3125 , -10.4375
274390  , -0.46309182 , -0.88532263 , 11.304889    , 0.0 , 0.0 , -1.0    ,16.75 , 22.3125 , -10.9375
39542683  , -0.7627395 , -0.61291564 , 11.304889    , 0.0 , 0.0 , -1.0    ,16.75 , 22.3125 , -10.9375
335366  , -0.7627395 , -0.61291564 , 11.304889    , 0.0 , 0.0 , -1.0    ,16.5 , 22.0625 , -11.9375
40548780  , -1.2666923 , -0.10896278 , 10.419566    , 0.0 , 0.0 , -1.0    ,16.5 , 22.0625 , -11.9375
335366  , -1.2666923 , -0.10896278 , 10.419566    , 0.0 , 0.0 , -1.0    ,16.5 , 21.3125 , -12.625
39664634  , -0.88532263 , -0.50395286 , 9.765789    , 0.0 , 0.0 , -1.0    ,16.5 , 21.3125 , -12.625
213414  , -0.88532263 , -0.50395286 , 9.765789    , 0.0 , 0.0 , -1.0    ,16.5 , 20.8125 , -13.875
37865854  , -0.46309182 , -0.50395286 , 9.915613    , 0.0 , 0.0 , -1.0    ,16.5 , 20.8125 , -13.875
213414  , -0.46309182 , -0.50395286 , 9.915613    , 0.0 , 0.0 , -1.0    ,16.25 , 20.0625 , -15.125
39542683  , -0.040861044 , -0.5720546 , 9.534244    , 0.0 , 0.0 , -1.0    ,16.25 , 20.0625 , -15.125
274390  , -0.040861044 , -0.5720546 , 9.534244    , 0.0 , 0.0 , -1.0    ,16.25 , 20.0625 , -16.3125
39817073  , -0.53119355 , -0.6946377 , 9.765789    , 0.0 , 0.0 , -1.0    ,16.25 , 20.0625 , -16.3125
274390  , -0.53119355 , -0.6946377 , 9.765789    , 0.0 , 0.0 , -1.0    ,16.0 , 20.0625 , -17.5625
39207317  , -0.5720546 , -0.42223078 , 8.430995    , 0.0 , 0.0 , -1.0    ,16.0 , 20.0625 , -17.5625
274391  , -0.5720546 , -0.42223078 , 8.430995    , 0.0 , 0.0 , -1.0    ,15.5 , 19.5625 , -18.0625
40579268  , -0.5720546 , -0.040861044 , 7.8861814    , 0.0 , 0.0 , -1.0    ,15.5 , 19.5625 , -18.0625
304878  , -0.5720546 , -0.040861044 , 7.8861814    , 0.0 , 0.0 , -1.0    ,15.0 , 19.5625 , -18.25
38384146  , -0.9125633 , 0.08172209 , 7.8861814    , 0.0 , 0.0 , -1.0    ,15.0 , 19.5625 , -18.25
213415  , -0.9125633 , 0.08172209 , 7.8861814    , 0.0 , 0.0 , -1.0    ,15.0 , 19.3125 , -18.5
39176830  , -0.3405087 , -0.14982383 , 7.7772183    , 0.0 , 0.0 , -1.0    ,15.0 , 19.3125 , -18.5
274390  , -0.3405087 , -0.14982383 , 7.7772183    , 0.0 , 0.0 , -1.0    ,14.75 , 19.0625 , -19.5
39664634  , -0.27240697 , 0.08172209 , 8.19945    , 0.0 , 0.0 , -1.0    ,14.75 , 19.0625 , -19.5
213415  , -0.27240697 , 0.08172209 , 8.19945    , 0.0 , 0.0 , -1.0    ,13.9375 , 19.0625 , -19.25
39512195  , 0.23154591 , -0.23154591 , 8.471856    , 0.0 , 0.0 , -1.0    ,13.9375 , 19.0625 , -19.25
243902  , 0.23154591 , -0.23154591 , 8.471856    , 0.0 , 0.0 , -1.0    ,14.1875 , 19.3125 , -20.25
39634146  , -0.0 , -0.14982383 , 8.580819    , 0.0 , 0.0 , -1.0    ,14.1875 , 19.3125 , -20.25
335366  , -0.0 , -0.14982383 , 8.580819    , 0.0 , 0.0 , -1.0    ,13.9375 , 19.3125 , -20.9375
41036585  , 0.42223078 , -0.040861044 , 8.730643    , 0.0 , 0.0 , -1.0    ,13.9375 , 19.3125 , -20.9375
304878  , 0.42223078 , -0.040861044 , 8.730643    , 0.0 , 0.0 , -1.0    ,13.4375 , 19.8125 , -20.9375
38993902  , 0.6537767 , -0.040861044 , 8.771504    , 0.0 , 0.0 , -1.0    ,13.4375 , 19.8125 , -20.9375
213415  , 0.6537767 , -0.040861044 , 8.771504    , 0.0 , 0.0 , -1.0    ,13.6875 , 19.5625 , -21.9375
38201220  , 0.38136974 , 0.23154591 , 8.921328    , 0.0 , 0.0 , -1.0    ,13.6875 , 19.5625 , -21.9375
213415  , 0.38136974 , 0.23154591 , 8.921328    , 0.0 , 0.0 , -1.0    ,13.1875 , 19.3125 , -21.6875
30152439  , 0.5720546 , 0.14982383 , 9.043911    , 0.0 , 0.0 , -1.0    ,13.1875 , 19.3125 , -21.6875
213415  , 0.5720546 , 0.14982383 , 9.043911    , 0.0 , 0.0 , -1.0    ,13.1875 , 18.8125 , -21.6875
38902439  , 0.95342433 , 0.08172209 , 9.112013    , 0.0 , 0.0 , -1.0    ,13.1875 , 18.8125 , -21.6875
243902  , 0.95342433 , 0.08172209 , 9.112013    , 0.0 , 0.0 , -1.0    ,13.4375 , 18.3125 , -21.4375
40457317  , 0.7218784 , 0.08172209 , 9.507003    , 0.0 , 0.0 , -1.0    ,13.4375 , 18.3125 , -21.4375
243903  , 0.7218784 , 0.08172209 , 9.507003    , 0.0 , 0.0 , -1.0    ,13.4375 , 18.0625 , -21.6875
38506098  , 0.6537767 , -0.040861044 , 9.697687    , 0.0 , 0.0 , -1.0    ,13.4375 , 18.0625 , -21.6875
243903  , 0.6537767 , -0.040861044 , 9.697687    , 0.0 , 0.0 , -1.0    ,13.4375 , 18.3125 , -21.6875
