77713414  , 0.42223078 , -0.040861044 , 9.697687    , 0.0 , 0.0 , -1.0    ,14.1875 , 13.125 , -28.0625
213415  , 0.42223078 , -0.040861044 , 9.697687    , 0.0 , 0.0 , -1.0    ,14.1875 , 12.875 , -28.0625
57073170  , 0.46309182 , -0.14982383 , 9.697687    , 0.0 , 0.0 , -1.0    ,14.1875 , 12.875 , -28.0625
243902  , 0.46309182 , -0.14982383 , 9.697687    , 0.0 , 0.0 , -1.0    ,13.9375 , 12.875 , -28.0625
38841463  , 0.50395286 , -0.040861044 , 9.765789    , 0.0 , 0.0 , -1.0    ,13.9375 , 12.875 , -28.0625
213415  , 0.50395286 , -0.040861044 , 9.765789    , 0.0 , 0.0 , -1.0    ,14.1875 , 13.125 , -28.3125
41890244  , 0.46309182 , -0.08172209 , 9.697687    , 0.0 , 0.0 , -1.0    ,14.1875 , 13.125 , -28.3125
182927  , 0.46309182 , -0.08172209 , 9.697687    , 0.0 , 0.0 , -1.0    ,14.4375 , 13.125 , -28.0625
49664634  , 0.46309182 , -0.10896278 , 9.765789    , 0.0 , 0.0 , -1.0    ,14.4375 , 13.125 , -28.0625
243903  , 0.46309182 , -0.10896278 , 9.765789    , 0.0 , 0.0 , -1.0    ,14.1875 , 13.625 , -28.3125
213415  , 0.53119355 , -0.14982383 , 9.724928    , 0.0 , 0.0 , -1.0    ,14.1875 , 13.625 , -28.3125
304878  , 0.53119355 , -0.14982383 , 9.724928    , 0.0 , 0.0 , -1.0    ,14.4375 , 14.125 , -28.8125
57347561  , 0.5720546 , -0.23154591 , 9.656827    , 0.0 , 0.0 , -1.0    ,14.4375 , 14.125 , -28.8125
213414  , 0.5720546 , -0.23154591 , 9.656827    , 0.0 , 0.0 , -1.0    ,14.4375 , 13.875 , -28.5625
41707317  , 0.46309182 , -0.19068487 , 9.847511    , 0.0 , 0.0 , -1.0    ,14.4375 , 13.875 , -28.5625
213414  , 0.46309182 , -0.19068487 , 9.847511    , 0.0 , 0.0 , -1.0    ,14.1875 , 14.375 , -28.5625
50670732  , 0.53119355 , -0.040861044 , 9.997335    , 0.0 , 0.0 , -1.0    ,14.1875 , 14.375 , -28.5625
213415  , 0.53119355 , -0.040861044 , 9.997335    , 0.0 , 0.0 , -1.0    ,14.1875 , 14.875 , -28.5625
243903  , 0.7218784 , -0.10896278 , 9.765789    , 0.0 , 0.0 , -1.0    ,14.1875 , 14.875 , -28.5625
5030488  , 0.7218784 , -0.10896278 , 9.765789    , 0.0 , 0.0 , -1.0    ,13.6875 , 15.125 , -28.3125
28902439  , 0.42223078 , 0.14982383 , 9.765789    , 0.0 , 0.0 , -1.0    ,13.6875 , 15.125 , -28.3125
213415  , 0.42223078 , 0.14982383 , 9.765789    , 0.0 , 0.0 , -1.0    ,13.4375 , 15.375 , -29.25
45152439  , 0.61291564 , 0.040861044 , 9.765789    , 0.0 , 0.0 , -1.0    ,13.4375 , 15.375 , -29.25
213414  , 0.61291564 , 0.040861044 , 9.765789    , 0.0 , 0.0 , -1.0    ,13.1875 , 15.375 , -29.5
27652438  , 0.5720546 , -0.14982383 , 9.765789    , 0.0 , 0.0 , -1.0    ,13.1875 , 15.375 , -29.5
243903  , 0.5720546 , -0.14982383 , 9.765789    , 0.0 , 0.0 , -1.0    ,13.1875 , 14.625 , -29.5
41463415  , 0.38136974 , -0.040861044 , 9.847511    , 0.0 , 0.0 , -1.0    ,13.1875 , 14.625 , -29.5
365854  , 0.38136974 , -0.040861044 , 9.847511    , 0.0 , 0.0 , -1.0    ,13.4375 , 14.125 , -29.5
37743902  , 0.6537767 , -0.040861044 , 9.765789    , 0.0 , 0.0 , -1.0    ,13.4375 , 14.125 , -29.5
213415  , 0.6537767 , -0.040861044 , 9.765789    , 0.0 , 0.0 , -1.0    ,13.4375 , 13.875 , -28.5625
39695122  , 0.61291564 , -0.14982383 , 9.697687    , 0.0 , 0.0 , -1.0    ,13.4375 , 13.875 , -28.5625
213415  , 0.61291564 , -0.14982383 , 9.697687    , 0.0 , 0.0 , -1.0    ,13.6875 , 13.625 , -28.5625
29634147  , 0.46309182 , -0.27240697 , 9.765789    , 0.0 , 0.0 , -1.0    ,13.6875 , 13.625 , -28.5625
213415  , 0.46309182 , -0.27240697 , 9.765789    , 0.0 , 0.0 , -1.0    ,13.6875 , 13.875 , -28.5625
39847561  , 0.50395286 , 0.19068487 , 9.697687    , 0.0 , 0.0 , -1.0    ,13.6875 , 13.875 , -28.5625
213415  , 0.50395286 , 0.19068487 , 9.697687    , 0.0 , 0.0 , -1.0    ,13.1875 , 13.875 , -28.3125
60365854  , 0.6946377 , -0.14982383 , 9.765789    , 0.0 , 0.0 , -1.0    ,13.1875 , 13.875 , -28.3125
365854  , 0.6946377 , -0.14982383 , 9.765789    , 0.0 , 0.0 , -1.0    ,12.9375 , 13.875 , -28.3125
27896341  , 0.61291564 , 0.0 , 9.697687    , 0.0 , 0.0 , -1.0    ,12.9375 , 13.875 , -28.3125
182927  , 0.61291564 , 0.0 , 9.697687    , 0.0 , 0.0 , -1.0    ,13.1875 , 13.875 , -27.8125
25152439  , 0.53119355 , -0.19068487 , 9.724928    , 0.0 , 0.0 , -1.0    ,13.1875 , 13.875 , -27.8125
213414  , 0.53119355 , -0.19068487 , 9.724928    , 0.0 , 0.0 , -1.0    ,13.1875 , 14.125 , -27.5625
66737805  , 0.61291564 , -0.10896278 , 9.697687    , 0.0 , 0.0 , -1.0    ,13.1875 , 14.125 , -27.5625
2743903  , 0.61291564 , -0.10896278 , 9.697687    , 0.0 , 0.0 , -1.0    ,13.6875 , 14.125 , -27.8125
34603659  , 0.6537767 , -0.19068487 , 9.724928    , 0.0 , 0.0 , -1.0    ,13.6875 , 14.125 , -27.8125
213414  , 0.6537767 , -0.19068487 , 9.724928    , 0.0 , 0.0 , -1.0    ,13.9375 , 14.375 , -27.8125
8567073  , 0.5720546 , -0.10896278 , 9.697687    , 0.0 , 0.0 , -1.0    ,13.9375 , 14.375 , -27.8125
243903  , 0.5720546 , -0.10896278 , 9.697687    , 0.0 , 0.0 , -1.0    ,13.1875 , 14.375 , -28.0625
98750000  , 0.42223078 , 0.0 , 9.697687    , 0.0 , 0.0 , -1.0    ,13.1875 , 14.375 , -28.0625
823171  , 0.42223078 , 0.0 , 9.697687    , 0.0 , 0.0 , -1.0    ,13.1875 , 14.125 , -28.3125
28170732  , 0.53119355 , -0.19068487 , 9.615966    , 0.0 , 0.0 , -1.0    ,13.1875 , 14.125 , -28.3125
213414  , 0.53119355 , -0.19068487 , 9.615966    , 0.0 , 0.0 , -1.0    ,12.6875 , 14.625 , -28.5625
38079269  , 0.6946377 , 0.08172209 , 9.425281    , 0.0 , 0.0 , -1.0    ,12.6875 , 14.625 , -28.5625
213414  , 0.6946377 , 0.08172209 , 9.425281    , 0.0 , 0.0 , -1.0    ,12.4375 , 14.625 , -28.3125
213414  , 0.7218784 , -0.14982383 , 9.275456    , 0.0 , 0.0 , -1.0    ,12.4375 , 14.625 , -28.3125
182926  , 0.7218784 , -0.14982383 , 9.275456    , 0.0 , 0.0 , -1.0    ,12.6875 , 14.625 , -27.8125
43689024  , 0.7627395 , -0.19068487 , 9.275456    , 0.0 , 0.0 , -1.0    ,12.6875 , 14.625 , -27.8125
213414  , 0.7627395 , -0.19068487 , 9.275456    , 0.0 , 0.0 , -1.0    ,13.1875 , 15.375 , -27.5625
12621951  , 0.6946377 , -0.14982383 , 9.043911    , 0.0 , 0.0 , -1.0    ,13.1875 , 15.375 , -27.5625
213414  , 0.6946377 , -0.14982383 , 9.043911    , 0.0 , 0.0 , -1.0    ,13.1875 , 15.375 , -27.0625
43323171  , 0.50395286 , -0.14982383 , 8.471856    , 0.0 , 0.0 , -1.0    ,13.1875 , 15.375 , -27.0625
182927  , 0.50395286 , -0.14982383 , 8.471856    , 0.0 , 0.0 , -1.0    ,13.6875 , 15.625 , -27.3125
25213415  , 0.313268 , -0.040861044 , 8.008764    , 0.0 , 0.0 , -1.0    ,13.6875 , 15.625 , -27.3125
182927  , 0.313268 , -0.040861044 , 8.008764    , 0.0 , 0.0 , -1.0    ,13.6875 , 15.875 , -27.3125
38719512  , 0.5720546 , -0.23154591 , 7.6273947    , 0.0 , 0.0 , -1.0    ,13.6875 , 15.875 , -27.3125
182927  , 0.5720546 , -0.23154591 , 7.6273947    , 0.0 , 0.0 , -1.0    ,13.1875 , 15.125 , -27.5625
33140243  , 0.42223078 , -0.14982383 , 7.9270425    , 0.0 , 0.0 , -1.0    ,13.1875 , 15.125 , -27.5625
213415  , 0.42223078 , -0.14982383 , 7.9270425    , 0.0 , 0.0 , -1.0    ,13.6875 , 14.875 , -27.5625
26798780  , 0.46309182 , 0.14982383 , 7.9270425    , 0.0 , 0.0 , -1.0    ,13.6875 , 14.875 , -27.5625
213415  , 0.46309182 , 0.14982383 , 7.9270425    , 0.0 , 0.0 , -1.0    ,13.4375 , 14.125 , -27.3125
39756098  , 0.14982383 , 0.10896278 , 7.6954966    , 0.0 , 0.0 , -1.0    ,13.4375 , 14.125 , -27.3125
213414  , 0.14982383 , 0.10896278 , 7.6954966    , 0.0 , 0.0 , -1.0    ,14.1875 , 14.125 , -27.3125
39847561  , 0.53119355 , -0.23154591 , 7.8861814    , 0.0 , 0.0 , -1.0    ,14.1875 , 14.125 , -27.3125
213415  , 0.53119355 , -0.23154591 , 7.8861814    , 0.0 , 0.0 , -1.0    ,14.4375 , 14.375 , -26.8125
39054878  , 0.23154591 , -0.53119355 , 9.084772    , 0.0 , 0.0 , -1.0    ,14.4375 , 14.375 , -26.8125
182927  , 0.23154591 , -0.53119355 , 9.084772    , 0.0 , 0.0 , -1.0    ,14.4375 , 14.125 , -26.125
40426829  , -0.29964766 , -0.23154591 , 8.771504    , 0.0 , 0.0 , -1.0    ,14.4375 , 14.125 , -26.125
213414  , -0.29964766 , -0.23154591 , 8.771504    , 0.0 , 0.0 , -1.0    ,15.5 , 14.625 , -25.125
39481707  , -0.10896278 , -0.42223078 , 9.084772    , 0.0 , 0.0 , -1.0    ,15.5 , 14.625 , -25.125
213415  , -0.10896278 , -0.42223078 , 9.084772    , 0.0 , 0.0 , -1.0    ,16.0 , 14.625 , -24.375
38201220  , 0.19068487 , -0.5720546 , 9.466142    , 0.0 , 0.0 , -1.0    ,16.0 , 14.625 , -24.375
213414  , 0.19068487 , -0.5720546 , 9.466142    , 0.0 , 0.0 , -1.0    ,16.75 , 14.625 , -23.625
30152439  , 0.10896278 , -0.5720546 , 10.310603    , 0.0 , 0.0 , -1.0    ,16.75 , 14.625 , -23.625
213414  , 0.10896278 , -0.5720546 , 10.310603    , 0.0 , 0.0 , -1.0    ,17.0 , 14.875 , -23.1875
40823170  , 0.040861044 , -0.6946377 , 10.501288    , 0.0 , 0.0 , -1.0    ,17.0 , 14.875 , -23.1875
213414  , 0.040861044 , -0.6946377 , 10.501288    , 0.0 , 0.0 , -1.0    ,16.5 , 15.125 , -22.9375
38871951  , -0.10896278 , -0.9942854 , 11.032481    , 0.0 , 0.0 , -1.0    ,16.5 , 15.125 , -22.9375
213415  , -0.10896278 , -0.9942854 , 11.032481    , 0.0 , 0.0 , -1.0    ,16.75 , 14.875 , -22.6875
39634146  , 0.313268 , -1.2258313 , 11.223166    , 0.0 , 0.0 , -1.0    ,16.75 , 14.875 , -22.6875
213415  , 0.313268 , -1.2258313 , 11.223166    , 0.0 , 0.0 , -1.0    ,17.25 , 15.125 , -21.6875
39359757  , -0.19068487 , -1.0351465 , 11.795221    , 0.0 , 0.0 , -1.0    ,17.25 , 15.125 , -21.6875
213414  , -0.19068487 , -1.0351465 , 11.795221    , 0.0 , 0.0 , -1.0    ,18.0 , 15.375 , -20.5
40091463  , -0.5720546 , -0.95342433 , 11.836082    , 0.0 , 0.0 , -1.0    ,18.0 , 15.375 , -20.5
213415  , -0.5720546 , -0.95342433 , 11.836082    , 0.0 , 0.0 , -1.0    ,19.0625 , 15.875 , -19.25
38018293  , -0.7218784 , -0.9942854 , 12.067628    , 0.0 , 0.0 , -1.0    ,19.0625 , 15.875 , -19.25
274390  , -0.7218784 , -0.9942854 , 12.067628    , 0.0 , 0.0 , -1.0    ,19.5625 , 16.625 , -18.0625
39237804  , -0.3405087 , -0.95342433 , 11.985906    , 0.0 , 0.0 , -1.0    ,19.5625 , 16.625 , -18.0625
243903  , -0.3405087 , -0.95342433 , 11.985906    , 0.0 , 0.0 , -1.0    ,19.3125 , 16.125 , -17.5625
39481707  , -0.6946377 , -0.9942854 , 12.14935    , 0.0 , 0.0 , -1.0    ,19.3125 , 16.125 , -17.5625
274390  , -0.6946377 , -0.9942854 , 12.14935    , 0.0 , 0.0 , -1.0    ,19.8125 , 16.375 , -17.3125
63414634  , -0.88532263 , -1.0760075 , 12.026767    , 0.0 , 0.0 , -1.0    ,19.8125 , 16.375 , -17.3125
182927  , -0.88532263 , -1.0760075 , 12.026767    , 0.0 , 0.0 , -1.0    ,20.0625 , 16.125 , -17.0625
54024391  , -0.88532263 , -1.0351465 , 12.067628    , 0.0 , 0.0 , -1.0    ,20.0625 , 16.125 , -17.0625
1158536  , -0.88532263 , -1.0351465 , 12.067628    , 0.0 , 0.0 , -1.0    ,20.5625 , 15.625 , -16.8125
25000000  , -0.61291564 , -1.1168685 , 11.876944    , 0.0 , 0.0 , -1.0    ,20.5625 , 15.625 , -16.8125
213415  , -0.61291564 , -1.1168685 , 11.876944    , 0.0 , 0.0 , -1.0    ,21.3125 , 16.625 , -16.8125
51768293  , -0.5720546 , -1.0760075 , 11.727119    , 0.0 , 0.0 , -1.0    ,21.3125 , 16.625 , -16.8125
243903  , -0.5720546 , -1.0760075 , 11.727119    , 0.0 , 0.0 , -1.0    ,21.5625 , 16.375 , -16.5625
27195122  , -0.61291564 , -1.1441092 , 11.686258    , 0.0 , 0.0 , -1.0    ,21.5625 , 16.375 , -16.5625
213415  , -0.61291564 , -1.1441092 , 11.686258    , 0.0 , 0.0 , -1.0    ,21.5625 , 16.625 , -16.5625
52987805  , -1.0760075 , -1.0351465 , 11.645397    , 0.0 , 0.0 , -1.0    ,21.5625 , 16.625 , -16.5625
213415  , -1.0760075 , -1.0351465 , 11.645397    , 0.0 , 0.0 , -1.0    ,21.0625 , 16.375 , -16.3125
31707317  , -1.1849703 , -0.84446156 , 11.563675    , 0.0 , 0.0 , -1.0    ,21.0625 , 16.375 , -16.3125
213415  , -1.1849703 , -0.84446156 , 11.563675    , 0.0 , 0.0 , -1.0    ,20.8125 , 15.625 , -16.0625
14268293  , -1.1168685 , -0.61291564 , 11.75436    , 0.0 , 0.0 , -1.0    ,20.8125 , 15.625 , -16.0625
2225611  , -1.1168685 , -0.61291564 , 11.75436    , 0.0 , 0.0 , -1.0    ,20.3125 , 15.625 , -17.0625
37012195  , -1.1168685 , -0.42223078 , 12.108489    , 0.0 , 0.0 , -1.0    ,20.3125 , 15.625 , -17.0625
243902  , -1.1168685 , -0.42223078 , 12.108489    , 0.0 , 0.0 , -1.0    ,20.3125 , 14.875 , -17.5625
24725610  , -1.2666923 , -0.6946377 , 11.304889    , 0.0 , 0.0 , -1.0    ,20.3125 , 14.875 , -17.5625
213414  , -1.2666923 , -0.6946377 , 11.304889    , 0.0 , 0.0 , -1.0    ,20.0625 , 15.125 , -18.25
39817074  , -1.4982382 , -0.61291564 , 11.223166    , 0.0 , 0.0 , -1.0    ,20.0625 , 15.125 , -18.25
213415  , -1.4982382 , -0.61291564 , 11.223166    , 0.0 , 0.0 , -1.0    ,19.5625 , 15.125 , -19.0
39359756  , -1.607201 , -0.42223078 , 10.923519    , 0.0 , 0.0 , -1.0    ,19.5625 , 15.125 , -19.0
182927  , -1.607201 , -0.42223078 , 10.923519    , 0.0 , 0.0 , -1.0    ,19.5625 , 14.625 , -19.0
39817073  , -1.2666923 , -0.23154591 , 10.337844    , 0.0 , 0.0 , -1.0    ,19.5625 , 14.625 , -19.0
213415  , -1.2666923 , -0.23154591 , 10.337844    , 0.0 , 0.0 , -1.0    ,19.3125 , 14.625 , -20.0
39390244  , -0.6946377 , -0.3405087 , 9.724928    , 0.0 , 0.0 , -1.0    ,19.3125 , 14.625 , -20.0
213415  , -0.6946377 , -0.3405087 , 9.724928    , 0.0 , 0.0 , -1.0    ,19.0625 , 14.125 , -20.75
38323170  , -0.8036005 , -0.3405087 , 9.765789    , 0.0 , 0.0 , -1.0    ,19.0625 , 14.125 , -20.75
213414  , -0.8036005 , -0.3405087 , 9.765789    , 0.0 , 0.0 , -1.0    ,19.0625 , 13.875 , -21.1875
39054878  , -1.0760075 , -0.040861044 , 9.615966    , 0.0 , 0.0 , -1.0    ,19.0625 , 13.875 , -21.1875
274390  , -1.0760075 , -0.040861044 , 9.615966    , 0.0 , 0.0 , -1.0    ,18.5 , 13.375 , -22.4375
39603658  , -0.10896278 , -0.23154591 , 8.812365    , 0.0 , 0.0 , -1.0    ,18.5 , 13.375 , -22.4375
243903  , -0.10896278 , -0.23154591 , 8.812365    , 0.0 , 0.0 , -1.0    ,18.0 , 12.625 , -22.9375
39329268  , 0.14982383 , 0.0 , 8.853226    , 0.0 , 0.0 , -1.0    ,18.0 , 12.625 , -22.9375
243903  , 0.14982383 , 0.0 , 8.853226    , 0.0 , 0.0 , -1.0    ,17.75 , 11.875 , -23.1875
39695122  , -0.040861044 , -0.040861044 , 8.117727    , 0.0 , 0.0 , -1.0    ,17.75 , 11.875 , -23.1875
335365  , -0.040861044 , -0.040861044 , 8.117727    , 0.0 , 0.0 , -1.0    ,17.25 , 11.625 , -23.625
39573171  , 0.10896278 , 0.19068487 , 8.390134    , 0.0 , 0.0 , -1.0    ,17.25 , 11.625 , -23.625
243903  , 0.10896278 , 0.19068487 , 8.390134    , 0.0 , 0.0 , -1.0    ,17.0 , 11.375 , -23.625
49969512  , -0.27240697 , 0.53119355 , 8.117727    , 0.0 , 0.0 , -1.0    ,17.0 , 11.375 , -23.625
243902  , -0.27240697 , 0.53119355 , 8.117727    , 0.0 , 0.0 , -1.0    ,16.5 , 11.125 , -23.875
19939024  , 0.14982383 , 0.7627395 , 8.308413    , 0.0 , 0.0 , -1.0    ,16.5 , 11.125 , -23.875
213415  , 0.14982383 , 0.7627395 , 8.308413    , 0.0 , 0.0 , -1.0    ,16.0 , 11.125 , -25.125
40274390  , 0.3405087 , 0.46309182 , 7.9270425    , 0.0 , 0.0 , -1.0    ,16.0 , 11.125 , -25.125
213414  , 0.3405087 , 0.46309182 , 7.9270425    , 0.0 , 0.0 , -1.0    ,15.75 , 10.6875 , -26.125
37469512  , 0.14982383 , 0.5720546 , 8.049625    , 0.0 , 0.0 , -1.0    ,15.75 , 10.6875 , -26.125
243902  , 0.14982383 , 0.5720546 , 8.049625    , 0.0 , 0.0 , -1.0    ,15.25 , 10.6875 , -26.8125
39756097  , 0.10896278 , 0.53119355 , 7.9679036    , 0.0 , 0.0 , -1.0    ,15.25 , 10.6875 , -26.8125
213415  , 0.10896278 , 0.53119355 , 7.9679036    , 0.0 , 0.0 , -1.0    ,15.0 , 10.6875 , -27.8125
39329268  , 0.313268 , 0.3405087 , 7.8589406    , 0.0 , 0.0 , -1.0    ,15.0 , 10.6875 , -27.8125
304878  , 0.313268 , 0.3405087 , 7.8589406    , 0.0 , 0.0 , -1.0    ,15.0 , 10.6875 , -27.5625
40091463  , 0.50395286 , 0.38136974 , 7.6273947    , 0.0 , 0.0 , -1.0    ,15.0 , 10.6875 , -27.5625
1310975  , 0.50395286 , 0.38136974 , 7.6273947    , 0.0 , 0.0 , -1.0    ,14.75 , 10.1875 , -27.3125
37256097  , 0.3405087 , 0.84446156 , 7.6273947    , 0.0 , 0.0 , -1.0    ,14.75 , 10.1875 , -27.3125
213414  , 0.3405087 , 0.84446156 , 7.6273947    , 0.0 , 0.0 , -1.0    ,15.0 , 10.1875 , -27.8125
39146342  , 0.6537767 , 0.7627395 , 6.973618    , 0.0 , 0.0 , -1.0    ,15.0 , 10.1875 , -27.8125
213415  , 0.6537767 , 0.7627395 , 6.973618    , 0.0 , 0.0 , -1.0    ,15.25 , 9.6875 , -27.8125
39512195  , 0.46309182 , 0.50395286 , 7.273266    , 0.0 , 0.0 , -1.0    ,15.25 , 9.6875 , -27.8125
243903  , 0.46309182 , 0.50395286 , 7.273266    , 0.0 , 0.0 , -1.0    ,15.0 , 8.9375 , -27.8125
39542683  , 0.3405087 , 0.6946377 , 7.504812    , 0.0 , 0.0 , -1.0    ,15.0 , 8.9375 , -27.8125
274390  , 0.3405087 , 0.6946377 , 7.504812    , 0.0 , 0.0 , -1.0    ,15.0 , 8.9375 , -28.0625
39451220  , -0.0 , 0.38136974 , 7.4639506    , 0.0 , 0.0 , -1.0    ,15.0 , 8.9375 , -28.0625
243903  , -0.0 , 0.38136974 , 7.4639506    , 0.0 , 0.0 , -1.0    ,15.25 , 8.4375 , -27.3125
39603658  , -0.19068487 , 0.42223078 , 7.8861814    , 0.0 , 0.0 , -1.0    ,15.25 , 8.4375 , -27.3125
304878  , -0.19068487 , 0.42223078 , 7.8861814    , 0.0 , 0.0 , -1.0    ,15.5 , 8.9375 , -26.5625
41219512  , -0.27240697 , 0.61291564 , 9.043911    , 0.0 , 0.0 , -1.0    ,15.5 , 8.9375 , -26.5625
274390  , -0.27240697 , 0.61291564 , 9.043911    , 0.0 , 0.0 , -1.0    ,15.75 , 9.1875 , -26.375
37530488  , -0.23154591 , 0.6946377 , 8.662541    , 0.0 , 0.0 , -1.0    ,15.75 , 9.1875 , -26.375
213415  , -0.23154591 , 0.6946377 , 8.662541    , 0.0 , 0.0 , -1.0    ,16.25 , 9.1875 , -25.875
39390244  , -0.53119355 , 0.5720546 , 9.234595    , 0.0 , 0.0 , -1.0    ,16.25 , 9.1875 , -25.875
243902  , -0.53119355 , 0.5720546 , 9.234595    , 0.0 , 0.0 , -1.0    ,16.5 , 9.1875 , -25.625
39512195  , -0.19068487 , 0.61291564 , 9.80665    , 0.0 , 0.0 , -1.0    ,16.5 , 9.1875 , -25.625
274390  , -0.19068487 , 0.61291564 , 9.80665    , 0.0 , 0.0 , -1.0    ,17.0 , 8.9375 , -25.375
39420731  , -0.19068487 , 0.61291564 , 9.847511    , 0.0 , 0.0 , -1.0    ,17.0 , 8.9375 , -25.375
274391  , -0.19068487 , 0.61291564 , 9.847511    , 0.0 , 0.0 , -1.0    ,17.5 , 9.1875 , -25.375
39634146  , -0.7627395 , 0.46309182 , 10.079058    , 0.0 , 0.0 , -1.0    ,17.5 , 9.1875 , -25.375
243902  , -0.7627395 , 0.46309182 , 10.079058    , 0.0 , 0.0 , -1.0    ,18.25 , 9.1875 , -25.125
40060976  , -0.53119355 , 0.5720546 , 10.147159    , 0.0 , 0.0 , -1.0    ,18.25 , 9.1875 , -25.125
274390  , -0.53119355 , 0.5720546 , 10.147159    , 0.0 , 0.0 , -1.0    ,18.5 , 9.9375 , -24.625
39939025  , -0.53119355 , 0.3405087 , 10.760075    , 0.0 , 0.0 , -1.0    ,18.5 , 9.9375 , -24.625
274390  , -0.53119355 , 0.3405087 , 10.760075    , 0.0 , 0.0 , -1.0    ,18.75 , 9.6875 , -23.875
38323171  , -0.7627395 , 0.61291564 , 10.310603    , 0.0 , 0.0 , -1.0    ,18.75 , 9.6875 , -23.875
213415  , -0.7627395 , 0.61291564 , 10.310603    , 0.0 , 0.0 , -1.0    ,19.5625 , 10.1875 , -23.4375
39359756  , -0.53119355 , 0.5720546 , 10.147159    , 0.0 , 0.0 , -1.0    ,19.5625 , 10.1875 , -23.4375
243903  , -0.53119355 , 0.5720546 , 10.147159    , 0.0 , 0.0 , -1.0    ,19.5625 , 10.1875 , -23.1875
40304878  , -1.2258313 , 0.50395286 , 10.501288    , 0.0 , 0.0 , -1.0    ,19.5625 , 10.1875 , -23.1875
304878  , -1.2258313 , 0.50395286 , 10.501288    , 0.0 , 0.0 , -1.0    ,19.8125 , 9.6875 , -22.4375
39634146  , -0.9125633 , 0.53119355 , 10.882658    , 0.0 , 0.0 , -1.0    ,19.8125 , 9.6875 , -22.4375
213415  , -0.9125633 , 0.53119355 , 10.882658    , 0.0 , 0.0 , -1.0    ,19.8125 , 10.4375 , -22.4375
38506098  , -1.0351465 , 0.3405087 , 11.495573    , 0.0 , 0.0 , -1.0    ,19.8125 , 10.4375 , -22.4375
243902  , -1.0351465 , 0.3405087 , 11.495573    , 0.0 , 0.0 , -1.0    ,19.8125 , 10.4375 , -21.6875
39573170  , -1.4982382 , 0.38136974 , 11.34575    , 0.0 , 0.0 , -1.0    ,19.8125 , 10.4375 , -21.6875
243903  , -1.4982382 , 0.38136974 , 11.34575    , 0.0 , 0.0 , -1.0    ,20.0625 , 11.625 , -20.9375
40914634  , -1.4165162 , 0.46309182 , 11.958665    , 0.0 , 0.0 , -1.0    ,20.0625 , 11.625 , -20.9375
274390  , -1.4165162 , 0.46309182 , 11.958665    , 0.0 , 0.0 , -1.0    ,20.3125 , 12.375 , -20.75
38262195  , -0.7627395 , -0.040861044 , 11.563675    , 0.0 , 0.0 , -1.0    ,20.3125 , 12.375 , -20.75
213415  , -0.7627395 , -0.040861044 , 11.563675    , 0.0 , 0.0 , -1.0    ,20.5625 , 12.625 , -20.25
39085366  , -0.50395286 , -0.14982383 , 12.14935    , 0.0 , 0.0 , -1.0    ,20.5625 , 12.625 , -20.25
213415  , -0.50395286 , -0.14982383 , 12.14935    , 0.0 , 0.0 , -1.0    ,21.0625 , 12.875 , -19.75
43506097  , -0.88532263 , -0.10896278 , 12.4489975    , 0.0 , 0.0 , -1.0    ,21.0625 , 12.875 , -19.75
213415  , -0.88532263 , -0.10896278 , 12.4489975    , 0.0 , 0.0 , -1.0    ,21.3125 , 12.875 , -19.25
36310976  , -0.7627395 , -0.08172209 , 12.026767    , 0.0 , 0.0 , -1.0    ,21.3125 , 12.875 , -19.25
243903  , -0.7627395 , -0.08172209 , 12.026767    , 0.0 , 0.0 , -1.0    ,21.3125 , 13.125 , -18.75
44542682  , -0.95342433 , -0.08172209 , 12.367276    , 0.0 , 0.0 , -1.0    ,21.3125 , 13.125 , -18.75
213414  , -0.95342433 , -0.08172209 , 12.367276    , 0.0 , 0.0 , -1.0    ,20.8125 , 13.375 , -18.25
35426829  , -0.61291564 , -0.08172209 , 11.836082    , 0.0 , 0.0 , -1.0    ,20.8125 , 13.375 , -18.25
213415  , -0.61291564 , -0.08172209 , 11.836082    , 0.0 , 0.0 , -1.0    ,20.5625 , 12.875 , -18.5
39207317  , -0.50395286 , 0.14982383 , 12.217452    , 0.0 , 0.0 , -1.0    ,20.5625 , 12.875 , -18.5
213415  , -0.50395286 , 0.14982383 , 12.217452    , 0.0 , 0.0 , -1.0    ,20.0625 , 12.875 , -19.25
39603659  , -0.53119355 , -0.14982383 , 11.75436    , 0.0 , 0.0 , -1.0    ,20.0625 , 12.875 , -19.25
213415  , -0.53119355 , -0.14982383 , 11.75436    , 0.0 , 0.0 , -1.0    ,19.8125 , 12.625 , -20.0
38170732  , -0.29964766 , -0.08172209 , 11.985906    , 0.0 , 0.0 , -1.0    ,19.8125 , 12.625 , -20.0
274390  , -0.29964766 , -0.08172209 , 11.985906    , 0.0 , 0.0 , -1.0    ,20.0625 , 12.125 , -20.75
39603658  , -0.19068487 , -0.14982383 , 11.495573    , 0.0 , 0.0 , -1.0    ,20.0625 , 12.125 , -20.75
243902  , -0.19068487 , -0.14982383 , 11.495573    , 0.0 , 0.0 , -1.0    ,19.5625 , 12.625 , -20.9375
39817073  , -0.46309182 , -0.23154591 , 11.372991    , 0.0 , 0.0 , -1.0    ,19.5625 , 12.625 , -20.9375
365853  , -0.46309182 , -0.23154591 , 11.372991    , 0.0 , 0.0 , -1.0    ,19.3125 , 12.125 , -20.5
40762195  , -0.42223078 , -0.040861044 , 11.073342    , 0.0 , 0.0 , -1.0    ,19.3125 , 12.125 , -20.5
335366  , -0.42223078 , -0.040861044 , 11.073342    , 0.0 , 0.0 , -1.0    ,19.0625 , 11.875 , -20.5
38780488  , -0.27240697 , -0.14982383 , 10.378705    , 0.0 , 0.0 , -1.0    ,19.0625 , 11.875 , -20.5
213414  , -0.27240697 , -0.14982383 , 10.378705    , 0.0 , 0.0 , -1.0    ,19.0625 , 11.625 , -20.9375
49054878  , -1.2258313 , 0.14982383 , 10.18802    , 0.0 , 0.0 , -1.0    ,19.0625 , 11.625 , -20.9375
213414  , -1.2258313 , 0.14982383 , 10.18802    , 0.0 , 0.0 , -1.0    ,18.5 , 11.375 , -21.6875
39908536  , -0.6946377 , 0.27240697 , 9.302697    , 0.0 , 0.0 , -1.0    ,18.5 , 11.375 , -21.6875
213415  , -0.6946377 , 0.27240697 , 9.302697    , 0.0 , 0.0 , -1.0    ,18.0 , 11.375 , -22.4375
39054878  , -0.8036005 , 0.19068487 , 9.302697    , 0.0 , 0.0 , -1.0    ,18.0 , 11.375 , -22.4375
213414  , -0.8036005 , 0.19068487 , 9.302697    , 0.0 , 0.0 , -1.0    ,17.5 , 11.375 , -23.875
39969512  , -0.53119355 , 0.46309182 , 8.962189    , 0.0 , 0.0 , -1.0    ,17.5 , 11.375 , -23.875
243902  , -0.53119355 , 0.46309182 , 8.962189    , 0.0 , 0.0 , -1.0    ,17.0 , 11.375 , -25.125
38780488  , -0.84446156 , 0.5720546 , 8.894087    , 0.0 , 0.0 , -1.0    ,17.0 , 11.375 , -25.125
213415  , -0.84446156 , 0.5720546 , 8.894087    , 0.0 , 0.0 , -1.0    ,16.75 , 11.125 , -26.125
39054878  , -0.88532263 , 0.53119355 , 8.308413    , 0.0 , 0.0 , -1.0    ,16.75 , 11.125 , -26.125
274390  , -0.88532263 , 0.53119355 , 8.308413    , 0.0 , 0.0 , -1.0    ,16.75 , 10.6875 , -27.3125
39481707  , -0.50395286 , 0.7218784 , 8.240311    , 0.0 , 0.0 , -1.0    ,16.75 , 10.6875 , -27.3125
274390  , -0.50395286 , 0.7218784 , 8.240311    , 0.0 , 0.0 , -1.0    ,16.75 , 10.4375 , -27.5625
39634146  , -0.0 , 0.88532263 , 8.308413    , 0.0 , 0.0 , -1.0    ,16.75 , 10.4375 , -27.5625
274390  , -0.0 , 0.88532263 , 8.308413    , 0.0 , 0.0 , -1.0    ,16.25 , 9.9375 , -28.3125
42012195  , 0.313268 , 0.6537767 , 8.390134    , 0.0 , 0.0 , -1.0    ,16.25 , 9.9375 , -28.3125
365854  , 0.313268 , 0.6537767 , 8.390134    , 0.0 , 0.0 , -1.0    ,16.25 , 9.6875 , -28.8125
37164634  , 0.5720546 , 0.6537767 , 7.273266    , 0.0 , 0.0 , -1.0    ,16.25 , 9.6875 , -28.8125
182927  , 0.5720546 , 0.6537767 , 7.273266    , 0.0 , 0.0 , -1.0    ,16.0 , 9.4375 , -29.25
38689024  , 0.7627395 , 0.6946377 , 7.5865335    , 0.0 , 0.0 , -1.0    ,16.0 , 9.4375 , -29.25
243902  , 0.7627395 , 0.6946377 , 7.5865335    , 0.0 , 0.0 , -1.0    ,15.25 , 9.1875 , -29.75
39634147  , 0.6946377 , 0.5720546 , 7.43671    , 0.0 , 0.0 , -1.0    ,15.25 , 9.1875 , -29.75
243903  , 0.6946377 , 0.5720546 , 7.43671    , 0.0 , 0.0 , -1.0    ,14.75 , 9.1875 , -29.75
39847561  , 0.7218784 , 0.50395286 , 7.205164    , 0.0 , 0.0 , -1.0    ,14.75 , 9.1875 , -29.75
243903  , 0.7218784 , 0.50395286 , 7.205164    , 0.0 , 0.0 , -1.0    ,13.6875 , 8.9375 , -30.0
39512195  , 0.84446156 , 0.46309182 , 7.205164    , 0.0 , 0.0 , -1.0    ,13.6875 , 8.9375 , -30.0
274390  , 0.84446156 , 0.46309182 , 7.205164    , 0.0 , 0.0 , -1.0    ,13.1875 , 8.6875 , -30.0
39268293  , 0.6946377 , 1.0760075 , 6.5922484    , 0.0 , 0.0 , -1.0    ,13.1875 , 8.6875 , -30.0
243902  , 0.6946377 , 1.0760075 , 6.5922484    , 0.0 , 0.0 , -1.0    ,13.1875 , 7.9375 , -30.0
39390244  , 0.6946377 , 1.1849703 , 6.1291566    , 0.0 , 0.0 , -1.0    ,13.1875 , 7.9375 , -30.0
182927  , 0.6946377 , 1.1849703 , 6.1291566    , 0.0 , 0.0 , -1.0    ,12.9375 , 7.4375 , -29.5
39329268  , 0.88532263 , 0.92618364 , 6.469665    , 0.0 , 0.0 , -1.0    ,12.9375 , 7.4375 , -29.5
274390  , 0.88532263 , 0.92618364 , 6.469665    , 0.0 , 0.0 , -1.0    ,13.4375 , 7.1875 , -29.5
39420731  , 0.9942854 , 1.0351465 , 7.5456724    , 0.0 , 0.0 , -1.0    ,13.4375 , 7.1875 , -29.5
243902  , 0.9942854 , 1.0351465 , 7.5456724    , 0.0 , 0.0 , -1.0    ,13.4375 , 6.9375 , -29.5
39512195  , 0.50395286 , 0.5720546 , 6.851035    , 0.0 , 0.0 , -1.0    ,13.4375 , 6.9375 , -29.5
243902  , 0.50395286 , 0.5720546 , 6.851035    , 0.0 , 0.0 , -1.0    ,13.9375 , 7.6875 , -29.0625
39634146  , -0.53119355 , 0.7218784 , 9.112013    , 0.0 , 0.0 , -1.0    ,13.9375 , 7.6875 , -29.0625
1067073  , -0.53119355 , 0.7218784 , 9.112013    , 0.0 , 0.0 , -1.0    ,14.4375 , 8.4375 , -28.8125
38231708  , 0.6946377 , 0.6537767 , 8.689782    , 0.0 , 0.0 , -1.0    ,14.4375 , 8.4375 , -28.8125
274390  , 0.6946377 , 0.6537767 , 8.689782    , 0.0 , 0.0 , -1.0    ,14.4375 , 8.9375 , -28.0625
39481707  , -0.61291564 , 0.9942854 , 10.269742    , 0.0 , 0.0 , -1.0    ,14.4375 , 8.9375 , -28.0625
274390  , -0.61291564 , 0.9942854 , 10.269742    , 0.0 , 0.0 , -1.0    ,15.0 , 9.6875 , -27.3125
39542683  , 0.313268 , 0.61291564 , 8.580819    , 0.0 , 0.0 , -1.0    ,15.0 , 9.6875 , -27.3125
243903  , 0.313268 , 0.61291564 , 8.580819    , 0.0 , 0.0 , -1.0    ,15.25 , 9.6875 , -26.5625
39512195  , 0.19068487 , 0.84446156 , 10.119919    , 0.0 , 0.0 , -1.0    ,15.25 , 9.6875 , -26.5625
274390  , 0.19068487 , 0.84446156 , 10.119919    , 0.0 , 0.0 , -1.0    ,15.75 , 9.9375 , -26.125
39451219  , -0.14982383 , 1.334794 , 9.534244    , 0.0 , 0.0 , -1.0    ,15.75 , 9.9375 , -26.125
243902  , -0.14982383 , 1.334794 , 9.534244    , 0.0 , 0.0 , -1.0    ,16.75 , 9.9375 , -24.875
39329268  , 0.27240697 , 0.19068487 , 8.771504    , 0.0 , 0.0 , -1.0    ,16.75 , 9.9375 , -24.875
274390  , 0.27240697 , 0.19068487 , 8.771504    , 0.0 , 0.0 , -1.0    ,17.0 , 9.6875 , -23.875
41585365  , -0.10896278 , 0.23154591 , 10.991621    , 0.0 , 0.0 , -1.0    ,17.0 , 9.6875 , -23.875
304878  , -0.10896278 , 0.23154591 , 10.991621    , 0.0 , 0.0 , -1.0    ,17.25 , 9.4375 , -23.4375
37103659  , -1.4165162 , 0.50395286 , 11.264028    , 0.0 , 0.0 , -1.0    ,17.25 , 9.4375 , -23.4375
243903  , -1.4165162 , 0.50395286 , 11.264028    , 0.0 , 0.0 , -1.0    ,18.0 , 9.1875 , -22.4375
39542683  , -0.88532263 , 0.23154591 , 11.304889    , 0.0 , 0.0 , -1.0    ,18.0 , 9.1875 , -22.4375
274390  , -0.88532263 , 0.23154591 , 11.304889    , 0.0 , 0.0 , -1.0    ,18.75 , 10.1875 , -21.6875
39481708  , -0.88532263 , 0.53119355 , 12.176591    , 0.0 , 0.0 , -1.0    ,18.75 , 10.1875 , -21.6875
213415  , -0.88532263 , 0.53119355 , 12.176591    , 0.0 , 0.0 , -1.0    ,19.3125 , 10.875 , -20.9375
39756097  , -1.0351465 , 0.040861044 , 11.304889    , 0.0 , 0.0 , -1.0    ,19.3125 , 10.875 , -20.9375
243903  , -1.0351465 , 0.040861044 , 11.304889    , 0.0 , 0.0 , -1.0    ,20.3125 , 11.875 , -20.25
39268293  , -1.1441092 , 0.0 , 11.686258    , 0.0 , 0.0 , -1.0    ,20.3125 , 11.875 , -20.25
243903  , -1.1441092 , 0.0 , 11.686258    , 0.0 , 0.0 , -1.0    ,20.8125 , 12.625 , -19.5
40853658  , -1.334794 , -0.040861044 , 11.876944    , 0.0 , 0.0 , -1.0    ,20.8125 , 12.625 , -19.5
335366  , -1.334794 , -0.040861044 , 11.876944    , 0.0 , 0.0 , -1.0    ,20.8125 , 12.375 , -19.0
37804878  , -1.2258313 , -0.19068487 , 11.876944    , 0.0 , 0.0 , -1.0    ,20.8125 , 12.375 , -19.0
213415  , -1.2258313 , -0.19068487 , 11.876944    , 0.0 , 0.0 , -1.0    ,21.5625 , 12.875 , -18.5
39725610  , -1.1441092 , -0.14982383 , 12.367276    , 0.0 , 0.0 , -1.0    ,21.5625 , 12.875 , -18.5
182927  , -1.1441092 , -0.14982383 , 12.367276    , 0.0 , 0.0 , -1.0    ,21.8125 , 13.375 , -17.8125
39451220  , -0.6946377 , -0.27240697 , 12.680544    , 0.0 , 0.0 , -1.0    ,21.8125 , 13.375 , -17.8125
243903  , -0.6946377 , -0.27240697 , 12.680544    , 0.0 , 0.0 , -1.0    ,21.5625 , 13.375 , -17.3125
39603658  , -0.46309182 , -0.50395286 , 12.9529505    , 0.0 , 0.0 , -1.0    ,21.5625 , 13.375 , -17.3125
304878  , -0.46309182 , -0.50395286 , 12.9529505    , 0.0 , 0.0 , -1.0    ,21.3125 , 14.125 , -17.0625
39725610  , -0.10896278 , -0.50395286 , 12.598822    , 0.0 , 0.0 , -1.0    ,21.3125 , 14.125 , -17.0625
304878  , -0.10896278 , -0.50395286 , 12.598822    , 0.0 , 0.0 , -1.0    ,21.0625 , 14.625 , -16.5625
38628049  , -0.3405087 , -0.50395286 , 12.067628    , 0.0 , 0.0 , -1.0    ,21.0625 , 14.625 , -16.5625
243903  , -0.3405087 , -0.50395286 , 12.067628    , 0.0 , 0.0 , -1.0    ,20.8125 , 14.625 , -16.5625
40701219  , -0.6946377 , -0.46309182 , 11.75436    , 0.0 , 0.0 , -1.0    ,20.8125 , 14.625 , -16.5625
243903  , -0.6946377 , -0.46309182 , 11.75436    , 0.0 , 0.0 , -1.0    ,20.5625 , 15.125 , -17.0625
39451219  , -1.2666923 , -0.27240697 , 11.372991    , 0.0 , 0.0 , -1.0    ,20.5625 , 15.125 , -17.0625
213414  , -1.2666923 , -0.27240697 , 11.372991    , 0.0 , 0.0 , -1.0    ,20.5625 , 14.875 , -17.5625
38536586  , -1.1441092 , -0.23154591 , 11.264028    , 0.0 , 0.0 , -1.0    ,20.5625 , 14.875 , -17.5625
213415  , -1.1441092 , -0.23154591 , 11.264028    , 0.0 , 0.0 , -1.0    ,20.5625 , 14.625 , -18.25
40365854  , -1.6480621 , -0.23154591 , 11.727119    , 0.0 , 0.0 , -1.0    ,20.5625 , 14.625 , -18.25
213414  , -1.6480621 , -0.23154591 , 11.727119    , 0.0 , 0.0 , -1.0    ,20.0625 , 14.625 , -19.0
40060975  , -1.334794 , 0.040861044 , 11.304889    , 0.0 , 0.0 , -1.0    ,20.0625 , 14.625 , -19.0
213415  , -1.334794 , 0.040861044 , 11.304889    , 0.0 , 0.0 , -1.0    ,20.8125 , 14.125 , -19.25
43170732  , -0.9942854 , 0.0 , 10.800936    , 0.0 , 0.0 , -1.0    ,20.8125 , 14.125 , -19.25
213415  , -0.9942854 , 0.0 , 10.800936    , 0.0 , 0.0 , -1.0    ,21.0625 , 13.375 , -19.75
36463415  , -1.2666923 , -0.10896278 , 10.923519    , 0.0 , 0.0 , -1.0    ,21.0625 , 13.375 , -19.75
213415  , -1.2666923 , -0.10896278 , 10.923519    , 0.0 , 0.0 , -1.0    ,21.0625 , 13.125 , -20.75
39420731  , -1.1168685 , -0.14982383 , 10.147159    , 0.0 , 0.0 , -1.0    ,21.0625 , 13.125 , -20.75
213415  , -1.1168685 , -0.14982383 , 10.147159    , 0.0 , 0.0 , -1.0    ,21.0625 , 12.625 , -21.4375
37743902  , -1.0351465 , 0.08172209 , 9.765789    , 0.0 , 0.0 , -1.0    ,21.0625 , 12.625 , -21.4375
213415  , -1.0351465 , 0.08172209 , 9.765789    , 0.0 , 0.0 , -1.0    ,20.3125 , 12.625 , -22.1875
39420732  , -0.84446156 , 0.040861044 , 9.112013    , 0.0 , 0.0 , -1.0    ,20.3125 , 12.625 , -22.1875
274390  , -0.84446156 , 0.040861044 , 9.112013    , 0.0 , 0.0 , -1.0    ,19.5625 , 12.625 , -23.4375
39481707  , -0.42223078 , 0.3405087 , 8.499097    , 0.0 , 0.0 , -1.0    ,19.5625 , 12.625 , -23.4375
213415  , -0.42223078 , 0.3405087 , 8.499097    , 0.0 , 0.0 , -1.0    ,19.0625 , 12.125 , -24.125
39542683  , -0.5720546 , 0.27240697 , 8.471856    , 0.0 , 0.0 , -1.0    ,19.0625 , 12.125 , -24.125
243902  , -0.5720546 , 0.27240697 , 8.471856    , 0.0 , 0.0 , -1.0    ,18.75 , 11.875 , -24.875
39542682  , -0.23154591 , 0.38136974 , 8.117727    , 0.0 , 0.0 , -1.0    ,18.75 , 11.875 , -24.875
274391  , -0.23154591 , 0.38136974 , 8.117727    , 0.0 , 0.0 , -1.0    ,18.5 , 11.625 , -26.125
39878049  , -0.0 , 0.14982383 , 7.9270425    , 0.0 , 0.0 , -1.0    ,18.5 , 11.625 , -26.125
243902  , -0.0 , 0.14982383 , 7.9270425    , 0.0 , 0.0 , -1.0    ,18.25 , 12.125 , -26.125
39085366  , -0.27240697 , 0.19068487 , 8.580819    , 0.0 , 0.0 , -1.0    ,18.25 , 12.125 , -26.125
182927  , -0.27240697 , 0.19068487 , 8.580819    , 0.0 , 0.0 , -1.0    ,17.5 , 11.875 , -26.375
39390244  , -0.19068487 , 0.27240697 , 8.390134    , 0.0 , 0.0 , -1.0    ,17.5 , 11.875 , -26.375
274390  , -0.19068487 , 0.27240697 , 8.390134    , 0.0 , 0.0 , -1.0    ,17.25 , 12.125 , -26.375
39451219  , 0.23154591 , 0.10896278 , 8.730643    , 0.0 , 0.0 , -1.0    ,17.25 , 12.125 , -26.375
243903  , 0.23154591 , 0.10896278 , 8.730643    , 0.0 , 0.0 , -1.0    ,17.0 , 12.125 , -26.125
39481707  , -0.29964766 , 0.08172209 , 8.894087    , 0.0 , 0.0 , -1.0    ,17.0 , 12.125 , -26.125
274391  , -0.29964766 , 0.08172209 , 8.894087    , 0.0 , 0.0 , -1.0    ,16.5 , 11.625 , -26.125
39634146  , -0.10896278 , 0.313268 , 9.043911    , 0.0 , 0.0 , -1.0    ,16.5 , 11.625 , -26.125
243903  , -0.10896278 , 0.313268 , 9.043911    , 0.0 , 0.0 , -1.0    ,16.5 , 12.375 , -26.5625
39725610  , 0.14982383 , 0.23154591 , 8.281172    , 0.0 , 0.0 , -1.0    ,16.5 , 12.375 , -26.5625
213415  , 0.14982383 , 0.23154591 , 8.281172    , 0.0 , 0.0 , -1.0    ,16.0 , 11.875 , -27.0625
39329268  , 0.27240697 , 0.10896278 , 7.8180795    , 0.0 , 0.0 , -1.0    ,16.0 , 11.875 , -27.0625
213415  , 0.27240697 , 0.10896278 , 7.8180795    , 0.0 , 0.0 , -1.0    ,15.5 , 11.625 , -27.3125
39298780  , 0.14982383 , 0.23154591 , 7.504812    , 0.0 , 0.0 , -1.0    ,15.5 , 11.625 , -27.3125
243902  , 0.14982383 , 0.23154591 , 7.504812    , 0.0 , 0.0 , -1.0    ,15.25 , 11.375 , -27.5625
39329269  , 0.3405087 , 0.23154591 , 6.932757    , 0.0 , 0.0 , -1.0    ,15.25 , 11.375 , -27.5625
213415  , 0.3405087 , 0.23154591 , 6.932757    , 0.0 , 0.0 , -1.0    ,15.25 , 10.875 , -27.3125
39451220  , 0.92618364 , 0.08172209 , 7.082581    , 0.0 , 0.0 , -1.0    ,15.25 , 10.875 , -27.3125
182927  , 0.92618364 , 0.08172209 , 7.082581    , 0.0 , 0.0 , -1.0    ,14.75 , 10.875 , -27.5625
39573171  , 0.53119355 , 0.08172209 , 7.0553403    , 0.0 , 0.0 , -1.0    ,14.75 , 10.875 , -27.5625
274390  , 0.53119355 , 0.08172209 , 7.0553403    , 0.0 , 0.0 , -1.0    ,14.4375 , 10.875 , -27.8125
39512195  , -0.0 , 0.27240697 , 7.3141265    , 0.0 , 0.0 , -1.0    ,14.4375 , 10.875 , -27.8125
274390  , -0.0 , 0.27240697 , 7.3141265    , 0.0 , 0.0 , -1.0    ,14.4375 , 10.875 , -28.0625
39390243  , 0.53119355 , 0.19068487 , 7.668256    , 0.0 , 0.0 , -1.0    ,14.4375 , 10.875 , -28.0625
274391  , 0.53119355 , 0.19068487 , 7.668256    , 0.0 , 0.0 , -1.0    ,14.4375 , 10.1875 , -28.0625
39634146  , 0.7218784 , 0.08172209 , 8.240311    , 0.0 , 0.0 , -1.0    ,14.4375 , 10.1875 , -28.0625
243903  , 0.7218784 , 0.08172209 , 8.240311    , 0.0 , 0.0 , -1.0    ,14.4375 , 10.1875 , -27.3125
39268292  , 0.42223078 , 0.23154591 , 8.689782    , 0.0 , 0.0 , -1.0    ,14.4375 , 10.1875 , -27.3125
274391  , 0.42223078 , 0.23154591 , 8.689782    , 0.0 , 0.0 , -1.0    ,14.4375 , 9.9375 , -27.3125
39725610  , 0.61291564 , 0.38136974 , 8.812365    , 0.0 , 0.0 , -1.0    ,14.4375 , 9.9375 , -27.3125
182927  , 0.61291564 , 0.38136974 , 8.812365    , 0.0 , 0.0 , -1.0    ,15.0 , 9.1875 , -26.8125
39176829  , 0.08172209 , 0.53119355 , 10.079058    , 0.0 , 0.0 , -1.0    ,15.0 , 9.1875 , -26.8125
213415  , 0.08172209 , 0.53119355 , 10.079058    , 0.0 , 0.0 , -1.0    ,15.25 , 9.1875 , -26.125
39573171  , 0.08172209 , 0.8036005 , 9.234595    , 0.0 , 0.0 , -1.0    ,15.25 , 9.1875 , -26.125
304878  , 0.08172209 , 0.8036005 , 9.234595    , 0.0 , 0.0 , -1.0    ,16.0 , 9.1875 , -25.875
40487805  , -0.27240697 , 0.3405087 , 10.228881    , 0.0 , 0.0 , -1.0    ,16.0 , 9.1875 , -25.875
304878  , -0.27240697 , 0.3405087 , 10.228881    , 0.0 , 0.0 , -1.0    ,16.5 , 8.9375 , -24.875
39725609  , -0.50395286 , 0.38136974 , 10.18802    , 0.0 , 0.0 , -1.0    ,16.5 , 8.9375 , -24.875
213414  , -0.50395286 , 0.38136974 , 10.18802    , 0.0 , 0.0 , -1.0    ,16.75 , 9.6875 , -24.125
38079269  , -0.6946377 , 0.313268 , 10.337844    , 0.0 , 0.0 , -1.0    ,16.75 , 9.6875 , -24.125
243902  , -0.6946377 , 0.313268 , 10.337844    , 0.0 , 0.0 , -1.0    ,17.25 , 10.1875 , -23.875
39481707  , -0.0 , 0.10896278 , 10.95076    , 0.0 , 0.0 , -1.0    ,17.25 , 10.1875 , -23.875
243902  , -0.0 , 0.10896278 , 10.95076    , 0.0 , 0.0 , -1.0    ,17.75 , 10.4375 , -23.4375
39481707  , -0.3405087 , 0.19068487 , 10.841797    , 0.0 , 0.0 , -1.0    ,17.75 , 10.4375 , -23.4375
274390  , -0.3405087 , 0.19068487 , 10.841797    , 0.0 , 0.0 , -1.0    ,17.75 , 11.375 , -22.9375
39512195  , -0.19068487 , -0.38136974 , 10.228881    , 0.0 , 0.0 , -1.0    ,17.75 , 11.375 , -22.9375
243902  , -0.19068487 , -0.38136974 , 10.228881    , 0.0 , 0.0 , -1.0    ,17.75 , 12.125 , -22.1875
41554878  , -0.29964766 , -0.53119355 , 10.528529    , 0.0 , 0.0 , -1.0    ,17.75 , 12.125 , -22.1875
213415  , -0.29964766 , -0.53119355 , 10.528529    , 0.0 , 0.0 , -1.0    ,17.75 , 12.625 , -20.9375
40670732  , -0.61291564 , -0.23154591 , 11.372991    , 0.0 , 0.0 , -1.0    ,17.75 , 12.625 , -20.9375
213415  , -0.61291564 , -0.23154591 , 11.372991    , 0.0 , 0.0 , -1.0    ,18.0 , 12.875 , -20.25
37713415  , -0.50395286 , -0.38136974 , 11.141444    , 0.0 , 0.0 , -1.0    ,18.0 , 12.875 , -20.25
213415  , -0.50395286 , -0.38136974 , 11.141444    , 0.0 , 0.0 , -1.0    ,19.3125 , 13.125 , -19.25
40335366  , -0.95342433 , -0.29964766 , 11.686258    , 0.0 , 0.0 , -1.0    ,19.3125 , 13.125 , -19.25
213415  , -0.95342433 , -0.29964766 , 11.686258    , 0.0 , 0.0 , -1.0    ,20.0625 , 12.625 , -18.75
37469512  , -1.1168685 , -0.29964766 , 11.727119    , 0.0 , 0.0 , -1.0    ,20.0625 , 12.625 , -18.75
213415  , -1.1168685 , -0.29964766 , 11.727119    , 0.0 , 0.0 , -1.0    ,20.5625 , 13.125 , -18.25
30182927  , -1.1441092 , -0.23154591 , 11.917805    , 0.0 , 0.0 , -1.0    ,20.5625 , 13.125 , -18.25
213415  , -1.1441092 , -0.23154591 , 11.917805    , 0.0 , 0.0 , -1.0    ,21.0625 , 13.875 , -17.3125
47073171  , -1.334794 , -0.19068487 , 12.067628    , 0.0 , 0.0 , -1.0    ,21.0625 , 13.875 , -17.3125
213415  , -1.334794 , -0.19068487 , 12.067628    , 0.0 , 0.0 , -1.0    ,21.0625 , 13.875 , -16.8125
31768293  , -1.0760075 , 0.0 , 12.830367    , 0.0 , 0.0 , -1.0    ,21.0625 , 13.875 , -16.8125
182927  , -1.0760075 , 0.0 , 12.830367    , 0.0 , 0.0 , -1.0    ,21.8125 , 14.625 , -16.3125
43689024  , -0.7218784 , -0.040861044 , 12.680544    , 0.0 , 0.0 , -1.0    ,21.8125 , 14.625 , -16.3125
213415  , -0.7218784 , -0.040861044 , 12.680544    , 0.0 , 0.0 , -1.0    ,22.0625 , 14.875 , -16.3125
36250001  , -0.6537767 , -0.6537767 , 12.830367    , 0.0 , 0.0 , -1.0    ,22.0625 , 14.875 , -16.3125
243902  , -0.6537767 , -0.6537767 , 12.830367    , 0.0 , 0.0 , -1.0    ,22.0625 , 14.125 , -16.5625
40426830  , -0.61291564 , -0.46309182 , 12.830367    , 0.0 , 0.0 , -1.0    ,22.0625 , 14.125 , -16.5625
213415  , -0.61291564 , -0.46309182 , 12.830367    , 0.0 , 0.0 , -1.0    ,21.8125 , 14.375 , -16.3125
39603658  , -1.2258313 , -0.46309182 , 12.571581    , 0.0 , 0.0 , -1.0    ,21.8125 , 14.375 , -16.3125
243903  , -1.2258313 , -0.46309182 , 12.571581    , 0.0 , 0.0 , -1.0    ,21.5625 , 14.625 , -16.5625
37469512  , -1.334794 , -0.46309182 , 12.217452    , 0.0 , 0.0 , -1.0    ,21.5625 , 14.625 , -16.5625
213415  , -1.334794 , -0.46309182 , 12.217452    , 0.0 , 0.0 , -1.0    ,21.8125 , 14.125 , -16.5625
39329269  , -1.7570249 , -0.10896278 , 11.836082    , 0.0 , 0.0 , -1.0    ,21.8125 , 14.125 , -16.5625
213415  , -1.7570249 , -0.10896278 , 11.836082    , 0.0 , 0.0 , -1.0    ,21.8125 , 14.375 , -16.5625
39481707  , -1.2666923 , -0.10896278 , 10.528529    , 0.0 , 0.0 , -1.0    ,21.8125 , 14.375 , -16.5625
243902  , -1.2666923 , -0.10896278 , 10.528529    , 0.0 , 0.0 , -1.0    ,22.0625 , 14.125 , -17.3125
39603659  , -1.6889231 , 0.040861044 , 10.841797    , 0.0 , 0.0 , -1.0    ,22.0625 , 14.125 , -17.3125
274390  , -1.6889231 , 0.040861044 , 10.841797    , 0.0 , 0.0 , -1.0    ,21.5625 , 13.625 , -18.0625
40335366  , -1.6480621 , 0.23154591 , 10.337844    , 0.0 , 0.0 , -1.0    ,21.5625 , 13.625 , -18.0625
274390  , -1.6480621 , 0.23154591 , 10.337844    , 0.0 , 0.0 , -1.0    ,20.5625 , 13.125 , -19.0
39969512  , -1.3075534 , 0.23154591 , 9.724928    , 0.0 , 0.0 , -1.0    ,20.5625 , 13.125 , -19.0
213415  , -1.3075534 , 0.23154591 , 9.724928    , 0.0 , 0.0 , -1.0    ,20.0625 , 12.875 , -20.0
38048781  , -1.4573772 , 0.42223078 , 10.079058    , 0.0 , 0.0 , -1.0    ,20.0625 , 12.875 , -20.0
213415  , -1.4573772 , 0.42223078 , 10.079058    , 0.0 , 0.0 , -1.0    ,19.8125 , 12.375 , -20.75
39329268  , -0.9125633 , 0.5720546 , 8.812365    , 0.0 , 0.0 , -1.0    ,19.8125 , 12.375 , -20.75
243903  , -0.9125633 , 0.5720546 , 8.812365    , 0.0 , 0.0 , -1.0    ,19.3125 , 11.625 , -21.4375
39542683  , -0.5720546 , 0.46309182 , 8.771504    , 0.0 , 0.0 , -1.0    ,19.3125 , 11.625 , -21.4375
243903  , -0.5720546 , 0.46309182 , 8.771504    , 0.0 , 0.0 , -1.0    ,19.3125 , 11.125 , -22.4375
40609756  , -0.84446156 , 0.61291564 , 8.19945    , 0.0 , 0.0 , -1.0    ,19.3125 , 11.125 , -22.4375
274390  , -0.84446156 , 0.61291564 , 8.19945    , 0.0 , 0.0 , -1.0    ,18.75 , 10.875 , -22.9375
38140244  , -0.53119355 , 0.88532263 , 7.9679036    , 0.0 , 0.0 , -1.0    ,18.75 , 10.875 , -22.9375
213415  , -0.53119355 , 0.88532263 , 7.9679036    , 0.0 , 0.0 , -1.0    ,18.25 , 10.875 , -23.4375
41036585  , -0.7627395 , 0.84446156 , 8.499097    , 0.0 , 0.0 , -1.0    ,18.25 , 10.875 , -23.4375
213414  , -0.7627395 , 0.84446156 , 8.499097    , 0.0 , 0.0 , -1.0    ,18.0 , 10.875 , -23.625
38079269  , -0.3405087 , 0.7218784 , 8.62168    , 0.0 , 0.0 , -1.0    ,18.0 , 10.875 , -23.625
274390  , -0.3405087 , 0.7218784 , 8.62168    , 0.0 , 0.0 , -1.0    ,17.75 , 11.125 , -23.4375
39451219  , -0.6537767 , 0.7627395 , 8.689782    , 0.0 , 0.0 , -1.0    ,17.75 , 11.125 , -23.4375
243903  , -0.6537767 , 0.7627395 , 8.689782    , 0.0 , 0.0 , -1.0    ,17.75 , 10.875 , -23.625
39573171  , -0.19068487 , 0.7218784 , 8.689782    , 0.0 , 0.0 , -1.0    ,17.75 , 10.875 , -23.625
274390  , -0.19068487 , 0.7218784 , 8.689782    , 0.0 , 0.0 , -1.0    ,17.25 , 10.1875 , -24.125
39786586  , -0.08172209 , 0.7627395 , 8.499097    , 0.0 , 0.0 , -1.0    ,17.25 , 10.1875 , -24.125
274390  , -0.08172209 , 0.7627395 , 8.499097    , 0.0 , 0.0 , -1.0    ,17.0 , 9.9375 , -24.625
43506097  , 0.14982383 , 0.61291564 , 8.349273    , 0.0 , 0.0 , -1.0    ,17.0 , 9.9375 , -24.625
213415  , 0.14982383 , 0.61291564 , 8.349273    , 0.0 , 0.0 , -1.0    ,16.75 , 9.4375 , -24.875
35000000  , 0.50395286 , 0.8036005 , 7.9679036    , 0.0 , 0.0 , -1.0    ,16.75 , 9.4375 , -24.875
274390  , 0.50395286 , 0.8036005 , 7.9679036    , 0.0 , 0.0 , -1.0    ,16.5 , 9.1875 , -25.125
39573171  , 0.46309182 , 0.84446156 , 7.7772183    , 0.0 , 0.0 , -1.0    ,16.5 , 9.1875 , -25.125
30426830  , 0.3405087 , 0.6946377 , 7.6954966    , 0.0 , 0.0 , -1.0    ,16.5 , 9.1875 , -25.125
274391  , 0.3405087 , 0.6946377 , 7.6954966    , 0.0 , 0.0 , -1.0    ,16.25 , 8.9375 , -25.625
40945121  , 0.46309182 , 0.7218784 , 7.3958488    , 0.0 , 0.0 , -1.0    ,16.25 , 8.9375 , -25.625
274391  , 0.46309182 , 0.7218784 , 7.3958488    , 0.0 , 0.0 , -1.0    ,16.0 , 9.1875 , -26.375
37682927  , 0.313268 , 0.7218784 , 7.246025    , 0.0 , 0.0 , -1.0    ,16.0 , 9.1875 , -26.375
213414  , 0.313268 , 0.7218784 , 7.246025    , 0.0 , 0.0 , -1.0    ,15.5 , 8.9375 , -27.0625
39390244  , 0.23154591 , 1.0760075 , 7.205164    , 0.0 , 0.0 , -1.0    ,15.5 , 8.9375 , -27.0625
274391  , 0.23154591 , 1.0760075 , 7.205164    , 0.0 , 0.0 , -1.0    ,15.0 , 9.1875 , -27.0625
39298780  , 0.42223078 , 0.92618364 , 6.5513873    , 0.0 , 0.0 , -1.0    ,15.0 , 9.1875 , -27.0625
274390  , 0.42223078 , 0.92618364 , 6.5513873    , 0.0 , 0.0 , -1.0    ,15.5 , 9.4375 , -26.5625
39359756  , 0.14982383 , 0.88532263 , 7.4639506    , 0.0 , 0.0 , -1.0    ,15.5 , 9.4375 , -26.5625
213415  , 0.14982383 , 0.88532263 , 7.4639506    , 0.0 , 0.0 , -1.0    ,15.5 , 9.1875 , -26.125
40030488  , -0.14982383 , 0.84446156 , 7.8861814    , 0.0 , 0.0 , -1.0    ,15.5 , 9.1875 , -26.125
243902  , -0.14982383 , 0.84446156 , 7.8861814    , 0.0 , 0.0 , -1.0    ,15.5 , 9.1875 , -25.625
40243903  , -0.08172209 , 0.92618364 , 8.008764    , 0.0 , 0.0 , -1.0    ,15.5 , 9.1875 , -25.625
243902  , -0.08172209 , 0.92618364 , 8.008764    , 0.0 , 0.0 , -1.0    ,15.5 , 9.1875 , -25.875
38628049  , 0.27240697 , 0.42223078 , 8.580819    , 0.0 , 0.0 , -1.0    ,15.5 , 9.1875 , -25.875
243903  , 0.27240697 , 0.42223078 , 8.580819    , 0.0 , 0.0 , -1.0    ,14.75 , 9.1875 , -25.875
38993902  , -0.10896278 , 0.42223078 , 9.847511    , 0.0 , 0.0 , -1.0    ,14.75 , 9.1875 , -25.875
213415  , -0.10896278 , 0.42223078 , 9.847511    , 0.0 , 0.0 , -1.0    ,14.75 , 9.4375 , -25.625
39573171  , -0.08172209 , 0.38136974 , 9.656827    , 0.0 , 0.0 , -1.0    ,14.75 , 9.4375 , -25.625
274390  , -0.08172209 , 0.38136974 , 9.656827    , 0.0 , 0.0 , -1.0    ,15.0 , 9.6875 , -25.375
39847561  , 0.3405087 , 0.50395286 , 9.534244    , 0.0 , 0.0 , -1.0    ,15.0 , 9.6875 , -25.375
213414  , 0.3405087 , 0.50395286 , 9.534244    , 0.0 , 0.0 , -1.0    ,15.0 , 9.9375 , -24.875
39573170  , 0.6537767 , 0.19068487 , 9.697687    , 0.0 , 0.0 , -1.0    ,15.0 , 9.9375 , -24.875
243902  , 0.6537767 , 0.19068487 , 9.697687    , 0.0 , 0.0 , -1.0    ,15.25 , 10.6875 , -24.375
38932927  , 0.08172209 , 0.6946377 , 10.18802    , 0.0 , 0.0 , -1.0    ,15.25 , 10.6875 , -24.375
213415  , 0.08172209 , 0.6946377 , 10.18802    , 0.0 , 0.0 , -1.0    ,15.25 , 10.875 , -24.125
39664634  , 0.19068487 , 0.27240697 , 9.152874    , 0.0 , 0.0 , -1.0    ,15.25 , 10.875 , -24.125
243903  , 0.19068487 , 0.27240697 , 9.152874    , 0.0 , 0.0 , -1.0    ,15.25 , 11.625 , -23.875
39298780  , 0.7218784 , -0.19068487 , 9.615966    , 0.0 , 0.0 , -1.0    ,15.25 , 11.625 , -23.875
213415  , 0.7218784 , -0.19068487 , 9.615966    , 0.0 , 0.0 , -1.0    ,16.0 , 12.125 , -23.4375
39756097  , 0.14982383 , 0.040861044 , 10.760075    , 0.0 , 0.0 , -1.0    ,16.0 , 12.125 , -23.4375
243902  , 0.14982383 , 0.040861044 , 10.760075    , 0.0 , 0.0 , -1.0    ,16.0 , 11.625 , -23.1875
29786586  , 0.6537767 , -0.38136974 , 9.724928    , 0.0 , 0.0 , -1.0    ,16.0 , 11.625 , -23.1875
182927  , 0.6537767 , -0.38136974 , 9.724928    , 0.0 , 0.0 , -1.0    ,16.75 , 11.875 , -22.6875
39451220  , 0.27240697 , -0.23154591 , 10.760075    , 0.0 , 0.0 , -1.0    ,16.75 , 11.875 , -22.6875
213415  , 0.27240697 , -0.23154591 , 10.760075    , 0.0 , 0.0 , -1.0    ,17.25 , 11.875 , -21.6875
46707317  , -0.53119355 , -0.27240697 , 10.800936    , 0.0 , 0.0 , -1.0    ,17.25 , 11.875 , -21.6875
213415  , -0.53119355 , -0.27240697 , 10.800936    , 0.0 , 0.0 , -1.0    ,17.25 , 11.875 , -21.1875
23658537  , -0.6537767 , -0.08172209 , 10.228881    , 0.0 , 0.0 , -1.0    ,17.25 , 11.875 , -21.1875
243902  , -0.6537767 , -0.08172209 , 10.228881    , 0.0 , 0.0 , -1.0    ,18.5 , 12.625 , -20.25
39573171  , -0.46309182 , 0.08172209 , 10.378705    , 0.0 , 0.0 , -1.0    ,18.5 , 12.625 , -20.25
243903  , -0.46309182 , 0.08172209 , 10.378705    , 0.0 , 0.0 , -1.0    ,18.75 , 12.875 , -19.0
38079268  , -1.2666923 , 0.53119355 , 11.114203    , 0.0 , 0.0 , -1.0    ,18.75 , 12.875 , -19.0
182927  , -1.2666923 , 0.53119355 , 11.114203    , 0.0 , 0.0 , -1.0    ,19.5625 , 13.125 , -18.0625
39512196  , -1.334794 , 0.6537767 , 12.299174    , 0.0 , 0.0 , -1.0    ,19.5625 , 13.125 , -18.0625
213414  , -1.334794 , 0.6537767 , 12.299174    , 0.0 , 0.0 , -1.0    ,20.5625 , 13.125 , -16.5625
39481707  , -0.84446156 , 0.08172209 , 12.53072    , 0.0 , 0.0 , -1.0    ,20.5625 , 13.125 , -16.5625
213415  , -0.84446156 , 0.08172209 , 12.53072    , 0.0 , 0.0 , -1.0    ,20.8125 , 12.875 , -15.3125
30274390  , -0.95342433 , 0.23154591 , 13.021052    , 0.0 , 0.0 , -1.0    ,20.8125 , 12.875 , -15.3125
213415  , -0.95342433 , 0.23154591 , 13.021052    , 0.0 , 0.0 , -1.0    ,21.0625 , 13.125 , -14.625
38719512  , -0.88532263 , 0.10896278 , 13.715691    , 0.0 , 0.0 , -1.0    ,21.0625 , 13.125 , -14.625
274390  , -0.88532263 , 0.10896278 , 13.715691    , 0.0 , 0.0 , -1.0    ,21.3125 , 13.125 , -14.375
31006098  , -0.95342433 , 0.08172209 , 12.980191    , 0.0 , 0.0 , -1.0    ,21.3125 , 13.125 , -14.375
213414  , -0.95342433 , 0.08172209 , 12.980191    , 0.0 , 0.0 , -1.0    ,20.8125 , 13.375 , -14.125
38201219  , -0.7627395 , 0.10896278 , 12.830367    , 0.0 , 0.0 , -1.0    ,20.8125 , 13.375 , -14.125
213415  , -0.7627395 , 0.10896278 , 12.830367    , 0.0 , 0.0 , -1.0    ,20.8125 , 13.875 , -14.125
39237805  , -0.88532263 , -0.040861044 , 12.4489975    , 0.0 , 0.0 , -1.0    ,20.8125 , 13.875 , -14.125
213414  , -0.88532263 , -0.040861044 , 12.4489975    , 0.0 , 0.0 , -1.0    ,21.0625 , 14.125 , -14.125
39634146  , -0.88532263 , -0.10896278 , 11.836082    , 0.0 , 0.0 , -1.0    ,21.0625 , 14.125 , -14.125
274390  , -0.88532263 , -0.10896278 , 11.836082    , 0.0 , 0.0 , -1.0    ,20.8125 , 14.125 , -14.125
39817073  , -1.4982382 , -0.08172209 , 11.75436    , 0.0 , 0.0 , -1.0    ,20.8125 , 14.125 , -14.125
274390  , -1.4982382 , -0.08172209 , 11.75436    , 0.0 , 0.0 , -1.0    ,20.8125 , 14.125 , -14.625
39237805  , -1.1441092 , -0.19068487 , 11.34575    , 0.0 , 0.0 , -1.0    ,20.8125 , 14.125 , -14.625
243903  , -1.1441092 , -0.19068487 , 11.34575    , 0.0 , 0.0 , -1.0    ,20.5625 , 14.125 , -15.125
39756098  , -1.2258313 , -0.08172209 , 11.454713    , 0.0 , 0.0 , -1.0    ,20.5625 , 14.125 , -15.125
243902  , -1.2258313 , -0.08172209 , 11.454713    , 0.0 , 0.0 , -1.0    ,20.3125 , 13.875 , -15.8125
39085366  , -1.56634 , -0.23154591 , 10.760075    , 0.0 , 0.0 , -1.0    ,20.3125 , 13.875 , -15.8125
243903  , -1.56634 , -0.23154591 , 10.760075    , 0.0 , 0.0 , -1.0    ,20.0625 , 14.125 , -16.5625
39298780  , -1.3756552 , 0.19068487 , 10.228881    , 0.0 , 0.0 , -1.0    ,20.0625 , 14.125 , -16.5625
243902  , -1.3756552 , 0.19068487 , 10.228881    , 0.0 , 0.0 , -1.0    ,20.3125 , 13.875 , -17.5625
39695122  , -1.7570249 , 0.27240697 , 10.528529    , 0.0 , 0.0 , -1.0    ,20.3125 , 13.875 , -17.5625
243903  , -1.7570249 , 0.27240697 , 10.528529    , 0.0 , 0.0 , -1.0    ,20.0625 , 13.375 , -18.25
41341463  , -1.334794 , 0.14982383 , 10.18802    , 0.0 , 0.0 , -1.0    ,20.0625 , 13.375 , -18.25
274390  , -1.334794 , 0.14982383 , 10.18802    , 0.0 , 0.0 , -1.0    ,20.0625 , 13.125 , -19.0
37256097  , -1.7570249 , 0.42223078 , 10.119919    , 0.0 , 0.0 , -1.0    ,20.0625 , 13.125 , -19.0
243903  , -1.7570249 , 0.42223078 , 10.119919    , 0.0 , 0.0 , -1.0    ,20.0625 , 12.375 , -19.25
29634146  , -1.2666923 , 0.23154591 , 10.079058    , 0.0 , 0.0 , -1.0    ,20.0625 , 12.375 , -19.25
213415  , -1.2666923 , 0.23154591 , 10.079058    , 0.0 , 0.0 , -1.0    ,20.0625 , 12.125 , -19.5
38993902  , -0.9942854 , 0.27240697 , 9.697687    , 0.0 , 0.0 , -1.0    ,20.0625 , 12.125 , -19.5
274390  , -0.9942854 , 0.27240697 , 9.697687    , 0.0 , 0.0 , -1.0    ,20.0625 , 11.625 , -20.75
40243903  , -0.95342433 , 0.61291564 , 9.425281    , 0.0 , 0.0 , -1.0    ,20.0625 , 11.625 , -20.75
274390  , -0.95342433 , 0.61291564 , 9.425281    , 0.0 , 0.0 , -1.0    ,19.3125 , 11.125 , -21.4375
39390244  , -0.42223078 , 0.50395286 , 8.580819    , 0.0 , 0.0 , -1.0    ,19.3125 , 11.125 , -21.4375
243903  , -0.42223078 , 0.50395286 , 8.580819    , 0.0 , 0.0 , -1.0    ,18.75 , 10.875 , -22.4375
38871951  , -0.29964766 , 0.50395286 , 8.471856    , 0.0 , 0.0 , -1.0    ,18.75 , 10.875 , -22.4375
243903  , -0.29964766 , 0.50395286 , 8.471856    , 0.0 , 0.0 , -1.0    ,18.0 , 11.125 , -23.4375
39420732  , -0.27240697 , 0.8036005 , 8.471856    , 0.0 , 0.0 , -1.0    ,18.0 , 11.125 , -23.4375
243902  , -0.27240697 , 0.8036005 , 8.471856    , 0.0 , 0.0 , -1.0    ,17.0 , 11.375 , -23.875
31189025  , -0.19068487 , 0.7627395 , 8.281172    , 0.0 , 0.0 , -1.0    ,17.0 , 11.375 , -23.875
213414  , -0.19068487 , 0.7627395 , 8.281172    , 0.0 , 0.0 , -1.0    ,16.75 , 11.625 , -24.625
38353659  , -0.0 , 0.95342433 , 8.049625    , 0.0 , 0.0 , -1.0    ,16.75 , 11.625 , -24.625
243902  , -0.0 , 0.95342433 , 8.049625    , 0.0 , 0.0 , -1.0    ,16.0 , 11.125 , -25.375
39969512  , 0.19068487 , 0.9942854 , 7.8861814    , 0.0 , 0.0 , -1.0    ,16.0 , 11.125 , -25.375
182927  , 0.19068487 , 0.9942854 , 7.8861814    , 0.0 , 0.0 , -1.0    ,15.25 , 10.1875 , -25.875
38536586  , 0.7218784 , 1.1441092 , 7.8180795    , 0.0 , 0.0 , -1.0    ,15.25 , 10.1875 , -25.875
243902  , 0.7218784 , 1.1441092 , 7.8180795    , 0.0 , 0.0 , -1.0    ,14.75 , 9.4375 , -26.375
30548780  , 0.46309182 , 1.1849703 , 7.5456724    , 0.0 , 0.0 , -1.0    ,14.75 , 9.4375 , -26.375
243903  , 0.46309182 , 1.1849703 , 7.5456724    , 0.0 , 0.0 , -1.0    ,14.1875 , 8.9375 , -26.5625
39054878  , 0.08172209 , 1.3075534 , 7.7772183    , 0.0 , 0.0 , -1.0    ,14.1875 , 8.9375 , -26.5625
274391  , 0.08172209 , 1.3075534 , 7.7772183    , 0.0 , 0.0 , -1.0    ,13.9375 , 8.4375 , -26.8125
39786585  , 0.46309182 , 1.0760075 , 6.973618    , 0.0 , 0.0 , -1.0    ,13.9375 , 8.4375 , -26.8125
243903  , 0.46309182 , 1.0760075 , 6.973618    , 0.0 , 0.0 , -1.0    ,13.6875 , 8.1875 , -27.3125
38658537  , 0.61291564 , 0.92618364 , 7.3141265    , 0.0 , 0.0 , -1.0    ,13.6875 , 8.1875 , -27.3125
243902  , 0.61291564 , 0.92618364 , 7.3141265    , 0.0 , 0.0 , -1.0    ,13.4375 , 8.4375 , -27.0625
29695122  , 0.92618364 , 1.1849703 , 7.668256    , 0.0 , 0.0 , -1.0    ,13.4375 , 8.4375 , -27.0625
274391  , 0.92618364 , 1.1849703 , 7.668256    , 0.0 , 0.0 , -1.0    ,12.9375 , 7.9375 , -27.0625
40426829  , 0.9942854 , 1.1849703 , 6.6331096    , 0.0 , 0.0 , -1.0    ,12.9375 , 7.9375 , -27.0625
213415  , 0.9942854 , 1.1849703 , 6.6331096    , 0.0 , 0.0 , -1.0    ,12.9375 , 8.6875 , -27.0625
38841464  , 1.3075534 , 0.61291564 , 6.3198414    , 0.0 , 0.0 , -1.0    ,12.9375 , 8.6875 , -27.0625
243902  , 1.3075534 , 0.61291564 , 6.3198414    , 0.0 , 0.0 , -1.0    ,13.1875 , 8.6875 , -26.125
39329268  , 1.1441092 , 0.7627395 , 7.7363577    , 0.0 , 0.0 , -1.0    ,13.1875 , 8.6875 , -26.125
274391  , 1.1441092 , 0.7627395 , 7.7363577    , 0.0 , 0.0 , -1.0    ,13.4375 , 8.4375 , -26.375
39298780  , 0.38136974 , 0.95342433 , 7.9679036    , 0.0 , 0.0 , -1.0    ,13.4375 , 8.4375 , -26.375
243903  , 0.38136974 , 0.95342433 , 7.9679036    , 0.0 , 0.0 , -1.0    ,13.6875 , 8.9375 , -26.5625
39847561  , 0.313268 , 1.0351465 , 7.4639506    , 0.0 , 0.0 , -1.0    ,13.6875 , 8.9375 , -26.5625
243902  , 0.313268 , 1.0351465 , 7.4639506    , 0.0 , 0.0 , -1.0    ,13.6875 , 8.6875 , -26.5625
39481707  , 0.040861044 , 1.1441092 , 8.771504    , 0.0 , 0.0 , -1.0    ,13.6875 , 8.6875 , -26.5625
182927  , 0.040861044 , 1.1441092 , 8.771504    , 0.0 , 0.0 , -1.0    ,13.1875 , 9.4375 , -27.0625
40396341  , 0.23154591 , 1.6889231 , 8.62168    , 0.0 , 0.0 , -1.0    ,13.1875 , 9.4375 , -27.0625
182927  , 0.23154591 , 1.6889231 , 8.62168    , 0.0 , 0.0 , -1.0    ,13.9375 , 9.4375 , -26.5625
39390244  , 0.6537767 , 0.7627395 , 8.049625    , 0.0 , 0.0 , -1.0    ,13.9375 , 9.4375 , -26.5625
213415  , 0.6537767 , 0.7627395 , 8.049625    , 0.0 , 0.0 , -1.0    ,13.9375 , 9.4375 , -26.125
29237805  , -0.27240697 , 0.92618364 , 10.56939    , 0.0 , 0.0 , -1.0    ,13.9375 , 9.4375 , -26.125
274390  , -0.27240697 , 0.92618364 , 10.56939    , 0.0 , 0.0 , -1.0    ,13.9375 , 9.9375 , -25.625
39664634  , 1.5390993 , 0.42223078 , 9.343558    , 0.0 , 0.0 , -1.0    ,13.9375 , 9.9375 , -25.625
274390  , 1.5390993 , 0.42223078 , 9.343558    , 0.0 , 0.0 , -1.0    ,14.75 , 10.1875 , -24.875
38689024  , 1.1849703 , 0.3405087 , 10.460427    , 0.0 , 0.0 , -1.0    ,14.75 , 10.1875 , -24.875
274391  , 1.1849703 , 0.3405087 , 10.460427    , 0.0 , 0.0 , -1.0    ,14.1875 , 10.4375 , -24.375
31737805  , 0.88532263 , 0.3405087 , 9.615966    , 0.0 , 0.0 , -1.0    ,14.1875 , 10.4375 , -24.375
213415  , 0.88532263 , 0.3405087 , 9.615966    , 0.0 , 0.0 , -1.0    ,14.75 , 10.875 , -23.625
37103658  , 0.95342433 , -0.14982383 , 9.302697    , 0.0 , 0.0 , -1.0    ,14.75 , 10.875 , -23.625
274391  , 0.95342433 , -0.14982383 , 9.302697    , 0.0 , 0.0 , -1.0    ,15.75 , 10.875 , -23.1875
39451220  , 0.6946377 , 0.27240697 , 11.032481    , 0.0 , 0.0 , -1.0    ,15.75 , 10.875 , -23.1875
274390  , 0.6946377 , 0.27240697 , 11.032481    , 0.0 , 0.0 , -1.0    ,16.0 , 10.4375 , -22.9375
39908537  , 0.23154591 , 0.14982383 , 9.575105    , 0.0 , 0.0 , -1.0    ,16.0 , 10.4375 , -22.9375
274390  , 0.23154591 , 0.14982383 , 9.575105    , 0.0 , 0.0 , -1.0    ,16.75 , 10.4375 , -21.9375
39054878  , -1.2666923 , 0.23154591 , 10.923519    , 0.0 , 0.0 , -1.0    ,16.75 , 10.4375 , -21.9375
274390  , -1.2666923 , 0.23154591 , 10.923519    , 0.0 , 0.0 , -1.0    ,17.25 , 10.1875 , -21.1875
39542682  , -0.6537767 , 0.10896278 , 11.686258    , 0.0 , 0.0 , -1.0    ,17.25 , 10.1875 , -21.1875
213414  , -0.6537767 , 0.10896278 , 11.686258    , 0.0 , 0.0 , -1.0    ,17.75 , 10.875 , -20.5
40487805  , -1.0351465 , 0.27240697 , 12.067628    , 0.0 , 0.0 , -1.0    ,17.75 , 10.875 , -20.5
213415  , -1.0351465 , 0.27240697 , 12.067628    , 0.0 , 0.0 , -1.0    ,18.5 , 11.625 , -19.25
42682927  , -0.95342433 , 0.23154591 , 11.182305    , 0.0 , 0.0 , -1.0    ,18.5 , 11.625 , -19.25
182927  , -0.95342433 , 0.23154591 , 11.182305    , 0.0 , 0.0 , -1.0    ,19.0625 , 12.125 , -18.5
35609756  , -1.334794 , 0.19068487 , 11.536434    , 0.0 , 0.0 , -1.0    ,19.0625 , 12.125 , -18.5
274391  , -1.334794 , 0.19068487 , 11.536434    , 0.0 , 0.0 , -1.0    ,20.3125 , 12.875 , -17.8125
30182927  , -1.6480621 , 0.3405087 , 12.14935    , 0.0 , 0.0 , -1.0    ,20.3125 , 12.875 , -17.8125
274390  , -1.6480621 , 0.3405087 , 12.14935    , 0.0 , 0.0 , -1.0    ,20.3125 , 12.875 , -17.3125
38628048  , -1.1441092 , 0.14982383 , 12.14935    , 0.0 , 0.0 , -1.0    ,20.3125 , 12.875 , -17.3125
274391  , -1.1441092 , 0.14982383 , 12.14935    , 0.0 , 0.0 , -1.0    ,20.8125 , 13.375 , -16.8125
40000000  , -1.2666923 , 0.23154591 , 12.299174    , 0.0 , 0.0 , -1.0    ,20.8125 , 13.375 , -16.8125
213415  , -1.2666923 , 0.23154591 , 12.299174    , 0.0 , 0.0 , -1.0    ,21.5625 , 14.125 , -16.3125
40152439  , -0.9125633 , 0.19068487 , 11.917805    , 0.0 , 0.0 , -1.0    ,21.5625 , 14.125 , -16.3125
243902  , -0.9125633 , 0.19068487 , 11.917805    , 0.0 , 0.0 , -1.0    ,21.3125 , 14.875 , -15.8125
38353658  , -0.84446156 , -0.14982383 , 12.067628    , 0.0 , 0.0 , -1.0    ,21.3125 , 14.875 , -15.8125
243903  , -0.84446156 , -0.14982383 , 12.067628    , 0.0 , 0.0 , -1.0    ,22.3125 , 14.875 , -14.875
39817073  , -0.9942854 , -0.23154591 , 11.727119    , 0.0 , 0.0 , -1.0    ,22.3125 , 14.875 , -14.875
274391  , -0.9942854 , -0.23154591 , 11.727119    , 0.0 , 0.0 , -1.0    ,22.0625 , 14.875 , -14.625
39359756  , -1.7978859 , -0.50395286 , 12.026767    , 0.0 , 0.0 , -1.0    ,22.0625 , 14.875 , -14.625
243902  , -1.7978859 , -0.50395286 , 12.026767    , 0.0 , 0.0 , -1.0    ,22.0625 , 14.875 , -14.375
29268292  , -1.7570249 , -0.23154591 , 11.876944    , 0.0 , 0.0 , -1.0    ,22.0625 , 14.875 , -14.375
274391  , -1.7570249 , -0.23154591 , 11.876944    , 0.0 , 0.0 , -1.0    ,22.0625 , 14.625 , -14.125
39451219  , -1.8387469 , -0.040861044 , 11.686258    , 0.0 , 0.0 , -1.0    ,22.0625 , 14.625 , -14.125
243903  , -1.8387469 , -0.040861044 , 11.686258    , 0.0 , 0.0 , -1.0    ,21.5625 , 14.625 , -14.875
39542683  , -2.2609777 , -0.10896278 , 12.108489    , 0.0 , 0.0 , -1.0    ,21.5625 , 14.625 , -14.875
243903  , -2.2609777 , -0.10896278 , 12.108489    , 0.0 , 0.0 , -1.0    ,22.0625 , 14.625 , -15.125
39512195  , -2.7921712 , -0.10896278 , 12.340035    , 0.0 , 0.0 , -1.0    ,22.0625 , 14.625 , -15.125
213414  , -2.7921712 , -0.10896278 , 12.340035    , 0.0 , 0.0 , -1.0    ,21.8125 , 14.375 , -15.5625
39847561  , -2.4108016 , -0.23154591 , 11.876944    , 0.0 , 0.0 , -1.0    ,21.8125 , 14.375 , -15.5625
304878  , -2.4108016 , -0.23154591 , 11.876944    , 0.0 , 0.0 , -1.0    ,21.8125 , 13.875 , -16.0625
39817073  , -2.4108016 , -0.27240697 , 11.223166    , 0.0 , 0.0 , -1.0    ,21.8125 , 13.875 , -16.0625
304878  , -2.4108016 , -0.27240697 , 11.223166    , 0.0 , 0.0 , -1.0    ,22.3125 , 13.875 , -16.0625
39451220  , -2.6423476 , 0.19068487 , 9.888372    , 0.0 , 0.0 , -1.0    ,22.3125 , 13.875 , -16.0625
304878  , -2.6423476 , 0.19068487 , 9.888372    , 0.0 , 0.0 , -1.0    ,22.3125 , 13.625 , -16.8125
38750000  , -2.3426998 , 0.0 , 9.697687    , 0.0 , 0.0 , -1.0    ,22.3125 , 13.625 , -16.8125
274391  , -2.3426998 , 0.0 , 9.697687    , 0.0 , 0.0 , -1.0    ,22.5625 , 13.375 , -17.5625
39512195  , -1.879608 , 0.14982383 , 8.689782    , 0.0 , 0.0 , -1.0    ,22.5625 , 13.375 , -17.5625
274390  , -1.879608 , 0.14982383 , 8.689782    , 0.0 , 0.0 , -1.0    ,22.5625 , 13.125 , -18.5
39359756  , -1.879608 , 0.10896278 , 8.281172    , 0.0 , 0.0 , -1.0    ,22.5625 , 13.125 , -18.5
243902  , -1.879608 , 0.10896278 , 8.281172    , 0.0 , 0.0 , -1.0    ,21.8125 , 12.625 , -19.75
39878049  , -1.9885708 , 0.23154591 , 7.9679036    , 0.0 , 0.0 , -1.0    ,21.8125 , 12.625 , -19.75
243902  , -1.9885708 , 0.23154591 , 7.9679036    , 0.0 , 0.0 , -1.0    ,21.5625 , 12.375 , -20.5
39420732  , -1.3075534 , 0.14982383 , 7.5865335    , 0.0 , 0.0 , -1.0    ,21.5625 , 12.375 , -20.5
304878  , -1.3075534 , 0.14982383 , 7.5865335    , 0.0 , 0.0 , -1.0    ,21.3125 , 11.875 , -20.9375
39939024  , -1.6480621 , 0.27240697 , 7.6273947    , 0.0 , 0.0 , -1.0    ,21.3125 , 11.875 , -20.9375
304878  , -1.6480621 , 0.27240697 , 7.6273947    , 0.0 , 0.0 , -1.0    ,21.3125 , 11.875 , -21.4375
38353659  , -1.56634 , 0.27240697 , 7.7363577    , 0.0 , 0.0 , -1.0    ,21.3125 , 11.875 , -21.4375
274390  , -1.56634 , 0.27240697 , 7.7363577    , 0.0 , 0.0 , -1.0    ,21.0625 , 12.375 , -21.6875
45121950  , -1.3075534 , 0.23154591 , 7.7363577    , 0.0 , 0.0 , -1.0    ,21.0625 , 12.375 , -21.6875
243903  , -1.3075534 , 0.23154591 , 7.7363577    , 0.0 , 0.0 , -1.0    ,21.0625 , 12.625 , -22.4375
36676829  , -1.2666923 , 0.313268 , 7.7363577    , 0.0 , 0.0 , -1.0    ,21.0625 , 12.625 , -22.4375
243902  , -1.2666923 , 0.313268 , 7.7363577    , 0.0 , 0.0 , -1.0    ,20.8125 , 12.875 , -22.6875
40548781  , -0.7627395 , 0.38136974 , 7.6273947    , 0.0 , 0.0 , -1.0    ,20.8125 , 12.875 , -22.6875
213415  , -0.7627395 , 0.38136974 , 7.6273947    , 0.0 , 0.0 , -1.0    ,20.5625 , 12.875 , -23.1875
36097561  , -0.61291564 , 0.38136974 , 7.7772183    , 0.0 , 0.0 , -1.0    ,20.5625 , 12.875 , -23.1875
182927  , -0.61291564 , 0.38136974 , 7.7772183    , 0.0 , 0.0 , -1.0    ,20.5625 , 12.375 , -23.4375
40823171  , -0.50395286 , 0.27240697 , 8.076866    , 0.0 , 0.0 , -1.0    ,20.5625 , 12.375 , -23.4375
213415  , -0.50395286 , 0.27240697 , 8.076866    , 0.0 , 0.0 , -1.0    ,19.8125 , 12.375 , -23.1875
37743903  , -0.5720546 , 0.08172209 , 8.580819    , 0.0 , 0.0 , -1.0    ,19.8125 , 12.375 , -23.1875
274390  , -0.5720546 , 0.08172209 , 8.580819    , 0.0 , 0.0 , -1.0    ,19.5625 , 12.625 , -23.625
39695121  , -0.84446156 , 0.10896278 , 9.302697    , 0.0 , 0.0 , -1.0    ,19.5625 , 12.625 , -23.625
213414  , -0.84446156 , 0.10896278 , 9.302697    , 0.0 , 0.0 , -1.0    ,19.3125 , 12.875 , -23.875
39878048  , -1.1441092 , -0.14982383 , 9.724928    , 0.0 , 0.0 , -1.0    ,19.3125 , 12.875 , -23.875
274390  , -1.1441092 , -0.14982383 , 9.724928    , 0.0 , 0.0 , -1.0    ,19.3125 , 12.875 , -24.125
38170732  , -1.3075534 , -0.19068487 , 10.228881    , 0.0 , 0.0 , -1.0    ,19.3125 , 12.875 , -24.125
243903  , -1.3075534 , -0.19068487 , 10.228881    , 0.0 , 0.0 , -1.0    ,20.0625 , 12.625 , -24.125
41707317  , -1.56634 , -0.14982383 , 10.56939    , 0.0 , 0.0 , -1.0    ,20.0625 , 12.625 , -24.125
243902  , -1.56634 , -0.14982383 , 10.56939    , 0.0 , 0.0 , -1.0    ,20.3125 , 12.625 , -24.125
37804879  , -1.6889231 , -0.19068487 , 10.079058    , 0.0 , 0.0 , -1.0    ,20.3125 , 12.625 , -24.125
243903  , -1.6889231 , -0.19068487 , 10.079058    , 0.0 , 0.0 , -1.0    ,20.3125 , 12.375 , -24.125
45640244  , -1.56634 , 0.040861044 , 10.18802    , 0.0 , 0.0 , -1.0    ,20.3125 , 12.375 , -24.125
243903  , -1.56634 , 0.040861044 , 10.18802    , 0.0 , 0.0 , -1.0    ,20.8125 , 12.625 , -23.625
33719512  , -1.56634 , 0.08172209 , 10.310603    , 0.0 , 0.0 , -1.0    ,20.8125 , 12.625 , -23.625
213414  , -1.56634 , 0.08172209 , 10.310603    , 0.0 , 0.0 , -1.0    ,20.5625 , 12.625 , -23.1875
