79650882  , -0.42223078 , 5.7477865 , 8.812365    , 0.040099297 , -0.5458678 , -0.836911    ,1.875 , -45.25 , -27.1875
244140  , -0.3405087 , 5.8976107 , 8.689782    , 0.032405883 , -0.5612699 , -0.82699805    ,1.875 , -45.25 , -27.1875
25787354  , -0.3405087 , 5.8976107 , 8.689782    , 0.032405883 , -0.5612699 , -0.82699805    ,1.625 , -45.75 , -26.6875
244141  , -0.14982383 , 6.1700177 , 7.8861814    , 0.014961198 , -0.6161292 , -0.7875028    ,1.625 , -45.75 , -26.6875
44708254  , -0.14982383 , 6.1700177 , 7.8861814    , 0.014961198 , -0.61612934 , -0.787503    ,1.375 , -46.0 , -25.0
244141  , 0.040861044 , 6.510526 , 7.3958488    , -0.004146952 , -0.6607468 , -0.75059736    ,1.375 , -46.0 , -25.0
19531250  , 0.040861044 , 6.510526 , 7.3958488    , -0.0041469485 , -0.6607467 , -0.75059724    ,0.625 , -46.6875 , -23.75
244140  , 0.08172209 , 6.510526 , 7.1234417    , -0.00846795 , -0.67461324 , -0.73812294    ,0.625 , -46.6875 , -23.75
43670655  , 0.08172209 , 6.510526 , 7.1234417    , -0.008467946 , -0.67461306 , -0.7381227    ,0.375 , -47.4375 , -23.3125
274658  , 0.10896278 , 6.4424243 , 6.932757    , -0.011512594 , -0.68068194 , -0.73248863    ,0.375 , -47.4375 , -23.3125
26885987  , 0.10896278 , 6.4424243 , 6.932757    , -0.011512587 , -0.6806818 , -0.7324885    ,0.625 , -48.1875 , -22.8125
213623  , 0.27240697 , 6.4424243 , 7.1234417    , -0.028350756 , -0.67049515 , -0.74137205    ,0.625 , -48.1875 , -22.8125
42785644  , 0.27240697 , 6.4424243 , 7.1234417    , -0.028350756 , -0.6704953 , -0.74137217    ,0.625 , -48.1875 , -22.3125
244141  , 0.10896278 , 6.238119 , 7.3549876    , -0.011297582 , -0.64678675 , -0.76258695    ,0.625 , -48.1875 , -22.3125
28198242  , 0.10896278 , 6.238119 , 7.3549876    , -0.011297587 , -0.64678675 , -0.7625871    ,0.875 , -47.9375 , -21.8125
244141  , 0.08172209 , 6.1700177 , 7.504812    , -0.008411203 , -0.6350458 , -0.7724288    ,0.875 , -47.9375 , -21.8125
42572020  , 0.08172209 , 6.1700177 , 7.504812    , -0.008411206 , -0.63504577 , -0.7724288    ,0.625 , -47.4375 , -22.0625
213623  , 0.08172209 , 6.0882955 , 7.3141265    , -0.008587096 , -0.63973844 , -0.76854485    ,0.625 , -47.4375 , -22.0625
39672851  , 0.08172209 , 6.0882955 , 7.3141265    , -0.008587095 , -0.63973856 , -0.768545    ,0.375 , -46.9375 , -21.5625
335694  , -0.040861044 , 6.1291566 , 7.246025    , 0.004305384 , -0.6458076 , -0.76348805    ,0.375 , -46.9375 , -21.5625
20874023  , -0.040861044 , 6.1291566 , 7.246025    , 0.004305384 , -0.64580756 , -0.763488    ,0.625 , -46.9375 , -21.8125
244140  , -0.10896278 , 6.3607025 , 7.164303    , 0.011372669 , -0.6638796 , -0.7477531    ,0.625 , -46.9375 , -21.8125
244140  , -0.10896278 , 6.3607025 , 7.164303    , 0.011372669 , -0.66387963 , -0.747753    ,0.875 , -47.1875 , -21.5625
213623  , -0.23154591 , 6.4015636 , 7.014479    , 0.024375074 , -0.673899 , -0.7384212    ,0.875 , -47.1875 , -21.5625
43731691  , -0.23154591 , 6.4015636 , 7.014479    , 0.024375066 , -0.67389894 , -0.7384211    ,1.625 , -47.4375 , -20.8125
335693  , -0.19068487 , 6.5922484 , 6.851035    , 0.02005202 , -0.69322693 , -0.7204403    ,1.625 , -47.4375 , -20.8125
24383547  , -0.19068487 , 6.5922484 , 6.851035    , 0.020052016 , -0.69322693 , -0.7204404    ,2.1875 , -47.9375 , -20.375
335693  , -0.23154591 , 6.5513873 , 6.973618    , 0.024192236 , -0.684498 , -0.7286133    ,2.1875 , -47.9375 , -20.375
38513185  , -0.23154591 , 6.5513873 , 6.973618    , 0.024192238 , -0.684498 , -0.7286133    ,2.1875 , -48.1875 , -19.875
244141  , -0.27240697 , 6.6331096 , 7.164303    , 0.027889777 , -0.67911595 , -0.7335009    ,2.1875 , -48.1875 , -19.875
36651612  , -0.27240697 , 6.6331096 , 7.164303    , 0.02788977 , -0.67911583 , -0.73350084    ,2.4375 , -48.4375 , -19.875
244140  , -0.10896278 , 6.5922484 , 7.014479    , 0.011318874 , -0.6847911 , -0.7286515    ,2.4375 , -48.4375 , -19.875
30151368  , -0.10896278 , 6.5922484 , 7.014479    , 0.011318862 , -0.68479097 , -0.72865146    ,1.875 , -48.1875 , -19.625
396728  , -0.040861044 , 6.701211 , 7.3549876    , 0.0041066073 , -0.67348427 , -0.73919004    ,1.875 , -48.1875 , -19.625
51239014  , -0.19068487 , 6.66035 , 6.973618    , 0.019770125 , -0.6905422 , -0.72302175    ,1.875 , -48.1875 , -19.625
32714845  , -0.19068487 , 6.66035 , 6.973618    , 0.019770132 , -0.69054246 , -0.72302186    ,1.625 , -47.9375 , -19.625
305176  , -0.23154591 , 6.510526 , 6.66035    , 0.024852797 , -0.6988021 , -0.7148833    ,1.625 , -47.9375 , -19.625
33050537  , -0.23154591 , 6.510526 , 6.66035    , 0.024852794 , -0.69880205 , -0.7148833    ,1.375 , -47.4375 , -18.875
274658  , -0.23154591 , 6.4015636 , 6.5922484    , 0.025190156 , -0.6964337 , -0.7171786    ,1.375 , -47.4375 , -18.875
32104491  , -0.23154591 , 6.4015636 , 6.5922484    , 0.025190163 , -0.6964339 , -0.7171787    ,1.375 , -47.4375 , -18.625
305176  , -0.23154591 , 6.4015636 , 6.66035    , 0.02505669 , -0.6927437 , -0.72074825    ,1.375 , -47.4375 , -18.625
33935547  , -0.23154591 , 6.4015636 , 6.66035    , 0.025056694 , -0.69274384 , -0.7207483    ,1.625 , -47.1875 , -18.875
305176  , -0.29964766 , 6.2789803 , 7.3549876    , 0.030970408 , -0.6489708 , -0.7601827    ,1.625 , -47.1875 , -18.875
49530028  , -0.29964766 , 6.2789803 , 7.3549876    , 0.030970406 , -0.6489708 , -0.7601827    ,1.875 , -47.4375 , -18.875
396729  , -0.19068487 , 6.238119 , 8.62168    , 0.01791564 , -0.58609724 , -0.81004274    ,1.875 , -47.4375 , -18.875
24749755  , -0.19068487 , 6.238119 , 8.62168    , 0.017915633 , -0.5860972 , -0.8100427    ,2.9375 , -47.4375 , -19.625
1159668  , -0.3405087 , 6.238119 , 11.182305    , 0.026583264 , -0.48700535 , -0.8729943    ,2.9375 , -47.4375 , -19.625
34820555  , -0.3405087 , 6.238119 , 11.182305    , 0.026583262 , -0.48700538 , -0.8729943    ,2.9375 , -47.9375 , -19.625
335694  , -0.14982383 , 8.049625 , 13.824653    , 0.0093650855 , -0.5031606 , -0.86414224    ,2.9375 , -47.9375 , -19.625
48065185  , -0.14982383 , 8.049625 , 13.824653    , 0.009365084 , -0.5031606 , -0.8641422    ,2.4375 , -47.4375 , -17.9375
427246  , -0.61291564 , 7.5456724 , 9.656827    , 0.04995001 , -0.6149401 , -0.78699017    ,2.4375 , -47.4375 , -17.9375
38299562  , -0.61291564 , 7.5456724 , 9.656827    , 0.04995001 , -0.6149401 , -0.7869903    ,2.4375 , -47.6875 , -15.9375
274658  , -0.6946377 , 7.668256 , 6.0882955    , 0.070766546 , -0.78120714 , -0.62024796    ,2.4375 , -47.6875 , -15.9375
51483155  , -0.6946377 , 7.668256 , 6.0882955    , 0.07076656 , -0.7812072 , -0.620248    ,1.625 , -48.1875 , -13.25
244141  , -0.0 , 8.430995 , 1.879608    , 0.0 , -0.97603834 , -0.21759823    ,1.625 , -48.1875 , -13.25
244141  , -0.0 , 8.430995 , 1.879608    , -3.7252903E-9 , -0.9760383 , -0.2175982    ,1.875 , -47.9375 , -10.3125
213623  , 0.88532263 , 9.084772 , -2.7921712    , -0.0927494 , -0.9517516 , 0.29251733    ,1.875 , -47.9375 , -10.3125
27526856  , 0.88532263 , 9.084772 , -2.7921712    , -0.0927494 , -0.95175165 , 0.29251733    ,1.875 , -48.6875 , -7.125
244140  , 0.8036005 , 9.80665 , -7.4639506    , -0.06506796 , -0.7940498 , 0.60436016    ,1.875 , -48.6875 , -7.125
31219482  , 0.8036005 , 9.80665 , -7.4639506    , -0.065067954 , -0.7940497 , 0.60436    ,0.625 , -48.4375 , -2.75
244140  , -1.1168685 , 6.3607025 , -18.155924    , 0.057958093 , -0.33007842 , 0.94217247    ,0.625 , -48.4375 , -2.75
38299561  , -1.1168685 , 6.3607025 , -18.155924    , 0.0579581 , -0.33007845 , 0.94217247    ,-0.875 , -48.6875 , 1.625
488281  , -5.012288 , -5.5162406 , -19.504337    , 0.24005303 , 0.26418877 , 0.9341193    ,-0.875 , -48.6875 , 1.625
42724609  , -5.012288 , -5.5162406 , -19.504337    , 0.24005303 , 0.26418874 , 0.93411934    ,-3.6875 , -49.6875 , 2.375
732422  , 2.0294318 , -6.0201936 , 2.5606253    , -0.2962812 , 0.87890136 , -0.3738313    ,-3.6875 , -49.6875 , 2.375
46142577  , 2.0294318 , -6.0201936 , 2.5606253    , -0.29628125 , 0.8789015 , -0.3738314    ,-4.9375 , -50.4375 , -3.0
4608154  , 11.413852 , 7.3549876 , 19.340895    , -0.48299563 , -0.31123823 , -0.8184413    ,-4.9375 , -50.4375 , -3.0
41595458  , 11.413852 , 7.3549876 , 19.340895    , -0.48299554 , -0.31123814 , -0.81844115    ,-5.1875 , -51.9375 , -7.625
1495361  , 3.214402 , 1.920469 , 19.272793    , -0.16372307 , -0.0978176 , -0.9816448    ,-5.1875 , -51.9375 , -7.625
38269042  , 3.214402 , 1.920469 , 19.272793    , -0.1637231 , -0.097817615 , -0.9816449    ,-4.4375 , -51.9375 , -10.5625
213623  , 2.5333846 , 1.1168685 , 5.407278    , -0.41702685 , -0.18385053 , -0.8901056    ,-4.4375 , -51.9375 , -10.5625
36224364  , 2.5333846 , 1.1168685 , 5.407278    , -0.41702673 , -0.1838505 , -0.8901054    ,-2.4375 , -51.6875 , -9.375
244141  , 1.5390993 , 2.5333846 , -4.5219555    , -0.28465277 , -0.46854344 , 0.8363249    ,-2.4375 , -51.6875 , -9.375
63385009  , 1.5390993 , 2.5333846 , -4.5219555    , -0.2846528 , -0.4685435 , 0.8363251    ,-1.875 , -50.6875 , -2.5
274658  , -1.0351465 , 3.7864566 , -15.745122    , 0.06379137 , -0.23334211 , 0.9703003    ,-1.875 , -50.6875 , -2.5
5249024  , -1.0351465 , 3.7864566 , -15.745122    , 0.06379136 , -0.2333421 , 0.97030026    ,-1.125 , -48.6875 , 3.625
244140  , -0.9125633 , -2.3426998 , -19.6133    , 0.046150155 , 0.11847502 , 0.9918839    ,-1.125 , -48.6875 , 3.625
42297364  , -0.9125633 , -2.3426998 , -19.6133    , 0.046150163 , 0.11847502 , 0.991884    ,-1.375 , -47.9375 , 6.8125
244141  , -2.7240696 , -6.851035 , -19.6133    , 0.130007 , 0.32696763 , 0.9360504    ,-1.375 , -47.9375 , 6.8125
37628175  , -2.7240696 , -6.851035 , -19.6133    , 0.130007 , 0.32696766 , 0.93605036    ,-2.4375 , -48.1875 , 6.8125
213623  , 0.10896278 , -8.158588 , -12.408136    , -0.00733733 , 0.54938275 , 0.83553857    ,-2.4375 , -48.1875 , 6.8125
40008546  , 0.10896278 , -8.158588 , -12.408136    , -0.0073373355 , 0.54938275 , 0.83553874    ,-3.1875 , -49.1875 , 0.4375
213624  , 10.651112 , -2.4108016 , 16.970953    , -0.52778006 , 0.11945918 , -0.8409385    ,-3.1875 , -49.1875 , 0.4375
28076172  , 10.651112 , -2.4108016 , 16.970953    , -0.5277802 , 0.1194592 , -0.8409387    ,-4.1875 , -49.9375 , -8.875
274658  , 10.378705 , 9.425281 , 19.340895    , -0.43447846 , -0.39456576 , -0.8096581    ,-4.1875 , -49.9375 , -8.875
42419434  , 10.378705 , 9.425281 , 19.340895    , -0.4344785 , -0.39456576 , -0.80965817    ,-3.6875 , -51.1875 , -15.25
305175  , 3.7864566 , 1.4982382 , 19.272793    , -0.19222267 , -0.07605933 , -0.9783995    ,-3.6875 , -51.1875 , -15.25
36773682  , 3.7864566 , 1.4982382 , 19.272793    , -0.1922226 , -0.07605931 , -0.9783993    ,-2.4375 , -51.1875 , -16.9375
488281  , 0.50395286 , -1.1441092 , 9.697687    , -0.051539786 , 0.11700924 , -0.9917925    ,-2.4375 , -51.1875 , -16.9375
39611816  , 0.50395286 , -1.1441092 , 9.697687    , -0.051539786 , 0.11700926 , -0.9917926    ,-0.875 , -50.9375 , -10.8125
427246  , 0.95342433 , -0.84446156 , -2.4108016    , -0.349681 , 0.30971748 , 0.8841935    ,-0.875 , -50.9375 , -10.8125
38787841  , 0.95342433 , -0.84446156 , -2.4108016    , -0.34968102 , 0.30971748 , 0.8841934    ,0.375 , -50.9375 , -2.25
427246  , 2.152015 , 2.2201166 , -13.252599    , -0.15813744 , -0.16314179 , 0.97384644    ,0.375 , -50.9375 , -2.25
38818359  , 2.152015 , 2.2201166 , -13.252599    , -0.1581375 , -0.16314183 , 0.9738467    ,1.125 , -49.4375 , 5.8125
1037598  , -2.4108016 , -7.9270425 , -19.6133    , 0.113227904 , 0.3723087 , 0.92117614    ,1.125 , -49.4375 , 5.8125
38146972  , -2.4108016 , -7.9270425 , -19.6133    , 0.113227904 , 0.37230873 , 0.9211762    ,2.1875 , -47.4375 , 11.4375
213623  , -4.9850473 , -16.3989 , -19.6133    , 0.19138524 , 0.6295842 , 0.7529911    ,2.1875 , -47.4375 , 11.4375
36529540  , -4.9850473 , -16.3989 , -19.6133    , 0.1913852 , 0.6295841 , 0.7529909    ,1.875 , -46.9375 , 12.625
946045  , -1.6889231 , -16.589584 , -16.3989    , 0.07221376 , 0.70932555 , 0.70117235    ,1.875 , -46.9375 , 12.625
32714843  , -1.6889231 , -16.589584 , -16.3989    , 0.07221376 , 0.70932543 , 0.7011724    ,0.875 , -47.9375 , 7.75
396728  , 5.9793324 , -7.5865335 , 9.152874    , -0.44932878 , 0.57010514 , -0.68781084    ,0.875 , -47.9375 , 7.75
50109863  , 5.9793324 , -7.5865335 , 9.152874    , -0.44932875 , 0.5701051 , -0.68781084    ,-0.875 , -49.1875 , -1.75
274658  , 11.958665 , 6.3607025 , 19.340895    , -0.5064601 , -0.2693814 , -0.8191041    ,-0.875 , -49.1875 , -1.75
44433596  , 11.958665 , 6.3607025 , 19.340895    , -0.5064603 , -0.2693815 , -0.8191044    ,-2.6875 , -51.4375 , -9.8125
274658  , 1.7297841 , 9.997335 , 19.340895    , -0.079200625 , -0.45774218 , -0.8855503    ,-2.6875 , -51.4375 , -9.8125
72509768  , 1.7297841 , 9.997335 , 19.340895    , -0.07920061 , -0.4577421 , -0.8855501    ,-2.9375 , -51.9375 , -13.5
305176  , 0.8036005 , 3.8273177 , 16.3989    , -0.04766663 , -0.22702245 , -0.9727226    ,-2.9375 , -51.9375 , -13.5
16845704  , 0.8036005 , 3.8273177 , 16.3989    , -0.047666635 , -0.22702245 , -0.97272265    ,-2.1875 , -51.6875 , -10.3125
244140  , 2.9147544 , 0.88532263 , 3.990762    , -0.5805665 , -0.17634031 , -0.79488784    ,-2.1875 , -51.6875 , -10.3125
19622803  , 2.9147544 , 0.88532263 , 3.990762    , -0.5805666 , -0.17634033 , -0.7948879    ,-0.625 , -50.9375 , -1.75
244141  , 4.0180025 , -0.19068487 , -5.5571017    , -0.58569926 , 0.027795894 , 0.81005186    ,-0.625 , -50.9375 , -1.75
32958984  , 4.0180025 , -0.19068487 , -5.5571017    , -0.5856991 , 0.027795903 , 0.81005174    ,0.875 , -48.6875 , 7.0
213624  , -0.61291564 , -2.7240696 , -13.1708765    , 0.045523938 , 0.2023286 , 0.97825885    ,0.875 , -48.6875 , 7.0
28533936  , -0.61291564 , -2.7240696 , -13.1708765    , 0.04552394 , 0.20232862 , 0.97825897    ,2.4375 , -44.75 , 17.0625
244141  , -6.0201936 , -16.276316 , -17.461287    , 0.24454194 , 0.6611485 , 0.70928234    ,2.4375 , -44.75 , 17.0625
30761719  , -6.0201936 , -16.276316 , -17.461287    , 0.244542 , 0.66114867 , 0.70928246    ,2.9375 , -37.8125 , 26.5625
335694  , -1.2258313 , -19.6133 , -18.428331    , 0.04550153 , 0.7280244 , 0.6840397    ,2.9375 , -37.8125 , 26.5625
38146972  , -1.2258313 , -19.6133 , -18.428331    , 0.045501523 , 0.72802436 , 0.68403965    ,0.875 , -35.5625 , 29.75
244141  , 2.4516625 , -19.381754 , -2.070293    , -0.12479455 , 0.9865703 , 0.10538207    ,0.875 , -35.5625 , 29.75
28991699  , 2.4516625 , -19.381754 , -2.070293    , -0.12479456 , 0.9865703 , 0.105382085    ,-2.1875 , -37.8125 , 20.0
213623  , 11.836082 , -5.7886477 , 18.237646    , -0.5260674 , 0.25728264 , -0.81059176    ,-2.1875 , -37.8125 , 20.0
29998779  , 11.836082 , -5.7886477 , 18.237646    , -0.5260673 , 0.2572826 , -0.8105917    ,-4.1875 , -40.25 , 2.625
457763  , 10.079058 , 12.680544 , 19.340895    , -0.39951813 , -0.502637 , -0.766643    ,-4.1875 , -40.25 , 2.625
35491942  , 10.079058 , 12.680544 , 19.340895    , -0.3995182 , -0.502637 , -0.766643    ,-5.6875 , -46.6875 , -13.75
335694  , -2.7513103 , 9.466142 , 19.340895    , 0.12674037 , -0.43606213 , -0.89094716    ,-5.6875 , -46.6875 , -13.75
42083739  , -2.7513103 , 9.466142 , 19.340895    , 0.12674035 , -0.4360621 , -0.8909471    ,-5.6875 , -49.9375 , -21.8125
396729  , 4.4810944 , 6.0882955 , 18.619015    , -0.22299375 , -0.30297327 , -0.92654246    ,-5.6875 , -49.9375 , -21.8125
36499022  , 4.4810944 , 6.0882955 , 18.619015    , -0.22299372 , -0.30297324 , -0.92654234    ,-4.4375 , -49.4375 , -15.4375
427246  , 2.6014864 , 0.6537767 , 6.701211    , -0.36041015 , -0.09057427 , -0.9283862    ,-4.4375 , -49.4375 , -15.4375
38574221  , 2.6014864 , 0.6537767 , 6.701211    , -0.36041012 , -0.09057425 , -0.9283861    ,-4.1875 , -49.4375 , -1.75
457764  , -0.46309182 , -6.1291566 , 0.92618364    , 0.074499786 , 0.9860267 , -0.14899959    ,-4.1875 , -49.4375 , -1.75
38818360  , -0.46309182 , -6.1291566 , 0.92618364    , 0.07449979 , 0.9860267 , -0.1489996    ,-2.1875 , -46.9375 , 11.6875
427246  , -4.5219555 , -9.956474 , -7.5865335    , 0.33976144 , 0.74808913 , 0.5700215    ,-2.1875 , -46.9375 , 11.6875
39642336  , -4.5219555 , -9.956474 , -7.5865335    , 0.33976153 , 0.7480893 , 0.5700216    ,0.625 , -41.75 , 23.1875
457764  , -4.630918 , -18.959524 , -16.88923    , 0.17942354 , 0.73458105 , 0.6543682    ,0.625 , -41.75 , 23.1875
39001466  , -4.630918 , -18.959524 , -16.88923    , 0.17942354 , 0.7345811 , 0.65436816    ,2.4375 , -35.3125 , 31.25
427246  , 0.313268 , -19.6133 , -19.041246    , -0.011459198 , 0.7174456 , 0.69652015    ,2.4375 , -35.3125 , 31.25
38543702  , 0.313268 , -19.6133 , -19.041246    , -0.0114592 , 0.71744573 , 0.6965202    ,2.4375 , -33.3125 , 32.9375
427246  , 6.701211 , -19.15021 , -6.2108784    , -0.3158238 , 0.9025371 , 0.29271472    ,2.4375 , -33.3125 , 32.9375
39794922  , 6.701211 , -19.15021 , -6.2108784    , -0.3158238 , 0.90253705 , 0.29271472    ,-0.875 , -36.8125 , 23.875
488281  , 10.337844 , -8.117727 , 14.709975    , -0.52404714 , 0.41150478 , -0.74567974    ,-0.875 , -36.8125 , 23.875
64453124  , 10.337844 , -8.117727 , 14.709975    , -0.52404726 , 0.4115048 , -0.7456799    ,-4.4375 , -41.75 , 7.0
1770020  , 15.894946 , 17.011814 , 19.340895    , -0.52514905 , -0.562049 , -0.63899887    ,-4.4375 , -41.75 , 7.0
51177978  , 15.894946 , 17.011814 , 19.340895    , -0.525149 , -0.5620489 , -0.6389988    ,-5.6875 , -48.1875 , -5.1875
244141  , -1.1168685 , 1.3075534 , 15.894946    , 0.069858015 , -0.08178499 , -0.9941988    ,-5.6875 , -48.1875 , -5.1875
43273924  , -1.1168685 , 1.3075534 , 15.894946    , 0.06985799 , -0.08178497 , -0.99419856    ,-6.75 , -51.1875 , -9.8125
366210  , 0.27240697 , -0.61291564 , 3.636633    , -0.07366398 , 0.16574393 , -0.983414    ,-6.75 , -51.1875 , -9.8125
36132811  , 0.27240697 , -0.61291564 , 3.636633    , -0.07366395 , 0.16574387 , -0.98341364    ,-5.4375 , -48.9375 , -3.5
488281  , 4.0180025 , -4.7535014 , -5.5162406    , -0.48311928 , 0.57155466 , 0.6632654    ,-5.4375 , -48.9375 , -3.5
76477049  , 4.0180025 , -4.7535014 , -5.5162406    , -0.48311937 , 0.5715548 , 0.6632655    ,-2.6875 , -46.25 , 10.4375
305176  , 1.2258313 , -5.5571017 , -12.489859    , -0.08931255 , 0.4048836 , 0.90999573    ,-2.6875 , -46.25 , 10.4375
274659  , 1.2258313 , -5.5571017 , -12.489859    , -0.08931256 , 0.40488365 , 0.9099959    ,-0.125 , -41.0 , 22.4375
244140  , -0.95342433 , -16.276316 , -17.434046    , 0.039942488 , 0.6818753 , 0.73037696    ,-0.125 , -41.0 , 22.4375
38391115  , -0.95342433 , -16.276316 , -17.434046    , 0.039942488 , 0.6818754 , 0.730377    ,4.6875 , -35.0625 , 30.25
274658  , -6.5513873 , -19.6133 , -19.300034    , 0.23161301 , 0.6933944 , 0.6823194    ,4.6875 , -35.0625 , 30.25
39367677  , -6.5513873 , -19.6133 , -19.300034    , 0.23161298 , 0.6933943 , 0.6823193    ,7.5 , -33.3125 , 32.6875
274658  , 2.7921712 , -19.6133 , -8.240311    , -0.13013187 , 0.914097 , 0.38404772    ,7.5 , -33.3125 , 32.6875
40130616  , 2.7921712 , -19.6133 , -8.240311    , -0.13013184 , 0.9140969 , 0.38404766    ,5.4375 , -36.3125 , 25.625
457764  , 14.206022 , -6.932757 , 16.43976    , -0.6228915 , 0.30398065 , -0.7208342    ,5.4375 , -36.3125 , 25.625
39459229  , 14.206022 , -6.932757 , 16.43976    , -0.6228914 , 0.3039806 , -0.72083414    ,0.125 , -41.5 , 10.6875
488281  , 18.891422 , 18.959524 , 19.340895    , -0.5720945 , -0.5741569 , -0.5857061    ,0.125 , -41.5 , 10.6875
37628175  , 18.891422 , 18.959524 , 19.340895    , -0.57209456 , -0.5741569 , -0.58570606    ,-4.9375 , -48.4375 , -2.5
244141  , 6.469665 , 12.408136 , 19.340895    , -0.2710109 , -0.5197704 , -0.81018007    ,-4.9375 , -48.4375 , -2.5
40313721  , 6.469665 , 12.408136 , 19.340895    , -0.27101088 , -0.51977044 , -0.81018007    ,-7.0 , -52.1875 , -9.625
335693  , 0.7218784 , 2.3426998 , 16.739407    , -0.04266937 , -0.1384742 , -0.98944646    ,-7.0 , -52.1875 , -9.625
39733887  , 0.7218784 , 2.3426998 , 16.739407    , -0.042669386 , -0.13847421 , -0.9894466    ,-6.1875 , -51.4375 , -6.1875
488281  , -0.29964766 , -1.0351465 , 5.134871    , 0.057111267 , 0.19729349 , -0.9786795    ,-6.1875 , -51.4375 , -6.1875
39306640  , -0.29964766 , -1.0351465 , 5.134871    , 0.057111263 , 0.19729346 , -0.9786793    ,-3.9375 , -49.1875 , 5.8125
518799  , -0.14982383 , -3.9499009 , -3.214402    , 0.029407447 , 0.7752874 , 0.63092357    ,-3.9375 , -49.1875 , 5.8125
37841796  , -0.14982383 , -3.9499009 , -3.214402    , 0.029407457 , 0.7752875 , 0.6309236    ,-2.9375 , -45.25 , 17.3125
488282  , 0.84446156 , -7.4639506 , -10.147159    , -0.0668885 , 0.5912079 , 0.8037407    ,-2.9375 , -45.25 , 17.3125
39337157  , 0.84446156 , -7.4639506 , -10.147159    , -0.0668885 , 0.5912079 , 0.80374074    ,-3.4375 , -39.5 , 27.0625
488281  , 6.4015636 , -17.774553 , -18.074202    , -0.24484302 , 0.6798301 , 0.69129086    ,-3.4375 , -39.5 , 27.0625
39031982  , 6.4015636 , -17.774553 , -18.074202    , -0.24484305 , 0.67983 , 0.6912908    ,-2.9375 , -34.0625 , 33.4375
518799  , 8.390134 , -19.6133 , -19.422615    , -0.29082072 , 0.6798407 , 0.67323107    ,-2.9375 , -34.0625 , 33.4375
41778562  , 8.390134 , -19.6133 , -19.422615    , -0.29082066 , 0.6798405 , 0.673231    ,-2.9375 , -33.0625 , 33.6875
488281  , 7.205164 , -19.19107 , -9.343558    , -0.3198306 , 0.85187393 , 0.41475192    ,-2.9375 , -33.0625 , 33.6875
35552981  , 7.205164 , -19.19107 , -9.343558    , -0.31983054 , 0.85187376 , 0.4147519    ,-4.6875 , -37.3125 , 24.375
488281  , 11.836082 , -0.27240697 , 18.196785    , -0.5452101 , 0.012547985 , -0.8382057    ,-4.6875 , -37.3125 , 24.375
41412355  , 11.836082 , -0.27240697 , 18.196785    , -0.54521 , 0.012547992 , -0.83820534    ,-6.1875 , -43.5 , 11.4375
488281  , 15.091345 , 18.237646 , 19.340895    , -0.49369 , -0.59661645 , -0.6327075    ,-6.1875 , -43.5 , 11.4375
35980226  , 15.091345 , 18.237646 , 19.340895    , -0.49369013 , -0.5966165 , -0.6327076    ,-6.5 , -50.4375 , 0.4375
488281  , 2.5333846 , 11.304889 , 19.340895    , -0.11236882 , -0.5014308 , -0.85786957    ,-6.5 , -50.4375 , 0.4375
38330079  , 2.5333846 , 11.304889 , 19.340895    , -0.11236884 , -0.50143075 , -0.8578696    ,-5.9375 , -54.375 , -5.4375
244141  , -1.7570249 , 1.9477097 , 15.091345    , 0.11470616 , -0.12715486 , -0.9852278    ,-5.9375 , -54.375 , -5.4375
39581300  , -1.7570249 , 1.9477097 , 15.091345    , 0.114706144 , -0.12715487 , -0.9852279    ,-4.4375 , -52.9375 , -0.8125
305175  , -0.3405087 , -1.3075534 , 2.070293    , 0.13773529 , 0.52890354 , -0.83743054    ,-4.4375 , -52.9375 , -0.8125
32440186  , -0.3405087 , -1.3075534 , 2.070293    , 0.13773529 , 0.52890354 , -0.83743054    ,-3.1875 , -50.4375 , 7.75
213623  , 1.3756552 , -3.173541 , -4.903325    , -0.22925553 , 0.5288766 , 0.8171483    ,-3.1875 , -50.4375 , 7.75
36499023  , 1.3756552 , -3.173541 , -4.903325    , -0.22925553 , 0.52887654 , 0.8171484    ,-3.9375 , -47.1875 , 15.5625
244141  , 1.9477097 , -3.214402 , -9.956474    , -0.18301684 , 0.3020418 , 0.93556166    ,-3.9375 , -47.1875 , 15.5625
40557861  , 1.9477097 , -3.214402 , -9.956474    , -0.1830168 , 0.30204174 , 0.93556154    ,-5.1875 , -43.25 , 22.1875
335694  , 6.0882955 , -10.56939 , -18.46919    , -0.27507195 , 0.47752976 , 0.8344463    ,-5.1875 , -43.25 , 22.1875
427246  , 6.0882955 , -10.56939 , -18.46919    , -0.27507192 , 0.4775298 , 0.8344464    ,-5.4375 , -39.75 , 26.5625
244140  , 10.310603 , -19.57244 , -19.6133    , -0.34874722 , 0.6620209 , 0.6634029    ,-5.4375 , -39.75 , 26.5625
19714355  , 10.310603 , -19.57244 , -19.6133    , -0.3487473 , 0.66202104 , 0.6634031    ,-5.4375 , -38.3125 , 28.3125
244140  , 6.6331096 , -19.6133 , -18.537292    , -0.23868278 , 0.70575607 , 0.6670375    ,-5.4375 , -38.3125 , 28.3125
30151367  , 6.6331096 , -19.6133 , -18.537292    , -0.23868279 , 0.70575607 , 0.6670375    ,-7.0 , -39.75 , 24.875
244140  , 5.243834 , -16.167353 , -0.42223078    , -0.30842912 , 0.95092297 , 0.024834543    ,-7.0 , -39.75 , 24.875
28839110  , 5.243834 , -16.167353 , -0.42223078    , -0.30842915 , 0.9509231 , 0.02483455    ,-8.5 , -44.0 , 14.125
274658  , 9.575105 , -4.1814466 , 17.434046    , -0.4710956 , 0.20572738 , -0.85775584    ,-8.5 , -44.0 , 14.125
43365477  , 9.575105 , -4.1814466 , 17.434046    , -0.47109556 , 0.20572737 , -0.85775584    ,-11.3125 , -48.9375 , 1.1875
366211  , 17.352324 , 15.472715 , 19.340895    , -0.5737823 , -0.5116301 , -0.6395377    ,-11.3125 , -48.9375 , 1.1875
36163329  , 17.352324 , 15.472715 , 19.340895    , -0.5737824 , -0.5116302 , -0.6395377    ,-12.3125 , -52.6875 , -8.875
396728  , 6.0882955 , 11.563675 , 19.340895    , -0.26082838 , -0.49539888 , -0.82858235    ,-12.3125 , -52.6875 , -8.875
28503419  , 6.0882955 , 11.563675 , 19.340895    , -0.26082838 , -0.49539885 , -0.82858235    ,-11.3125 , -54.125 , -12.0625
6408692  , -0.88532263 , 0.9942854 , 15.431854    , 0.057157516 , -0.06419229 , -0.9962994    ,-11.3125 , -54.125 , -12.0625
23162842  , -0.88532263 , 0.9942854 , 15.431854    , 0.057157524 , -0.06419228 , -0.99629945    ,-9.25 , -52.9375 , -7.125
396728  , 0.42223078 , -0.50395286 , 5.829509    , -0.07197362 , 0.08590401 , -0.9937003    ,-9.25 , -52.9375 , -7.125
29510499  , 0.42223078 , -0.50395286 , 5.829509    , -0.07197361 , 0.08590399 , -0.99370027    ,-7.0 , -51.6875 , 1.625
396729  , 2.3699405 , -2.1111538 , -1.56634    , -0.66959745 , 0.5964804 , 0.44255    ,-7.0 , -51.6875 , 1.625
30944825  , 2.3699405 , -2.1111538 , -1.56634    , -0.6695974 , 0.59648037 , 0.44254994    ,-6.1875 , -48.9375 , 10.6875
396729  , 3.336985 , -2.5333846 , -6.0474343    , -0.4535816 , 0.3443518 , 0.822001    ,-6.1875 , -48.9375 , 10.6875
30151368  , 3.336985 , -2.5333846 , -6.0474343    , -0.45358175 , 0.34435183 , 0.82200116    ,-5.6875 , -45.25 , 18.75
427246  , 3.445948 , -6.8237944 , -14.056199    , -0.21536523 , 0.42647427 , 0.8784859    ,-5.6875 , -45.25 , 18.75
36010743  , 3.445948 , -6.8237944 , -14.056199    , -0.21536523 , 0.42647427 , 0.8784859    ,-4.6875 , -40.75 , 27.0625
427247  , 2.4516625 , -16.970953 , -19.531578    , -0.094329156 , 0.6529673 , 0.75148886    ,-4.6875 , -40.75 , 27.0625
32043457  , 2.4516625 , -16.970953 , -19.531578    , -0.09432915 , 0.6529674 , 0.7514889    ,-2.4375 , -35.5625 , 32.4375
427246  , 2.4108016 , -19.6133 , -19.6133    , -0.08658878 , 0.70445096 , 0.7044509    ,-2.4375 , -35.5625 , 32.4375
36132813  , 2.4108016 , -19.6133 , -19.6133    , -0.086588785 , 0.7044511 , 0.7044511    ,-1.625 , -34.8125 , 32.6875
762940  , 5.325556 , -19.6133 , -11.3321295    , -0.22886623 , 0.8428833 , 0.48699918    ,-1.625 , -34.8125 , 32.6875
41656493  , 5.325556 , -19.6133 , -11.3321295    , -0.22886619 , 0.8428832 , 0.48699918    ,-4.4375 , -38.8125 , 21.6875
427246  , 13.593107 , -9.847511 , 18.278507    , -0.54774857 , 0.39681584 , -0.7365517    ,-4.4375 , -38.8125 , 21.6875
35736083  , 13.593107 , -9.847511 , 18.278507    , -0.5477486 , 0.3968159 , -0.7365518    ,-8.5 , -44.5 , 5.5625
488282  , 18.891422 , 19.109348 , 19.340895    , -0.57060415 , -0.57718647 , -0.58418024    ,-8.5 , -44.5 , 5.5625
42388915  , 18.891422 , 19.109348 , 19.340895    , -0.57060415 , -0.57718647 , -0.5841801    ,-11.0625 , -51.1875 , -6.9375
1007080  , 5.053149 , 7.43671 , 19.340895    , -0.23691896 , -0.34867316 , -0.9068056    ,-11.0625 , -51.1875 , -6.9375
34973143  , 5.053149 , 7.43671 , 19.340895    , -0.23691893 , -0.34867314 , -0.9068056    ,-12.3125 , -54.375 , -13.25
488281  , 2.4516625 , 3.1054392 , 14.246883    , -0.16580886 , -0.21002454 , -0.96353364    ,-12.3125 , -54.375 , -13.25
40496825  , 2.4516625 , 3.1054392 , 14.246883    , -0.16580887 , -0.21002457 , -0.9635338    ,-10.8125 , -52.4375 , -7.625
3143310  , 3.7864566 , -0.8036005 , 1.4982382    , -0.9122603 , 0.1936092 , -0.3609663    ,-10.8125 , -52.4375 , -7.625
46630860  , 3.7864566 , -0.8036005 , 1.4982382    , -0.9122603 , 0.19360921 , -0.36096632    ,-9.0 , -49.1875 , 4.8125
732422  , 5.012288 , -4.630918 , -7.3958488    , -0.4980833 , 0.46018562 , 0.73494357    ,-9.0 , -49.1875 , 4.8125
37231447  , 5.012288 , -4.630918 , -7.3958488    , -0.4980833 , 0.46018565 , 0.73494357    ,-9.25 , -43.5 , 17.0625
2319336  , 6.0474343 , -15.976667 , -17.120777    , -0.2500421 , 0.66058415 , 0.70788944    ,-9.25 , -43.5 , 17.0625
38635256  , 6.0474343 , -15.976667 , -17.120777    , -0.25004217 , 0.6605843 , 0.7078895    ,-8.75 , -36.3125 , 27.0625
732422  , 8.771504 , -19.6133 , -19.272793    , -0.3039035 , 0.67953557 , 0.6677382    ,-8.75 , -36.3125 , 27.0625
59539796  , 8.771504 , -19.6133 , -19.272793    , -0.30390346 , 0.6795355 , 0.6677381    ,-9.0 , -33.8125 , 31.9375
1098633  , 6.851035 , -19.6133 , -3.8681788    , -0.32419485 , 0.9281124 , 0.18304442    ,-9.0 , -33.8125 , 31.9375
42724609  , 6.851035 , -19.6133 , -3.8681788    , -0.32419485 , 0.92811245 , 0.18304442    ,2.1875 , -40.75 , 29.25
2258301  , 11.985906 , 5.284695 , 19.340895    , -0.51310915 , -0.22623453 , -0.8279717    ,2.1875 , -40.75 , 29.25
71197510  , 11.985906 , 5.284695 , 19.340895    , -0.5131092 , -0.22623453 , -0.8279717    ,3.4375 , -45.25 , 15.5625
274658  , -6.1291566 , 9.615966 , 19.340895    , 0.2729863 , -0.42828515 , -0.8614235    ,3.4375 , -45.25 , 15.5625
213623  , -6.1291566 , 9.615966 , 19.340895    , 0.2729863 , -0.42828512 , -0.86142343    ,4.1875 , -52.6875 , 3.875
244141  , -4.903325 , 2.4108016 , 18.305748    , 0.25666758 , -0.1261949 , -0.9582256    ,4.1875 , -52.6875 , 3.875
31768798  , -4.903325 , 2.4108016 , 18.305748    , 0.2566676 , -0.1261949 , -0.9582257    ,5.6875 , -56.375 , -2.25
244140  , -1.9885708 , 2.3426998 , 10.18802    , 0.18687199 , -0.22015056 , -0.9573989    ,5.6875 , -56.375 , -2.25
38452147  , -1.9885708 , 2.3426998 , 10.18802    , 0.18687199 , -0.22015055 , -0.95739883    ,5.1875 , -54.875 , 9.0
854492  , 3.718355 , -3.8681788 , -1.2666923    , -0.6744668 , 0.70164317 , 0.2297634    ,5.1875 , -54.875 , 9.0
38970946  , 3.718355 , -3.8681788 , -1.2666923    , -0.67446697 , 0.70164335 , 0.22976346    ,3.4375 , -50.6875 , 22.9375
244141  , 10.119919 , -15.894946 , -17.352324    , -0.39506668 , 0.6205152 , 0.6774091    ,3.4375 , -50.6875 , 22.9375
42419432  , 10.119919 , -15.894946 , -17.352324    , -0.3950668 , 0.62051535 , 0.67740923    ,3.6875 , -43.0 , 34.4375
274658  , 1.920469 , -19.6133 , -19.6133    , -0.06907219 , 0.705418 , 0.70541793    ,3.6875 , -43.0 , 34.4375
36529539  , 1.920469 , -19.6133 , -19.6133    , -0.06907217 , 0.70541793 , 0.70541793    ,3.4375 , -41.25 , 37.8125
1922607  , 5.134871 , -19.000385 , 0.19068487    , -0.26087934 , 0.9653228 , -0.009687826    ,3.4375 , -41.25 , 37.8125
41381836  , 5.134871 , -19.000385 , 0.19068487    , -0.26087934 , 0.96532285 , -0.009687815    ,3.9375 , -42.5 , 26.5625
488281  , 12.367276 , 7.014479 , 19.340895    , -0.5152036 , -0.29221347 , -0.8057148    ,3.9375 , -42.5 , 26.5625
35675051  , 12.367276 , 7.014479 , 19.340895    , -0.5152036 , -0.2922135 , -0.8057149    ,5.1875 , -47.1875 , 15.125
549316  , -4.1814466 , 4.7535014 , 18.278507    , 0.2161643 , -0.2457373 , -0.94492674    ,5.1875 , -47.1875 , 15.125
39459230  , -4.1814466 , 4.7535014 , 18.278507    , 0.21616426 , -0.24573727 , -0.94492656    ,3.9375 , -54.125 , 7.75
518799  , 2.2609777 , -2.1792557 , 4.862464    , -0.39060995 , 0.37649152 , -0.8400465    ,3.9375 , -54.125 , 7.75
38360597  , 2.2609777 , -2.1792557 , 4.862464    , -0.39060992 , 0.37649152 , -0.8400465    ,3.4375 , -52.9375 , 10.4375
518798  , 9.302697 , -15.622539 , -18.918663    , -0.35452813 , 0.5953789 , 0.72099495    ,3.4375 , -52.9375 , 10.4375
38848877  , 9.302697 , -15.622539 , -18.918663    , -0.3545282 , 0.5953789 , 0.72099507    ,5.6875 , -48.9375 , 24.375
488281  , 3.5276701 , -19.6133 , -19.6133    , -0.12616476 , 0.70145655 , 0.7014566    ,5.6875 , -48.9375 , 24.375
38696290  , 3.5276701 , -19.6133 , -19.6133    , -0.12616476 , 0.7014566 , 0.7014566    ,4.4375 , -48.6875 , 27.8125
518798  , 5.829509 , -13.6748295 , 1.6889231    , -0.3896426 , 0.9140215 , -0.11288708    ,4.4375 , -48.6875 , 27.8125
39276123  , 5.829509 , -13.6748295 , 1.6889231    , -0.3896426 , 0.91402143 , -0.112887084    ,6.5 , -48.9375 , 21.6875
488281  , 6.2789803 , 19.531578 , 19.340895    , -0.2226955 , -0.6927231 , -0.6859601    ,6.5 , -48.9375 , 21.6875
38970947  , 6.2789803 , 19.531578 , 19.340895    , -0.2226955 , -0.692723 , -0.6859601    ,9.5 , -52.6875 , 15.8125
518799  , -10.7192135 , 10.56939 , 19.340895    , 0.4373609 , -0.43124792 , -0.7891392    ,9.5 , -52.6875 , 15.8125
38513183  , -10.7192135 , 10.56939 , 19.340895    , 0.43736094 , -0.43124786 , -0.7891392    ,9.25 , -55.625 , 14.125
488281  , 3.636633 , -7.9270425 , 9.656827    , -0.2794786 , 0.60920066 , -0.7421362    ,9.25 , -55.625 , 14.125
39093017  , 3.636633 , -7.9270425 , 9.656827    , -0.2794787 , 0.6092008 , -0.74213636    ,11.0625 , -50.4375 , 22.6875
1312255  , 5.5571017 , -19.6133 , -19.340895    , -0.1977587 , 0.69797194 , 0.68827796    ,11.0625 , -50.4375 , 22.6875
37933349  , 5.5571017 , -19.6133 , -19.340895    , -0.19775875 , 0.697972 , 0.6882779    ,8.75 , -46.6875 , 32.6875
488281  , 10.18802 , -19.6133 , -17.24336    , -0.36343837 , 0.6996674 , 0.61512434    ,8.75 , -46.6875 , 32.6875
42236327  , 10.18802 , -19.6133 , -17.24336    , -0.36343834 , 0.69966733 , 0.6151242    ,4.1875 , -46.25 , 30.25
488282  , 12.9529505 , -3.2961242 , 16.86199    , -0.6019941 , 0.15318885 , -0.7836684    ,4.1875 , -46.25 , 30.25
68939209  , 12.9529505 , -3.2961242 , 16.86199    , -0.60199416 , 0.15318885 , -0.7836685    ,1.125 , -48.9375 , 23.1875
244141  , 10.95076 , 18.700737 , 19.340895    , -0.37700617 , -0.6438178 , -0.66585666    ,1.125 , -48.9375 , 23.1875
8117677  , 10.95076 , 18.700737 , 19.340895    , -0.37700617 , -0.64381766 , -0.66585666    ,0.375 , -54.125 , 16.0625
244140  , 5.829509 , 3.9090397 , 19.19107    , -0.28528053 , -0.19129792 , -0.93915945    ,0.375 , -54.125 , 16.0625
26977540  , 5.829509 , 3.9090397 , 19.19107    , -0.28528047 , -0.19129789 , -0.93915933    ,0.375 , -56.125 , 15.5625
274658  , 5.5571017 , -17.583868 , -5.7477865    , -0.28769308 , 0.9103229 , 0.29756492    ,0.375 , -56.125 , 15.5625
44219971  , 5.5571017 , -17.583868 , -5.7477865    , -0.28769308 , 0.910323 , 0.29756492    ,2.4375 , -53.4375 , 22.6875
366211  , -2.5333846 , -19.6133 , -19.6133    , 0.09095601 , 0.7041756 , 0.70417565    ,2.4375 , -53.4375 , 22.6875
35644532  , -2.5333846 , -19.6133 , -19.6133    , 0.09095602 , 0.7041757 , 0.70417565    ,1.125 , -50.6875 , 23.625
427246  , 9.615966 , -17.815414 , -12.830367    , -0.40119702 , 0.7432942 , 0.5353081    ,1.125 , -50.6875 , 23.625
41229248  , 9.615966 , -17.815414 , -12.830367    , -0.401197 , 0.7432941 , 0.5353081    ,-2.6875 , -50.1875 , 17.5625
518799  , 15.826844 , 2.6014864 , 18.155924    , -0.65330255 , -0.10738449 , -0.74944264    ,-2.6875 , -50.1875 , 17.5625
36041261  , 15.826844 , 2.6014864 , 18.155924    , -0.6533026 , -0.10738452 , -0.7494427    ,-4.4375 , -51.9375 , 10.6875
518799  , 16.249075 , 13.184497 , 19.340895    , -0.57025415 , -0.4627041 , -0.6787602    ,-4.4375 , -51.9375 , 10.6875
42510986  , 16.249075 , 13.184497 , 19.340895    , -0.5702541 , -0.46270406 , -0.6787601    ,-4.1875 , -53.1875 , 9.6875
1251220  , 7.7772183 , -6.782933 , 13.102775    , -0.46629903 , 0.40668464 , -0.78560364    ,-4.1875 , -53.1875 , 9.6875
34606934  , 7.7772183 , -6.782933 , 13.102775    , -0.46629903 , 0.40668458 , -0.7856036    ,1.875 , -47.6875 , 20.25
488281  , 2.5333846 , -19.6133 , -11.836082    , -0.10991961 , 0.8509906 , 0.51354915    ,1.875 , -47.6875 , 20.25
38696288  , 2.5333846 , -19.6133 , -11.836082    , -0.10991964 , 0.85099065 , 0.5135492    ,9.5 , -41.0 , 33.9375
518799  , -10.228881 , -19.6133 , -11.75436    , 0.408347 , 0.78298223 , 0.46924564    ,9.5 , -41.0 , 33.9375
39459228  , -10.228881 , -19.6133 , -11.75436    , 0.40834698 , 0.78298223 , 0.4692456    ,12.8125 , -39.75 , 38.8125
488282  , 11.985906 , -17.543009 , 9.575105    , -0.5143162 , 0.752772 , -0.4108686    ,12.8125 , -39.75 , 38.8125
39184569  , 11.985906 , -17.543009 , 9.575105    , -0.51431626 , 0.75277203 , -0.41086853    ,11.0625 , -40.75 , 30.25
762939  , 19.340895 , 14.859799 , 19.340895    , -0.6213337 , -0.47737685 , -0.6213337    ,11.0625 , -40.75 , 30.25
51666257  , 19.340895 , 14.859799 , 19.340895    , -0.6213339 , -0.47737694 , -0.6213339    ,7.25 , -47.9375 , 20.25
885010  , 7.3141265 , 15.023244 , 19.041246    , -0.28871873 , -0.5930294 , -0.7516366    ,7.25 , -47.9375 , 20.25
45135498  , 7.3141265 , 15.023244 , 19.041246    , -0.2887188 , -0.5930295 , -0.7516366    ,4.9375 , -51.6875 , 19.5
1220703  , 0.27240697 , -16.126492 , -3.718355    , -0.016457783 , 0.97430074 , 0.22464874    ,4.9375 , -51.6875 , 19.5
42999269  , 0.27240697 , -16.126492 , -3.718355    , -0.016457785 , 0.9743009 , 0.22464877    ,5.9375 , -47.1875 , 24.875
885010  , -8.730643 , -19.6133 , -16.08563    , 0.32545024 , 0.73112065 , 0.59962046    ,5.9375 , -47.1875 , 24.875
43395997  , -8.730643 , -19.6133 , -16.08563    , 0.32545018 , 0.7311206 , 0.59962034    ,6.1875 , -47.1875 , 27.3125
732422  , 13.021052 , -14.9006605 , 10.800936    , -0.57758075 , 0.66095537 , -0.47910196    ,6.1875 , -47.1875 , 27.3125
38574219  , 13.021052 , -14.9006605 , 10.800936    , -0.57758063 , 0.66095525 , -0.47910196    ,5.4375 , -46.6875 , 22.1875
2532959  , 7.504812 , 18.700737 , 19.340895    , -0.2686964 , -0.66954654 , -0.69246626    ,5.4375 , -46.6875 , 22.1875
38085938  , 7.504812 , 18.700737 , 19.340895    , -0.2686964 , -0.6695466 , -0.69246626    ,4.6875 , -50.4375 , 14.375
701904  , 3.2961242 , 4.5219555 , 17.583868    , -0.17862485 , -0.24505557 , -0.95291185    ,4.6875 , -50.4375 , 14.375
56518555  , 3.2961242 , 4.5219555 , 17.583868    , -0.17862487 , -0.2450556 , -0.9529119    ,3.1875 , -51.1875 , 14.875
2227783  , 1.607201 , -18.305748 , -7.4639506    , -0.08103195 , 0.92294025 , 0.3763179    ,3.1875 , -51.1875 , 14.875
35156250  , 1.607201 , -18.305748 , -7.4639506    , -0.08103198 , 0.9229403 , 0.37631792    ,6.75 , -44.5 , 25.875
213623  , -9.152874 , -19.6133 , -17.815414    , 0.3265043 , 0.699652 , 0.6355173    ,6.75 , -44.5 , 25.875
29113769  , -9.152874 , -19.6133 , -17.815414    , 0.32650426 , 0.6996519 , 0.6355172    ,9.0 , -42.0 , 36.125
244141  , 3.486809 , -19.422615 , -3.0237172    , -0.17465979 , 0.9729095 , 0.15146278    ,9.0 , -42.0 , 36.125
100433347  , 3.486809 , -19.422615 , -3.0237172    , -0.17465983 , 0.97290987 , 0.15146282    ,7.75 , -42.0 , 29.25
366211  , 14.410328 , -4.7535014 , 19.19107    , -0.58901095 , 0.19429569 , -0.7844202    ,7.75 , -42.0 , 29.25
244140  , 14.410328 , -4.7535014 , 19.19107    , -0.589011 , 0.1942957 , -0.78442013    ,8.25 , -46.4375 , 14.125
213623  , -6.3198414 , 5.7477865 , 19.340895    , 0.29890233 , -0.2718465 , -0.9147442    ,8.25 , -46.4375 , 14.125
10803222  , -6.3198414 , 5.7477865 , 19.340895    , 0.29890224 , -0.27184644 , -0.914744    ,5.9375 , -53.625 , 3.875
244140  , -0.5720546 , 5.7477865 , 16.548723    , 0.032636948 , -0.3279236 , -0.94414026    ,5.9375 , -53.625 , 3.875
36956786  , -0.5720546 , 5.7477865 , 16.548723    , 0.032636948 , -0.3279236 , -0.9441404    ,4.9375 , -55.375 , 3.625
274658  , 3.9090397 , -4.2904096 , 3.636633    , -0.57071877 , 0.6263986 , -0.5309474    ,4.9375 , -55.375 , 3.625
44891358  , 3.9090397 , -4.2904096 , 3.636633    , -0.5707186 , 0.6263985 , -0.53094727    ,7.0 , -49.9375 , 19.0
427246  , -0.6537767 , -19.504337 , -18.659876    , 0.024213344 , 0.7223642 , 0.69108874    ,7.0 , -49.9375 , 19.0
34088137  , -0.6537767 , -19.504337 , -18.659876    , 0.024213325 , 0.7223643 , 0.6910888    ,7.75 , -46.6875 , 31.75
396729  , -5.6252036 , -19.6133 , -13.783792    , 0.22844847 , 0.79652745 , 0.55978173    ,7.75 , -46.6875 , 31.75
38909913  , -5.6252036 , -19.6133 , -13.783792    , 0.22844845 , 0.7965273 , 0.5597817    ,7.75 , -47.1875 , 29.25
427246  , 7.504812 , -6.469665 , 15.595298    , -0.4061749 , 0.35015076 , -0.8440476    ,7.75 , -47.1875 , 29.25
38970948  , 7.504812 , -6.469665 , 15.595298    , -0.40617484 , 0.35015073 , -0.84404755    ,13.5625 , -45.5 , 14.125
427246  , 2.5333846 , 1.6889231 , 19.340895    , -0.12939239 , -0.08626159 , -0.9878344    ,13.5625 , -45.5 , 14.125
39276124  , 2.5333846 , 1.6889231 , 19.340895    , -0.12939237 , -0.086261585 , -0.98783433    ,16.625 , -49.1875 , -5.4375
2624512  , -12.176591 , -4.630918 , 19.340895    , 0.52217025 , 0.19858824 , -0.8293979    ,16.625 , -49.1875 , -5.4375
37841797  , -12.176591 , -4.630918 , 19.340895    , 0.5221702 , 0.19858822 , -0.82939786    ,19.4375 , -52.1875 , -19.875
488281  , -6.701211 , 2.9556155 , 14.709975    , 0.40780365 , -0.17986462 , -0.8951787    ,19.4375 , -52.1875 , -19.875
41015625  , -6.701211 , 2.9556155 , 14.709975    , 0.40780362 , -0.17986459 , -0.8951787    ,24.5 , -50.4375 , -23.75
213623  , -1.920469 , 3.6774938 , 5.706926    , 0.27219158 , -0.52121794 , -0.80885315    ,24.5 , -50.4375 , -23.75
39001465  , -1.920469 , 3.6774938 , 5.706926    , 0.27219164 , -0.521218 , -0.80885315    ,24.0 , -52.1875 , -20.625
305176  , -1.6889231 , 5.5571017 , 5.47538    , 0.21158934 , -0.69619703 , -0.6859589    ,24.0 , -52.1875 , -20.625
37078857  , -1.6889231 , 5.5571017 , 5.47538    , 0.21158928 , -0.696197 , -0.68595886    ,19.1875 , -50.6875 , -19.4375
427246  , -2.6832085 , 5.325556 , 4.5628166    , 0.35734698 , -0.7092522 , -0.6076714    ,19.1875 , -50.6875 , -19.4375
38421630  , -2.6832085 , 5.325556 , 4.5628166    , 0.35734704 , -0.7092523 , -0.6076714    ,16.9375 , -48.625 , -20.8125
427246  , -2.1111538 , 5.829509 , 10.119919    , 0.17788403 , -0.49118945 , -0.85269576    ,16.9375 , -48.625 , -20.8125
39581298  , -2.1111538 , 5.829509 , 10.119919    , 0.177884 , -0.4911894 , -0.85269564    ,15.4375 , -46.875 , -22.0
488281  , 0.08172209 , 4.7126403 , 9.915613    , -0.007443592 , -0.42924738 , -0.9031563    ,15.4375 , -46.875 , -22.0
43090819  , 0.08172209 , 4.7126403 , 9.915613    , -0.007443607 , -0.42924732 , -0.9031563    ,13.375 , -45.1875 , -23.6875
518798  , 0.88532263 , 2.4108016 , 3.6774938    , -0.19737424 , -0.53746533 , -0.81986237    ,13.375 , -45.1875 , -23.6875
35675047  , 0.88532263 , 2.4108016 , 3.6774938    , -0.19737425 , -0.53746533 , -0.81986237    ,11.125 , -45.1875 , -23.25
213623  , -1.607201 , 6.66035 , 7.7772183    , 0.15506382 , -0.642595 , -0.75035113    ,11.125 , -45.1875 , -23.25
38940431  , -1.607201 , 6.66035 , 7.7772183    , 0.15506384 , -0.64259505 , -0.75035125    ,9.0625 , -45.1875 , -22.25
274658  , 0.08172209 , 4.671779 , 9.084772    , -0.007999472 , -0.45730335 , -0.8892751    ,9.0625 , -45.1875 , -22.25
39215090  , 0.08172209 , 4.671779 , 9.084772    , -0.00799948 , -0.45730323 , -0.88927484    ,7.0625 , -46.375 , -21.25
396729  , -0.14982383 , 3.990762 , 9.765789    , 0.014200244 , -0.37824276 , -0.9255975    ,7.0625 , -46.375 , -21.25
