76873778  , 3.8681788 , 1.4573772 , 9.575105    , -0.37089694 , -0.13973933 , -0.9181005    ,-16.75 , -19.6875 , -38.75
9918213  , 3.9090397 , 1.607201 , 9.275456    , -0.38350135 , -0.1576765 , -0.9099806    ,-16.75 , -19.6875 , -38.75
33142088  , 3.9090397 , 1.607201 , 9.275456    , -0.3835014 , -0.15767653 , -0.90998065    ,-16.75 , -19.4375 , -39.0
244141  , 3.7864566 , 1.334794 , 8.689782    , -0.39555895 , -0.13944164 , -0.9077936    ,-16.75 , -19.4375 , -39.0
29266356  , 3.7864566 , 1.334794 , 8.689782    , -0.39555895 , -0.13944165 , -0.90779364    ,-17.25 , -19.4375 , -39.0
244140  , 3.5957718 , 1.1849703 , 8.539958    , -0.38492224 , -0.12684937 , -0.91419035    ,-17.25 , -19.4375 , -39.0
31616209  , 3.5957718 , 1.1849703 , 8.539958    , -0.38492224 , -0.12684937 , -0.9141903    ,-17.75 , -19.6875 , -39.0
885010  , 3.486809 , 1.1849703 , 8.539958    , -0.37491947 , -0.12741405 , -0.9182598    ,-17.75 , -19.6875 , -39.0
31158449  , 3.486809 , 1.1849703 , 8.539958    , -0.37491947 , -0.12741405 , -0.91825986    ,-17.75 , -19.1875 , -39.25
1129150  , 3.5957718 , 1.1441092 , 8.812365    , -0.3750966 , -0.11934893 , -0.9192707    ,-17.75 , -19.1875 , -39.25
43579104  , 3.5957718 , 1.1441092 , 8.812365    , -0.37509647 , -0.1193489 , -0.9192706    ,-18.0 , -19.1875 , -39.0
305176  , 3.759216 , 1.1441092 , 9.234595    , -0.3745785 , -0.11400215 , -0.9201602    ,-18.0 , -19.1875 , -39.0
29968263  , 3.759216 , 1.1441092 , 9.234595    , -0.37457848 , -0.11400214 , -0.92016006    ,-17.75 , -18.9375 , -39.0
274659  , 3.8273177 , 1.1441092 , 9.534244    , -0.37024456 , -0.11067809 , -0.92231745    ,-17.75 , -18.9375 , -39.0
28686524  , 3.8273177 , 1.1441092 , 9.534244    , -0.3702445 , -0.11067808 , -0.92231727    ,-17.75 , -18.9375 , -39.5
762939  , 3.9090397 , 0.9942854 , 9.507003    , -0.3785166 , -0.096277736 , -0.9205735    ,-17.75 , -18.9375 , -39.5
52032472  , 3.9090397 , 0.9942854 , 9.507003    , -0.37851667 , -0.096277766 , -0.92057365    ,-18.0 , -19.1875 , -39.5
244140  , 3.9090397 , 1.1168685 , 9.343558    , -0.38362637 , -0.10960753 , -0.91696066    ,-18.0 , -19.1875 , -39.5
27069092  , 3.9090397 , 1.1168685 , 9.343558    , -0.38362646 , -0.109607555 , -0.9169607    ,-18.25 , -18.9375 , -39.25
244141  , 3.990762 , 0.8036005 , 9.234595    , -0.39543578 , -0.07962699 , -0.9150356    ,-18.25 , -18.9375 , -39.25
46813964  , 3.990762 , 0.8036005 , 9.234595    , -0.3954358 , -0.07962698 , -0.91503555    ,-19.0625 , -18.9375 , -39.0
274658  , 3.990762 , 0.7218784 , 9.275456    , -0.3942151 , -0.07130853 , -0.91624737    ,-19.0625 , -18.9375 , -39.0
30029297  , 3.990762 , 0.7218784 , 9.275456    , -0.3942151 , -0.07130854 , -0.9162475    ,-19.8125 , -18.6875 , -38.5
2105713  , 4.2086873 , 0.7627395 , 9.112013    , -0.41811064 , -0.07577412 , -0.90523005    ,-19.8125 , -18.6875 , -38.5
32623291  , 4.2086873 , 0.7627395 , 9.112013    , -0.41811082 , -0.07577411 , -0.90523016    ,-20.3125 , -18.1875 , -38.5
1281738  , 4.4810944 , 1.2258313 , 9.425281    , -0.42644465 , -0.11665657 , -0.89695954    ,-20.3125 , -18.1875 , -38.5
29693603  , 4.4810944 , 1.2258313 , 9.425281    , -0.42644456 , -0.11665657 , -0.8969594    ,-20.3125 , -18.1875 , -39.0
274658  , 5.5571017 , 2.6832085 , 11.536434    , -0.42475075 , -0.20508799 , -0.88177425    ,-20.3125 , -18.1875 , -39.0
31768798  , 5.5571017 , 2.6832085 , 11.536434    , -0.42475072 , -0.20508799 , -0.8817742    ,-19.0625 , -17.9375 , -39.25
3417968  , 5.597963 , 2.6014864 , 9.00305    , -0.5128202 , -0.23831788 , -0.82475454    ,-19.0625 , -17.9375 , -39.25
57250975  , 5.597963 , 2.6014864 , 9.00305    , -0.5128201 , -0.23831785 , -0.8247544    ,-17.5 , -18.1875 , -40.0
305176  , 3.3778462 , 1.9477097 , 7.3549876    , -0.40576583 , -0.23396987 , -0.8835225    ,-17.5 , -18.1875 , -40.0
23071288  , 3.3778462 , 1.9477097 , 7.3549876    , -0.40576586 , -0.23396987 , -0.8835225    ,-16.75 , -18.6875 , -40.25
244140  , 4.9850473 , 1.8387469 , 11.645397    , -0.38944852 , -0.14364904 , -0.9097772    ,-16.75 , -18.6875 , -40.25
213624  , 4.9850473 , 1.8387469 , 11.645397    , -0.3894485 , -0.14364903 , -0.9097772    ,-16.5 , -18.6875 , -40.4375
244140  , 4.7535014 , 2.5333846 , 11.836082    , -0.36553854 , -0.19481425 , -0.9101806    ,-16.5 , -18.6875 , -40.4375
29296875  , 4.7535014 , 2.5333846 , 11.836082    , -0.3655386 , -0.19481426 , -0.9101806    ,-16.5 , -19.1875 , -40.4375
244140  , 5.284695 , 2.3426998 , 12.871228    , -0.3745424 , -0.16603425 , -0.912223    ,-16.5 , -19.1875 , -40.4375
51116946  , 5.284695 , 2.3426998 , 12.871228    , -0.37454233 , -0.16603422 , -0.9122229    ,-17.25 , -19.1875 , -39.75
274658  , 7.164303 , 2.2201166 , 16.04477    , -0.4045042 , -0.12535018 , -0.90590495    ,-17.25 , -19.1875 , -39.75
41931153  , 7.164303 , 2.2201166 , 16.04477    , -0.40450418 , -0.12535015 , -0.90590477    ,-18.5 , -19.9375 , -38.75
3570556  , 11.917805 , 4.862464 , 19.381754    , -0.51223016 , -0.20898992 , -0.8330325    ,-18.5 , -19.9375 , -38.75
27740479  , 11.917805 , 4.862464 , 19.381754    , -0.5122303 , -0.20898992 , -0.8330325    ,-20.3125 , -22.9375 , -34.8125
3570557  , 12.571581 , 2.6014864 , 17.66559    , -0.5756822 , -0.11912816 , -0.8089489    ,-20.3125 , -22.9375 , -34.8125
23590088  , 12.571581 , 2.6014864 , 17.66559    , -0.5756822 , -0.11912816 , -0.8089489    ,-21.5625 , -28.125 , -27.0
213623  , 7.8180795 , 0.61291564 , 12.980191    , -0.51552755 , -0.04041593 , -0.8559195    ,-21.5625 , -28.125 , -27.0
45623780  , 7.8180795 , 0.61291564 , 12.980191    , -0.5155275 , -0.040415928 , -0.85591936    ,-20.0625 , -34.8125 , -17.75
244140  , 2.3699405 , -5.9793324 , 4.2904096    , -0.3065291 , 0.7733694 , -0.55492336    ,-20.0625 , -34.8125 , -17.75
21179199  , 2.3699405 , -5.9793324 , 4.2904096    , -0.3065291 , 0.77336943 , -0.5549234    ,-15.25 , -41.0 , -7.6875
335693  , -1.7297841 , -8.076866 , -0.88532263    , 0.20822388 , 0.9722579 , 0.10657128    ,-15.25 , -41.0 , -7.6875
49102783  , -1.7297841 , -8.076866 , -0.88532263    , 0.20822386 , 0.9722579 , 0.106571294    ,-7.875 , -45.0 , 1.5625
1342773  , -5.7886477 , -8.880466 , -0.9942854    , 0.5436854 , 0.83407736 , 0.09338596    ,-7.875 , -45.0 , 1.5625
28198242  , -5.7886477 , -8.880466 , -0.9942854    , 0.54368544 , 0.8340774 , 0.093385965    ,0.25 , -46.25 , 7.6875
244141  , -10.269742 , -15.241169 , -5.8567495    , 0.53241664 , 0.7901516 , 0.30363286    ,0.25 , -46.25 , 7.6875
17944336  , -10.269742 , -15.241169 , -5.8567495    , 0.5324167 , 0.7901516 , 0.30363292    ,6.375 , -45.0 , 11.625
1586914  , -14.09706 , -19.6133 , -9.534244    , 0.5428735 , 0.7553022 , 0.3671608    ,6.375 , -45.0 , 11.625
54046630  , -14.09706 , -19.6133 , -9.534244    , 0.5428733 , 0.7553021 , 0.36716068    ,8.375 , -44.5 , 12.125
213623  , -7.8861814 , -19.6133 , -5.012288    , 0.36299223 , 0.9027787 , 0.23071012    ,8.375 , -44.5 , 12.125
21881103  , -7.8861814 , -19.6133 , -5.012288    , 0.36299232 , 0.90277874 , 0.23071012    ,1.75 , -43.75 , 6.25
213623  , 18.04696 , -17.311462 , 17.011814    , -0.5966854 , 0.5723677 , -0.56246036    ,1.75 , -43.75 , 6.25
24749755  , 18.04696 , -17.311462 , 17.011814    , -0.5966854 , 0.57236767 , -0.56246036    ,-10.375 , -38.0625 , -3.8125
3906250  , 19.57244 , 2.5606253 , 19.381754    , -0.70750916 , -0.092562094 , -0.70061624    ,-10.375 , -38.0625 , -3.8125
22460937  , 19.57244 , 2.5606253 , 19.381754    , -0.7075091 , -0.092562094 , -0.7006161    ,-23.375 , -30.125 , -13.3125
244140  , 19.57244 , 17.924377 , 19.381754    , -0.59556586 , -0.5454173 , -0.5897636    ,-23.375 , -30.125 , -13.3125
39154052  , 19.57244 , 17.924377 , 19.381754    , -0.59556586 , -0.54541737 , -0.5897635    ,-33.5 , -22.6875 , -20.875
305175  , 19.57244 , 11.073342 , 19.381754    , -0.65928054 , -0.3729959 , -0.65285754    ,-33.5 , -22.6875 , -20.875
33843996  , 19.57244 , 11.073342 , 19.381754    , -0.6592806 , -0.37299597 , -0.65285754    ,-35.8125 , -18.6875 , -23.375
457764  , 17.965239 , -1.7978859 , 14.709975    , -0.77141285 , 0.07719978 , -0.63163453    ,-35.8125 , -18.6875 , -23.375
36376955  , 17.965239 , -1.7978859 , 14.709975    , -0.771413 , 0.07719979 , -0.63163465    ,-32.5 , -23.1875 , -20.1875
427246  , 8.62168 , -12.108489 , 6.3607025    , -0.53325254 , 0.74891233 , -0.39341065    ,-32.5 , -23.1875 , -20.1875
37750246  , 8.62168 , -12.108489 , 6.3607025    , -0.53325254 , 0.7489122 , -0.3934106    ,-23.875 , -32.8125 , -13.5625
244140  , -6.1700177 , -17.461287 , -4.862464    , 0.32224393 , 0.9119573 , 0.2539538    ,-23.875 , -32.8125 , -13.5625
39215088  , -6.1700177 , -17.461287 , -4.862464    , 0.322244 , 0.91195744 , 0.2539538    ,-10.9375 , -39.5 , -5.75
69152833  , -13.33432 , -19.6133 , -12.408136    , 0.49817115 , 0.73275435 , 0.4635689    ,-10.9375 , -39.5 , -5.75
305176  , -13.33432 , -19.6133 , -12.408136    , 0.4981713 , 0.7327545 , 0.463569    ,-7.625 , -43.75 , -2.8125
213623  , 12.108489 , -19.340895 , 8.812365    , -0.49501076 , 0.7906809 , -0.36026093    ,-7.625 , -43.75 , -2.8125
9521484  , 12.108489 , -19.340895 , 8.812365    , -0.49501082 , 0.790681 , -0.36026096    ,-10.125 , -41.0 , -5.5
1068115  , 19.57244 , 5.134871 , 19.381754    , -0.69852597 , -0.18325977 , -0.69172055    ,-10.125 , -41.0 , -5.5
38482666  , 19.57244 , 5.134871 , 19.381754    , -0.6985259 , -0.18325977 , -0.6917205    ,-17.5 , -34.0625 , -12.375
213623  , 19.57244 , 19.57244 , 19.381754    , -0.5792252 , -0.5792252 , -0.57358205    ,-17.5 , -34.0625 , -12.375
40435790  , 19.57244 , 19.57244 , 19.381754    , -0.57922524 , -0.5792251 , -0.5735821    ,-29.6875 , -28.375 , -20.875
1556396  , 19.57244 , 15.6634 , 19.381754    , -0.6176777 , -0.49431407 , -0.61165994    ,-29.6875 , -28.375 , -20.875
38238524  , 19.57244 , 15.6634 , 19.381754    , -0.61767775 , -0.494314 , -0.61166    ,-32.75 , -23.6875 , -24.5625
427246  , 16.930092 , 6.1700177 , 15.785983    , -0.70671344 , -0.25755528 , -0.6589549    ,-32.75 , -23.6875 , -24.5625
39947508  , 16.930092 , 6.1700177 , 15.785983    , -0.7067134 , -0.25755525 , -0.6589548    ,-29.4375 , -26.375 , -22.375
244141  , 6.4424243 , -9.112013 , 3.990762    , -0.54359233 , 0.7688441 , -0.33672842    ,-29.4375 , -26.375 , -22.375
37353515  , 6.4424243 , -9.112013 , 3.990762    , -0.54359233 , 0.7688441 , -0.33672842    ,-23.125 , -33.0625 , -17.25
366211  , -12.299174 , -18.155924 , -8.921328    , 0.5195043 , 0.76688737 , 0.37682772    ,-23.125 , -33.0625 , -17.25
42541503  , -12.299174 , -18.155924 , -8.921328    , 0.5195044 , 0.7668874 , 0.3768277    ,-15.75 , -39.75 , -11.625
427246  , -18.8097 , -19.6133 , -19.272793    , 0.5645919 , 0.58871275 , 0.5784921    ,-15.75 , -39.75 , -11.625
37139894  , -18.8097 , -19.6133 , -19.272793    , 0.5645919 , 0.5887127 , 0.57849205    ,-15.0 , -42.75 , -11.125
518799  , 6.1700177 , -19.6133 , 3.7864566    , -0.2951223 , 0.93813705 , -0.18111254    ,-15.0 , -42.75 , -11.125
43762208  , 6.1700177 , -19.6133 , 3.7864566    , -0.29512227 , 0.93813705 , -0.18111257    ,-19.0625 , -34.3125 , -15.5
3295899  , 19.57244 , -9.534244 , 19.381754    , -0.67147344 , 0.32709217 , -0.66493154    ,-19.0625 , -34.3125 , -15.5
29479981  , 19.57244 , -9.534244 , 19.381754    , -0.6714735 , 0.3270922 , -0.6649316    ,-26.125 , -21.9375 , -21.875
244140  , 19.57244 , 13.988097 , 19.381754    , -0.6335485 , -0.45278648 , -0.627376    ,-26.125 , -21.9375 , -21.875
42633058  , 19.57244 , 13.988097 , 19.381754    , -0.6335484 , -0.4527865 , -0.6273761    ,-34.75 , -12.5 , -28.25
305176  , 19.57244 , 1.6889231 , 19.381754    , -0.70922774 , -0.061199903 , -0.7023181    ,-34.75 , -12.5 , -28.25
36651612  , 19.57244 , 1.6889231 , 19.381754    , -0.7092277 , -0.06119989 , -0.70231795    ,-35.8125 , -9.8125 , -28.0
457763  , 14.437569 , -12.489859 , 10.56939    , -0.6616393 , 0.57238036 , -0.48436987    ,-35.8125 , -9.8125 , -28.0
39367676  , 14.437569 , -12.489859 , 10.56939    , -0.66163933 , 0.5723805 , -0.48436996    ,-31.1875 , -18.1875 , -23.375
671386  , -0.61291564 , -19.231932 , 1.1849703    , 0.03179328 , 0.99760276 , -0.061467025    ,-31.1875 , -18.1875 , -23.375
62011718  , -0.61291564 , -19.231932 , 1.1849703    , 0.03179328 , 0.9976026 , -0.061467014    ,-20.5625 , -30.625 , -15.25
457764  , -12.14935 , -19.381754 , -5.202973    , 0.51789474 , 0.826193 , 0.22178902    ,-20.5625 , -30.625 , -15.25
104949949  , -12.14935 , -19.381754 , -5.202973    , 0.51789457 , 0.8261928 , 0.22178893    ,-14.4375 , -39.5 , -9.875
16052246  , 19.57244 , -6.5513873 , 19.381754    , -0.6912762 , 0.23138753 , -0.6845414    ,-14.4375 , -39.5 , -9.875
46325682  , 19.57244 , -6.5513873 , 19.381754    , -0.69127625 , 0.23138753 , -0.68454134    ,-16.5 , -31.875 , -11.625
213623  , 19.57244 , 4.140586 , 19.381754    , -0.70266527 , -0.14865012 , -0.6958194    ,-16.5 , -31.875 , -11.625
15502929  , 19.57244 , 4.140586 , 19.381754    , -0.7026652 , -0.14865012 , -0.6958195    ,-21.5625 , -21.6875 , -15.0625
335694  , 19.57244 , -1.9477097 , 19.313654    , -0.7100179 , 0.07065592 , -0.70063007    ,-21.5625 , -21.6875 , -15.0625
40069579  , 19.57244 , -1.9477097 , 19.313654    , -0.710018 , 0.07065593 , -0.7006302    ,-32.25 , -13.75 , -21.125
3265381  , 14.818938 , -6.238119 , 12.489859    , -0.7278615 , 0.3063976 , -0.6134641    ,-32.25 , -13.75 , -21.125
21179200  , 14.818938 , -6.238119 , 12.489859    , -0.72786146 , 0.30639756 , -0.6134641    ,-34.0 , -12.5 , -21.875
244141  , 2.4108016 , -18.659876 , -1.56634    , -0.1276904 , 0.9883381 , 0.08296269    ,-34.0 , -12.5 , -21.875
31341554  , 2.4108016 , -18.659876 , -1.56634    , -0.1276904 , 0.9883381 , 0.08296269    ,-23.125 , -25.875 , -14.5625
213624  , -2.6832085 , -19.6133 , -9.193735    , 0.122932255 , 0.8985911 , 0.42121458    ,-23.125 , -25.875 , -14.5625
89508059  , -2.6832085 , -19.6133 , -9.193735    , 0.122932255 , 0.8985909 , 0.42121455    ,-10.6875 , -37.3125 , -7.4375
2197265  , -14.7916975 , -19.6133 , -13.0619135    , 0.53164583 , 0.7049446 , 0.46947357    ,-10.6875 , -37.3125 , -7.4375
335693  , -14.7916975 , -19.6133 , -13.0619135    , 0.5316459 , 0.7049448 , 0.46947366    ,-9.125 , -42.75 , -6.75
244141  , 15.745122 , -19.6133 , 15.132206    , -0.5364136 , 0.6681969 , -0.51553243    ,-9.125 , -42.75 , -6.75
14343263  , 15.745122 , -19.6133 , 15.132206    , -0.53641343 , 0.6681967 , -0.5155323    ,-12.9375 , -32.8125 , -12.375
335693  , 19.57244 , -1.334794 , 19.381754    , -0.7097269 , 0.0484017 , -0.7028124    ,-12.9375 , -32.8125 , -12.375
30242920  , 19.57244 , -1.334794 , 19.381754    , -0.70972705 , 0.0484017 , -0.70281243    ,-21.8125 , -19.6875 , -21.375
244140  , 19.57244 , 4.7943625 , 19.381754    , -0.7000349 , -0.17147689 , -0.6932147    ,-21.8125 , -19.6875 , -21.375
36651612  , 19.57244 , 4.7943625 , 19.381754    , -0.70003474 , -0.17147705 , -0.69321495    ,-32.75 , -10.0625 , -30.4375
244140  , 19.340895 , -0.14982383 , 19.19107    , -0.7098401 , 0.005498752 , -0.7043414    ,-32.75 , -10.0625 , -30.4375
41290282  , 19.340895 , -0.14982383 , 19.19107    , -0.70984006 , 0.0054987594 , -0.7043413    ,-32.25 , -7.5625 , -30.9375
244141  , 12.9529505 , -9.275456 , 8.921328    , -0.70938826 , 0.50798464 , -0.48859024    ,-32.25 , -7.5625 , -30.9375
27465820  , 12.9529505 , -9.275456 , 8.921328    , -0.7093881 , 0.5079845 , -0.4885901    ,-27.1875 , -18.1875 , -24.3125
274658  , 1.6889231 , -18.237646 , -5.053149    , -0.08889088 , 0.95987815 , 0.26595578    ,-27.1875 , -18.1875 , -24.3125
30090332  , 1.6889231 , -18.237646 , -5.053149    , -0.08889088 , 0.9598781 , 0.26595578    ,-17.75 , -30.625 , -14.3125
244141  , -3.9499009 , -19.300034 , -5.5162406    , 0.19307545 , 0.9434067 , 0.26963982    ,-17.75 , -30.625 , -14.3125
31860351  , -3.9499009 , -19.300034 , -5.5162406    , 0.19307548 , 0.94340664 , 0.26963982    ,-7.625 , -40.75 , -5.0
244140  , -14.628253 , -19.6133 , -11.223166    , 0.54341954 , 0.7286072 , 0.41692522    ,-7.625 , -40.75 , -5.0
36682128  , -14.628253 , -19.6133 , -11.223166    , 0.54341966 , 0.7286073 , 0.4169253    ,-7.125 , -44.0 , -2.3125
335693  , 14.519291 , -19.6133 , 12.571581    , -0.52892417 , 0.7144942 , -0.45797092    ,-7.125 , -44.0 , -2.3125
42358398  , 14.519291 , -19.6133 , 12.571581    , -0.52892417 , 0.7144943 , -0.45797098    ,-14.4375 , -36.0625 , -5.25
457764  , 19.57244 , 5.597963 , 19.381754    , -0.6963253 , -0.19915774 , -0.6895414    ,-14.4375 , -36.0625 , -5.25
36254882  , 19.57244 , 5.597963 , 19.381754    , -0.6963254 , -0.19915779 , -0.68954146    ,-26.875 , -25.375 , -12.125
488281  , 19.57244 , 16.548723 , 17.543009    , -0.6301578 , -0.5328058 , -0.5648179    ,-26.875 , -25.375 , -12.125
43395998  , 19.57244 , 16.548723 , 17.543009    , -0.6301578 , -0.5328057 , -0.56481785    ,-38.5625 , -17.0 , -17.5
518799  , 19.340895 , -0.88532263 , 12.789507    , -0.8335156 , 0.038153887 , -0.55117685    ,-38.5625 , -17.0 , -17.5
33782961  , 19.340895 , -0.88532263 , 12.789507    , -0.83351564 , 0.038153887 , -0.5511769    ,-40.625 , -14.25 , -17.75
244141  , 9.112013 , -6.3198414 , 8.240311    , -0.65954334 , 0.45744112 , -0.59644806    ,-40.625 , -14.25 , -17.75
39733888  , 9.112013 , -6.3198414 , 8.240311    , -0.65954334 , 0.45744118 , -0.596448    ,-34.5 , -21.9375 , -14.0625
396728  , 3.759216 , -16.358038 , 2.9147544    , -0.22066775 , 0.96022457 , -0.17109747    ,-34.5 , -21.9375 , -14.0625
40252686  , 3.759216 , -16.358038 , 2.9147544    , -0.22066775 , 0.96022457 , -0.17109746    ,-21.3125 , -32.0625 , -5.75
427246  , -6.469665 , -19.6133 , -2.7513103    , 0.31051534 , 0.9413517 , 0.13205074    ,-21.3125 , -32.0625 , -5.75
39001465  , -6.469665 , -19.6133 , -2.7513103    , 0.3105153 , 0.94135165 , 0.13205072    ,-13.4375 , -40.75 , -1.8125
518799  , -4.2495484 , -19.6133 , -0.6537767    , 0.21164109 , 0.9768049 , 0.03256017    ,-13.4375 , -40.75 , -1.8125
38848877  , -4.2495484 , -19.6133 , -0.6537767    , 0.21164104 , 0.97680485 , 0.032560155    ,-13.9375 , -38.0625 , -5.75
488281  , 19.381754 , -15.894946 , 19.231932    , -0.61346674 , 0.50310314 , -0.6087246    ,-13.9375 , -38.0625 , -5.75
39794922  , 19.381754 , -15.894946 , 19.231932    , -0.61346674 , 0.5031031 , -0.60872453    ,-18.0 , -26.125 , -12.125
488281  , 19.57244 , 14.369467 , 19.381754    , -0.62998915 , -0.46251807 , -0.6238514    ,-18.0 , -26.125 , -12.125
37780762  , 19.57244 , 14.369467 , 19.381754    , -0.62998915 , -0.46251816 , -0.6238514    ,-30.1875 , -15.75 , -21.875
213623  , 19.57244 , -0.19068487 , 19.231932    , -0.71326715 , 0.0069490373 , -0.7008582    ,-30.1875 , -15.75 , -21.875
29632568  , 19.57244 , -0.19068487 , 19.231932    , -0.7132671 , 0.0069490075 , -0.7008582    ,-37.8125 , -7.0625 , -26.0625
335694  , 14.1787815 , -4.372132 , 13.211738    , -0.7136798 , 0.2200684 , -0.6650043    ,-37.8125 , -7.0625 , -26.0625
39062499  , 14.1787815 , -4.372132 , 13.211738    , -0.7136799 , 0.22006845 , -0.6650044    ,-36.5625 , -10.3125 , -22.125
396728  , 5.175732 , -8.076866 , 6.5922484    , -0.44466344 , 0.693909 , -0.56636083    ,-36.5625 , -10.3125 , -22.125
57983397  , 5.175732 , -8.076866 , 6.5922484    , -0.44466352 , 0.6939091 , -0.56636095    ,-29.4375 , -23.4375 , -14.3125
244141  , 0.50395286 , -16.739407 , -2.2609777    , -0.029821586 , 0.9905602 , 0.13379414    ,-29.4375 , -23.4375 , -14.3125
10955810  , 0.50395286 , -16.739407 , -2.2609777    , -0.02982159 , 0.99056035 , 0.13379414    ,-17.75 , -33.8125 , -5.25
244141  , -11.536434 , -19.6133 , -11.141444    , 0.45534128 , 0.774134 , 0.43975115    ,-17.75 , -33.8125 , -5.25
38574217  , -11.536434 , -19.6133 , -11.141444    , 0.45534122 , 0.7741339 , 0.43975103    ,-12.1875 , -41.5 , -0.625
244141  , 4.4810944 , -19.6133 , 3.759216    , -0.21894363 , 0.9582942 , -0.18367308    ,-12.1875 , -41.5 , -0.625
39489748  , 4.4810944 , -19.6133 , 3.759216    , -0.21894364 , 0.9582943 , -0.18367307    ,-14.4375 , -38.0625 , -2.8125
305176  , 19.57244 , -16.84837 , 19.381754    , -0.60615826 , 0.52179384 , -0.60025275    ,-14.4375 , -38.0625 , -2.8125
30090333  , 19.57244 , -16.84837 , 19.381754    , -0.60615826 , 0.52179384 , -0.60025275    ,-23.125 , -25.625 , -9.1875
1800537  , 19.57244 , 14.369467 , 19.381754    , -0.6299891 , -0.4625181 , -0.62385136    ,-23.125 , -25.625 , -9.1875
37689210  , 19.57244 , 14.369467 , 19.381754    , -0.629989 , -0.4625181 , -0.6238514    ,-35.5625 , -15.0 , -17.25
396729  , 19.57244 , 9.275456 , 17.965239    , -0.695536 , -0.32961732 , -0.6384217    ,-35.5625 , -15.0 , -17.25
40222169  , 19.57244 , 9.275456 , 17.965239    , -0.6955359 , -0.32961726 , -0.6384216    ,-42.125 , -7.0625 , -22.375
518799  , 16.821129 , 0.5720546 , 13.593107    , -0.7775153 , -0.026441813 , -0.62830794    ,-42.125 , -7.0625 , -22.375
27984620  , 16.821129 , 0.5720546 , 13.593107    , -0.7775152 , -0.026441783 , -0.6283078    ,-40.625 , -9.5625 , -20.6875
244140  , 9.425281 , -5.243834 , 6.1700177    , -0.7585194 , 0.42200863 , -0.4965452    ,-40.625 , -9.5625 , -20.6875
39001466  , 9.425281 , -5.243834 , 6.1700177    , -0.75851935 , 0.42200857 , -0.49654517    ,-35.8125 , -19.9375 , -16.25
244140  , 2.6832085 , -14.369467 , -0.7218784    , -0.1833337 , 0.9818125 , 0.049323283    ,-35.8125 , -19.9375 , -16.25
39794922  , 2.6832085 , -14.369467 , -0.7218784    , -0.1833337 , 0.9818125 , 0.049323283    ,-25.125 , -31.125 , -9.4375
427247  , -8.62168 , -19.6133 , -4.9850473    , 0.391949 , 0.89163744 , 0.2266245    ,-25.125 , -31.125 , -9.4375
40313720  , -8.62168 , -19.6133 , -4.9850473    , 0.39194894 , 0.8916373 , 0.22662449    ,-18.75 , -39.0625 , -6.0
2746582  , -3.445948 , -19.6133 , -2.982856    , 0.17113477 , 0.97404766 , 0.1481364    ,-18.75 , -39.0625 , -6.0
36376953  , -3.445948 , -19.6133 , -2.982856    , 0.17113476 , 0.97404754 , 0.1481364    ,-20.8125 , -35.5625 , -7.9375
427246  , 19.109348 , -17.352324 , 18.850561    , -0.597864 , 0.5428928 , -0.58976746    ,-20.8125 , -35.5625 , -7.9375
38909911  , 19.109348 , -17.352324 , 18.850561    , -0.597864 , 0.5428929 , -0.58976746    ,-24.875 , -23.1875 , -12.125
427246  , 19.57244 , 9.084772 , 19.381754    , -0.6748049 , -0.31321844 , -0.66823065    ,-24.875 , -23.1875 , -12.125
38970946  , 19.57244 , 9.084772 , 19.381754    , -0.67480516 , -0.3132185 , -0.66823083    ,-35.0 , -10.5625 , -18.9375
457763  , 19.57244 , 1.2258313 , 17.692831    , -0.7410298 , -0.046411037 , -0.6698662    ,-35.0 , -10.5625 , -18.9375
38879394  , 19.57244 , 1.2258313 , 17.692831    , -0.7410298 , -0.04641106 , -0.6698663    ,-41.375 , -2.125 , -22.125
457764  , 14.410328 , -3.7864566 , 12.53072    , -0.7401954 , 0.19449367 , -0.64364815    ,-41.375 , -2.125 , -22.125
38696288  , 14.410328 , -3.7864566 , 12.53072    , -0.74019545 , 0.19449371 , -0.6436482    ,-38.8125 , -6.3125 , -19.9375
518799  , 3.8273177 , -6.932757 , 1.5390993    , -0.47442737 , 0.8593719 , -0.19078396    ,-38.8125 , -6.3125 , -19.9375
37750246  , 3.8273177 , -6.932757 , 1.5390993    , -0.47442734 , 0.8593719 , -0.19078396    ,-31.5 , -20.4375 , -14.8125
457764  , -7.8861814 , -16.235455 , -8.580819    , 0.39459908 , 0.8123698 , 0.42935655    ,-31.5 , -20.4375 , -14.8125
57586672  , -7.8861814 , -16.235455 , -8.580819    , 0.39459908 , 0.8123697 , 0.42935646    ,-26.125 , -32.8125 , -11.375
427246  , -14.560152 , -19.6133 , -10.7192135    , 0.54582536 , 0.73525584 , 0.4018377    ,-26.125 , -32.8125 , -11.375
41687013  , -14.560152 , -19.6133 , -10.7192135    , 0.54582536 , 0.73525584 , 0.40183777    ,-25.875 , -32.3125 , -12.125
488281  , 18.428331 , -16.930092 , 18.46919    , -0.59251034 , 0.5443387 , -0.593824    ,-25.875 , -32.3125 , -12.125
37109376  , 18.428331 , -16.930092 , 18.46919    , -0.59251016 , 0.5443386 , -0.5938239    ,-27.4375 , -21.9375 , -15.5
244141  , 19.57244 , 0.14982383 , 19.381754    , -0.7105491 , -0.0054391176 , -0.7036266    ,-27.4375 , -21.9375 , -15.5
40008546  , 19.57244 , 0.14982383 , 19.381754    , -0.71054924 , -0.0054391176 , -0.70362675    ,-34.5 , -9.3125 , -21.375
335693  , 19.57244 , 2.152015 , 17.733692    , -0.73861134 , -0.08121124 , -0.66922194    ,-34.5 , -9.3125 , -21.375
102661132  , 19.57244 , 2.152015 , 17.733692    , -0.7386113 , -0.081211306 , -0.66922194    ,-40.375 , -0.375 , -24.0625
305175  , 18.619015 , -1.920469 , 10.419566    , -0.8691338 , 0.08964729 , -0.48638427    ,-40.375 , -0.375 , -24.0625
335693  , 18.619015 , -1.920469 , 10.419566    , -0.86913383 , 0.089647315 , -0.48638433    ,-37.8125 , -6.0625 , -22.125
427246  , 10.460427 , -11.495573 , 2.7240696    , -0.66291696 , 0.7285181 , -0.17263462    ,-37.8125 , -6.0625 , -22.125
10772705  , 10.460427 , -11.495573 , 2.7240696    , -0.66291696 , 0.7285181 , -0.17263462    ,-32.25 , -19.6875 , -17.0
244140  , -3.1463003 , -16.930092 , -5.012288    , 0.17543182 , 0.9439902 , 0.27947575    ,-32.25 , -19.6875 , -17.0
41687011  , -3.1463003 , -16.930092 , -5.012288    , 0.17543179 , 0.94399005 , 0.27947575    ,-25.125 , -32.8125 , -11.625
274659  , -17.66559 , -19.6133 , -10.419566    , 0.6225057 , 0.6911399 , 0.36716816    ,-25.125 , -32.8125 , -11.625
36285399  , -17.66559 , -19.6133 , -10.419566    , 0.6225057 , 0.69113976 , 0.367168    ,-23.125 , -38.8125 , -10.625
335693  , 7.8589406 , -19.6133 , 8.158588    , -0.3469783 , 0.8659424 , -0.36020797    ,-23.125 , -38.8125 , -10.625
43182372  , 7.8589406 , -19.6133 , 8.158588    , -0.34697834 , 0.8659425 , -0.36020797    ,-25.625 , -32.0625 , -12.5625
396729  , 19.57244 , 2.2201166 , 19.381754    , -0.70826274 , -0.0803388 , -0.70136255    ,-25.625 , -32.0625 , -12.5625
35919188  , 19.57244 , 2.2201166 , 19.381754    , -0.7082629 , -0.08033879 , -0.70136255    ,-31.5 , -21.9375 , -17.5
488282  , 19.57244 , 9.724928 , 19.082108    , -0.6745983 , -0.33518663 , -0.6576982    ,-31.5 , -21.9375 , -17.5
43334962  , 19.57244 , 9.724928 , 19.082108    , -0.6745984 , -0.3351866 , -0.6576982    ,-38.8125 , -13.0 , -22.375
488281  , 16.017529 , -1.4573772 , 11.917805    , -0.8001574 , 0.07280345 , -0.5953552    ,-38.8125 , -13.0 , -22.375
35980226  , 16.017529 , -1.4573772 , 11.917805    , -0.8001574 , 0.07280345 , -0.5953552    ,-38.8125 , -11.25 , -22.375
488282  , 4.440233 , -4.2495484 , 0.84446156    , -0.715725 , 0.6849883 , -0.13611951    ,-38.8125 , -11.25 , -22.375
37200929  , 4.440233 , -4.2495484 , 0.84446156    , -0.71572506 , 0.6849885 , -0.13611951    ,-32.0 , -20.9375 , -17.5
274658  , -2.070293 , -15.241169 , -6.0474343    , 0.12526521 , 0.9221828 , 0.36590633    ,-32.0 , -20.9375 , -17.5
39306641  , -2.070293 , -15.241169 , -6.0474343    , 0.12526523 , 0.92218274 , 0.3659063    ,-22.3125 , -32.0625 , -10.125
305176  , -14.2877445 , -19.6133 , -10.760075    , 0.5382602 , 0.73888916 , 0.40536278    ,-22.3125 , -32.0625 , -10.125
33721924  , -14.2877445 , -19.6133 , -10.760075    , 0.53826004 , 0.73888904 , 0.40536273    ,-20.0625 , -39.0625 , -6.5
885010  , 6.891896 , -19.6133 , 4.5628166    , -0.3238098 , 0.92151415 , -0.21438004    ,-20.0625 , -39.0625 , -6.5
35217285  , 6.891896 , -19.6133 , 4.5628166    , -0.32380983 , 0.9215143 , -0.21438006    ,-22.0625 , -34.0625 , -7.9375
427246  , 19.57244 , -16.657684 , 19.272793    , -0.60926366 , 0.5185313 , -0.599936    ,-22.0625 , -34.0625 , -7.9375
38543701  , 19.57244 , -16.657684 , 19.272793    , -0.60926366 , 0.5185312 , -0.599936    ,-28.4375 , -20.6875 , -12.8125
244141  , 19.57244 , 6.4424243 , 19.381754    , -0.69188756 , -0.22774023 , -0.6851468    ,-28.4375 , -20.6875 , -12.8125
39489746  , 19.57244 , 6.4424243 , 19.381754    , -0.6918875 , -0.22774033 , -0.6851468    ,-37.8125 , -7.5625 , -20.6875
366211  , 19.531578 , -1.9885708 , 19.109348    , -0.71290535 , 0.07258311 , -0.6974939    ,-37.8125 , -7.5625 , -20.6875
39947509  , 19.531578 , -1.9885708 , 19.109348    , -0.7129054 , 0.07258313 , -0.697494    ,-40.375 , 0.875 , -25.5625
427246  , 11.223166 , -2.3699405 , 10.732834    , -0.71444595 , 0.15086599 , -0.6832323    ,-40.375 , 0.875 , -25.5625
39001464  , 11.223166 , -2.3699405 , 10.732834    , -0.71444595 , 0.15086602 , -0.6832322    ,-38.3125 , -3.125 , -24.8125
488281  , 2.4516625 , -2.9147544 , -0.6946377    , -0.6332495 , 0.7528633 , 0.17942077    ,-38.3125 , -3.125 , -24.8125
40039061  , 2.4516625 , -2.9147544 , -0.6946377    , -0.6332496 , 0.75286335 , 0.1794207    ,-32.75 , -16.25 , -21.625
518799  , -0.7218784 , -13.947236 , -4.5628166    , 0.049132854 , 0.94928414 , 0.31055683    ,-32.75 , -16.25 , -21.625
37628173  , -0.7218784 , -13.947236 , -4.5628166    , 0.049132872 , 0.9492842 , 0.31055686    ,-25.375 , -29.625 , -15.75
244141  , -13.756551 , -19.6133 , -13.565866    , 0.4996745 , 0.71240735 , 0.49274832    ,-25.375 , -29.625 , -15.75
28900146  , -13.756551 , -19.6133 , -13.565866    , 0.49967456 , 0.71240723 , 0.49274838    ,-24.375 , -37.0625 , -12.8125
305176  , 11.372991 , -19.6133 , 7.43671    , -0.47664195 , 0.82199323 , -0.31167245    ,-24.375 , -37.0625 , -12.8125
41290285  , 11.372991 , -19.6133 , 7.43671    , -0.47664195 , 0.8219932 , -0.31167245    ,-26.375 , -31.875 , -13.0625
457764  , 19.57244 , -9.234595 , 19.381754    , -0.6737068 , 0.31786585 , -0.6671432    ,-26.375 , -31.875 , -13.0625
37322999  , 19.57244 , -9.234595 , 19.381754    , -0.673707 , 0.31786594 , -0.66714346    ,-32.75 , -21.1875 , -16.75
549317  , 19.57244 , 6.1700177 , 16.548723    , -0.7424197 , -0.23404044 , -0.6277244    ,-32.75 , -21.1875 , -16.75
66986086  , 19.57244 , 6.1700177 , 16.548723    , -0.7424197 , -0.23404048 , -0.6277244    ,-40.375 , -11.0 , -21.375
305175  , 17.079916 , -7.9270425 , 13.021052    , -0.74606174 , 0.34625834 , -0.568768    ,-40.375 , -11.0 , -21.375
244141  , 17.079916 , -7.9270425 , 13.021052    , -0.74606186 , 0.34625837 , -0.568768    ,-41.375 , -5.8125 , -22.375
244141  , 8.894087 , -0.38136974 , 9.656827    , -0.6771753 , 0.029036582 , -0.73524857    ,-41.375 , -5.8125 , -22.375
28625489  , 8.894087 , -0.38136974 , 9.656827    , -0.6771753 , 0.029036686 , -0.73524857    ,-39.3125 , -12.5 , -21.125
244141  , 0.7218784 , -2.5606253 , 0.10896278    , -0.27111125 , 0.9616777 , -0.040922448    ,-39.3125 , -12.5 , -21.125
39459229  , 0.7218784 , -2.5606253 , 0.10896278    , -0.27111125 , 0.96167773 , -0.04092245    ,-32.5 , -23.4375 , -15.25
274658  , -1.0760075 , -12.367276 , -3.6774938    , 0.08310703 , 0.95520496 , 0.2840367    ,-32.5 , -23.4375 , -15.25
39947510  , -1.0760075 , -12.367276 , -3.6774938    , 0.083107024 , 0.9552048 , 0.28403667    ,-22.8125 , -32.8125 , -8.4375
427246  , -13.1708765 , -19.6133 , -11.114203    , 0.5044576 , 0.7512088 , 0.425685    ,-22.8125 , -32.8125 , -8.4375
39672851  , -13.1708765 , -19.6133 , -11.114203    , 0.5044576 , 0.75120884 , 0.42568496    ,-21.0625 , -39.25 , -5.5
488281  , 13.715691 , -19.6133 , 9.888372    , -0.5296535 , 0.7573991 , -0.3818554    ,-21.0625 , -39.25 , -5.5
38879394  , 13.715691 , -19.6133 , 9.888372    , -0.52965355 , 0.75739926 , -0.38185546    ,-23.625 , -32.0625 , -6.75
2197265  , 19.57244 , 2.070293 , 19.381754    , -0.70856106 , -0.0749487 , -0.70165783    ,-23.625 , -32.0625 , -6.75
36041259  , 19.57244 , 2.070293 , 19.381754    , -0.7085612 , -0.07494873 , -0.701658    ,-30.1875 , -21.4375 , -13.0625
244141  , 19.57244 , 6.5513873 , 17.24336    , -0.7277386 , -0.24359241 , -0.64113927    ,-30.1875 , -21.4375 , -13.0625
40039061  , 19.57244 , 6.5513873 , 17.24336    , -0.72773856 , -0.24359235 , -0.64113915    ,-39.3125 , -12.75 , -20.4375
305176  , 15.595298 , -2.2609777 , 12.258313    , -0.7811413 , 0.11324844 , -0.6139975    ,-39.3125 , -12.75 , -20.4375
29785155  , 15.595298 , -2.2609777 , 12.258313    , -0.7811412 , 0.11324841 , -0.6139975    ,-40.125 , -8.3125 , -24.0625
427246  , 6.0201936 , 1.3075534 , 2.4925237    , -0.90588033 , -0.19675231 , -0.37505904    ,-40.125 , -8.3125 , -24.0625
39978025  , 6.0201936 , 1.3075534 , 2.4925237    , -0.90588033 , -0.19675231 , -0.37505904    ,-35.8125 , -17.0 , -22.125
457764  , -0.8036005 , -3.0237172 , -4.4810944    , 0.14703847 , 0.55326337 , 0.8199264    ,-35.8125 , -17.0 , -22.125
37353517  , -0.8036005 , -3.0237172 , -4.4810944    , 0.14703846 , 0.5532635 , 0.8199265    ,-27.9375 , -28.625 , -15.5
274659  , -7.205164 , -19.340895 , -4.8216033    , 0.33994472 , 0.9125171 , 0.22748666    ,-27.9375 , -28.625 , -15.5
40496828  , -7.205164 , -19.340895 , -4.8216033    , 0.33994466 , 0.9125169 , 0.22748664    ,-23.125 , -36.8125 , -10.875
274658  , -9.193735 , -19.6133 , -8.499097    , 0.39510855 , 0.84289825 , 0.36525592    ,-23.125 , -36.8125 , -10.875
39245607  , -9.193735 , -19.6133 , -8.499097    , 0.39510867 , 0.8428984 , 0.36525598    ,-24.125 , -36.3125 , -9.875
396729  , 19.15021 , -3.718355 , 18.428331    , -0.7136068 , 0.13855949 , -0.68670696    ,-24.125 , -36.3125 , -9.875
40740967  , 19.15021 , -3.718355 , 18.428331    , -0.7136068 , 0.13855949 , -0.68670696    ,-27.9375 , -30.125 , -11.625
518799  , 19.57244 , 19.313654 , 19.381754    , -0.5817946 , -0.5741022 , -0.57612646    ,-27.9375 , -30.125 , -11.625
36499024  , 19.57244 , 19.313654 , 19.381754    , -0.5817946 , -0.57410216 , -0.57612646    ,-35.0 , -22.9375 , -16.5
213623  , 19.313654 , 5.5162406 , 13.988097    , -0.7890601 , -0.22536625 , -0.5714843    ,-35.0 , -22.9375 , -16.5
42602539  , 19.313654 , 5.5162406 , 13.988097    , -0.7890599 , -0.22536615 , -0.57148415    ,-38.5625 , -19.6875 , -18.6875
335693  , 11.876944 , 0.84446156 , 9.956474    , -0.7652099 , -0.054407135 , -0.6414776    ,-38.5625 , -19.6875 , -18.6875
36895753  , 11.876944 , 0.84446156 , 9.956474    , -0.7652099 , -0.054407164 , -0.6414776    ,-34.25 , -24.6875 , -14.8125
610352  , 3.336985 , -11.372991 , 1.3756552    , -0.27966672 , 0.9531499 , -0.11529118    ,-34.25 , -24.6875 , -14.8125
41564941  , 3.336985 , -11.372991 , 1.3756552    , -0.27966672 , 0.9531499 , -0.11529118    ,-24.625 , -33.8125 , -7.4375
427246  , -4.5219555 , -18.278507 , -2.2201166    , 0.23850003 , 0.96405745 , 0.11709489    ,-24.625 , -33.8125 , -7.4375
36834716  , -4.5219555 , -18.278507 , -2.2201166    , 0.2385 , 0.9640573 , 0.117094904    ,-15.75 , -40.5 , -0.375
427246  , -11.645397 , -19.6133 , -8.812365    , 0.4762338 , 0.80207795 , 0.3603781    ,-15.75 , -40.5 , -0.375
42327880  , -11.645397 , -19.6133 , -8.812365    , 0.47623384 , 0.80207807 , 0.36037815    ,-16.0 , -41.75 , 1.375
244141  , 15.894946 , -17.965239 , 14.628253    , -0.56573725 , 0.6394236 , -0.52065265    ,-16.0 , -41.75 , 1.375
35003662  , 15.894946 , -17.965239 , 14.628253    , -0.56573707 , 0.63942343 , -0.52065253    ,-20.0625 , -34.8125 , -4.25
335693  , 19.57244 , 14.750836 , 19.381754    , -0.6263958 , -0.4720854 , -0.6202932    ,-20.0625 , -34.8125 , -4.25
305176  , 19.57244 , 14.750836 , 19.381754    , -0.6263959 , -0.4720855 , -0.62029326    ,-25.375 , -26.875 , -16.0
3082275  , 16.017529 , 6.2108784 , 15.785983    , -0.6865355 , -0.26620764 , -0.67661107    ,-25.375 , -26.875 , -16.0
305176  , 16.017529 , 6.2108784 , 15.785983    , -0.6865354 , -0.26620764 , -0.676611    ,-30.1875 , -19.6875 , -27.75
244141  , 5.5162406 , 5.053149 , 11.686258    , -0.3975501 , -0.36417556 , -0.84221727    ,-30.1875 , -19.6875 , -27.75
41687014  , 5.5162406 , 5.053149 , 11.686258    , -0.39755014 , -0.36417556 , -0.8422173    ,-26.375 , -15.5 , -35.5625
244140  , 1.4165162 , 1.0351465 , 11.372991    , -0.123094834 , -0.08995392 , -0.9883096    ,-26.375 , -15.5 , -35.5625
34515383  , 1.4165162 , 1.0351465 , 11.372991    , -0.12309484 , -0.089953914 , -0.9883095    ,-20.0625 , -17.0 , -39.5
335693  , 1.2666923 , 0.88532263 , 1.334794    , -0.6203033 , -0.43354547 , -0.653653    ,-20.0625 , -17.0 , -39.5
39703371  , 1.2666923 , 0.88532263 , 1.334794    , -0.6203034 , -0.43354538 , -0.6536531    ,-18.5 , -18.1875 , -40.25
335693  , 3.1054392 , -0.53119355 , 5.6660647    , -0.4790075 , 0.08193548 , -0.87397856    ,-18.5 , -18.1875 , -40.25
30273439  , 3.1054392 , -0.53119355 , 5.6660647    , -0.47900754 , 0.08193549 , -0.8739786    ,-17.5 , -17.75 , -41.1875
427246  , 4.7535014 , -1.7297841 , 9.043911    , -0.45872393 , 0.16692817 , -0.8727584    ,-17.5 , -17.75 , -41.1875
38421632  , 4.7535014 , -1.7297841 , 9.043911    , -0.45872396 , 0.16692823 , -0.8727585    ,-17.25 , -17.0 , -41.6875
427246  , 4.5628166 , -0.50395286 , 7.7363577    , -0.5072161 , 0.056020886 , -0.85999626    ,-17.25 , -17.0 , -41.6875
39123535  , 4.5628166 , -0.50395286 , 7.7363577    , -0.507216 , 0.05602088 , -0.85999614    ,-18.75 , -15.75 , -40.9375
427246  , 5.243834 , -0.50395286 , 9.084772    , -0.4993338 , 0.047987916 , -0.8650796    ,-18.75 , -15.75 , -40.9375
38940429  , 5.243834 , -0.50395286 , 9.084772    , -0.49933377 , 0.047987916 , -0.8650796    ,-19.3125 , -13.5 , -40.9375
427246  , 4.903325 , -0.8036005 , 9.656827    , -0.45149732 , 0.0739954 , -0.88919896    ,-19.3125 , -13.5 , -40.9375
39337157  , 4.903325 , -0.8036005 , 9.656827    , -0.45149732 , 0.07399539 , -0.8891989    ,-19.8125 , -12.75 , -40.4375
457764  , 3.718355 , -0.08172209 , 7.8589406    , -0.4276634 , 0.009399199 , -0.90388924    ,-19.8125 , -12.75 , -40.4375
39184570  , 3.718355 , -0.08172209 , 7.8589406    , -0.4276633 , 0.009399198 , -0.9038891    ,-20.5625 , -12.0 , -40.4375
640869  , 3.336985 , -0.50395286 , 8.812365    , -0.35362595 , 0.05340475 , -0.9338612    ,-20.5625 , -12.0 , -40.4375
38909912  , 3.336985 , -0.50395286 , 8.812365    , -0.35362595 , 0.05340473 , -0.93386114    ,-20.5625 , -11.5 , -40.9375
427246  , 3.9499009 , -0.84446156 , 11.223166    , -0.3311486 , 0.07079729 , -0.94091886    ,-20.5625 , -11.5 , -40.9375
39276122  , 3.9499009 , -0.84446156 , 11.223166    , -0.33114865 , 0.07079729 , -0.94091886    ,-20.0625 , -11.25 , -41.1875
457763  , 3.718355 , -1.56634 , 9.765789    , -0.35190138 , 0.14823687 , -0.92422456    ,-20.0625 , -11.25 , -41.1875
39062499  , 3.718355 , -1.56634 , 9.765789    , -0.35190147 , 0.14823689 , -0.9242247    ,-19.8125 , -11.0 , -41.4375
244141  , 1.3756552 , 0.27240697 , 8.281172    , -0.16378653 , -0.03243298 , -0.9859625    ,-19.8125 , -11.0 , -41.4375
40802001  , 1.3756552 , 0.27240697 , 8.281172    , -0.16378653 , -0.032432977 , -0.98596245    ,-19.0625 , -10.75 , -42.1875
366211  , 3.1463003 , -0.7627395 , 9.888372    , -0.30238783 , 0.07330614 , -0.9503618    ,-19.0625 , -10.75 , -42.1875
37963869  , 3.1463003 , -0.7627395 , 9.888372    , -0.3023879 , 0.07330614 , -0.95036185    ,-18.5 , -10.75 , -42.6875
335694  , 3.1054392 , -1.7978859 , 10.991621    , -0.26857805 , 0.15549254 , -0.95062494    ,-18.5 , -10.75 , -42.6875
