75531004  , 4.4810944 , -0.53119355 , 9.084772    , -0.44175953 , 0.052366626 , -0.8956038    ,-22.3125 , -12.25 , -40.25
244141  , 4.399372 , -0.53119355 , 9.043911    , -0.43682715 , 0.052743837 , -0.89799774    ,-22.3125 , -12.25 , -40.25
35461427  , 4.630918 , -0.6946377 , 9.084772    , -0.45309576 , 0.06796437 , -0.8888673    ,-22.3125 , -12.25 , -40.25
26550295  , 4.630918 , -0.6946377 , 9.084772    , -0.45309585 , 0.067964375 , -0.8888675    ,-22.0625 , -11.75 , -40.4375
3662109  , 4.1814466 , -0.61291564 , 9.193735    , -0.4132459 , 0.060573503 , -0.9086026    ,-22.0625 , -11.75 , -40.4375
38635255  , 4.1814466 , -0.61291564 , 9.193735    , -0.41324592 , 0.060573503 , -0.9086026    ,-21.3125 , -11.5 , -40.6875
305176  , 4.140586 , -0.61291564 , 9.112013    , -0.41292688 , 0.061124034 , -0.9087107    ,-21.3125 , -11.5 , -40.6875
20477295  , 4.140586 , -0.61291564 , 9.112013    , -0.41292685 , 0.061124034 , -0.9087108    ,-20.8125 , -11.5 , -41.1875
244140  , 4.0588636 , -0.6537767 , 9.043911    , -0.40856284 , 0.06580879 , -0.91035473    ,-20.8125 , -11.5 , -41.1875
51269532  , 4.0588636 , -0.6537767 , 9.043911    , -0.40856284 , 0.065808766 , -0.9103548    ,-20.3125 , -11.25 , -40.9375
244141  , 3.990762 , -0.95342433 , 9.043911    , -0.40184328 , 0.09600352 , -0.9106619    ,-20.3125 , -11.25 , -40.9375
30517578  , 3.990762 , -0.95342433 , 9.043911    , -0.40184337 , 0.096003525 , -0.91066194    ,-19.8125 , -11.25 , -41.1875
244141  , 3.9499009 , -0.9942854 , 9.234595    , -0.39135164 , 0.098512664 , -0.91495305    ,-19.8125 , -11.25 , -41.1875
27801514  , 3.9499009 , -0.9942854 , 9.234595    , -0.39135164 , 0.09851265 , -0.91495305    ,-19.8125 , -10.75 , -41.6875
1373291  , 3.9090397 , -1.0760075 , 9.152874    , -0.39048737 , 0.10748607 , -0.9143118    ,-19.8125 , -10.75 , -41.6875
32409667  , 3.9090397 , -1.0760075 , 9.152874    , -0.3904873 , 0.107486054 , -0.9143118    ,-19.8125 , -10.5625 , -41.6875
335694  , 4.0180025 , -0.5720546 , 9.302697    , -0.39588293 , 0.056362994 , -0.9165696    ,-19.8125 , -10.5625 , -41.6875
50567626  , 4.0180025 , -0.5720546 , 9.302697    , -0.39588287 , 0.05636298 , -0.9165696    ,-20.0625 , -10.0625 , -41.9375
6652832  , 4.2904096 , -0.040861044 , 9.765789    , -0.40222213 , 0.00383069 , -0.91553414    ,-20.0625 , -10.0625 , -41.9375
26153563  , 4.2904096 , -0.040861044 , 9.765789    , -0.40222213 , 0.0038306862 , -0.91553414    ,-20.3125 , -9.5625 , -41.6875
3448487  , 5.938472 , 1.1168685 , 11.264028    , -0.46457985 , -0.087375104 , -0.88120997    ,-20.3125 , -9.5625 , -41.6875
22308349  , 5.938472 , 1.1168685 , 11.264028    , -0.4645798 , -0.08737508 , -0.8812098    ,-20.3125 , -9.3125 , -41.4375
4974365  , 8.853226 , 2.8330324 , 14.750836    , -0.5077734 , -0.16248745 , -0.84602845    ,-20.3125 , -9.3125 , -41.4375
74645993  , 8.853226 , 2.8330324 , 14.750836    , -0.50777316 , -0.16248742 , -0.84602815    ,-20.3125 , -9.0625 , -41.1875
335693  , 10.337844 , 4.440233 , 18.700737    , -0.47368285 , -0.20345268 , -0.856873    ,-20.3125 , -9.0625 , -41.1875
22766112  , 10.337844 , 4.440233 , 18.700737    , -0.47368294 , -0.20345265 , -0.85687315    ,-19.8125 , -10.75 , -40.6875
274658  , 11.073342 , 2.7240696 , 19.381754    , -0.49242008 , -0.12113655 , -0.8618866    ,-19.8125 , -10.75 , -40.6875
244140  , 11.073342 , 2.7240696 , 19.381754    , -0.4924201 , -0.12113657 , -0.8618867    ,-19.0625 , -13.75 , -40.0
244140  , 11.536434 , 0.19068487 , 19.381754    , -0.51145494 , -0.008453794 , -0.8592685    ,-19.0625 , -13.75 , -40.0
47882083  , 11.536434 , 0.19068487 , 19.381754    , -0.511455 , -0.008453809 , -0.8592684    ,-18.0 , -18.6875 , -37.5
274658  , 8.539958 , -0.6537767 , 19.000385    , -0.40975508 , 0.03136881 , -0.9116561    ,-18.0 , -18.6875 , -37.5
37750245  , 8.539958 , -0.6537767 , 19.000385    , -0.40975502 , 0.031368807 , -0.9116559    ,-15.25 , -26.875 , -31.6875
213623  , 5.053149 , -6.1291566 , 12.980191    , -0.33205175 , 0.40275815 , -0.8529523    ,-15.25 , -26.875 , -31.6875
36590577  , 5.053149 , -6.1291566 , 12.980191    , -0.33205175 , 0.40275818 , -0.85295224    ,-11.4375 , -34.8125 , -22.625
213623  , 1.7570249 , -7.1234417 , 5.5162406    , -0.19141173 , 0.77603364 , -0.60094374    ,-11.4375 , -34.8125 , -22.625
35949708  , 1.7570249 , -7.1234417 , 5.5162406    , -0.19141173 , 0.7760336 , -0.60094374    ,-6.375 , -41.0 , -10.125
244141  , -1.0760075 , -6.2108784 , 3.1463003    , 0.15273352 , 0.88160104 , -0.44660053    ,-6.375 , -41.0 , -10.125
32958984  , -1.0760075 , -6.2108784 , 3.1463003    , 0.15273353 , 0.8816011 , -0.44660056    ,-0.5 , -45.0 , 2.5625
4486084  , -1.56634 , -6.469665 , -1.4982382    , 0.22956422 , 0.9482 , 0.21958318    ,-0.5 , -45.0 , 2.5625
32226562  , -1.56634 , -6.469665 , -1.4982382    , 0.22956423 , 0.9482001 , 0.21958318    ,4.3125 , -44.75 , 13.0625
213623  , -2.4516625 , -6.782933 , -4.2086873    , 0.29359254 , 0.8122726 , 0.5040005    ,4.3125 , -44.75 , 13.0625
33325195  , -2.4516625 , -6.782933 , -4.2086873    , 0.29359248 , 0.81227267 , 0.5040005    ,7.875 , -42.25 , 20.875
396729  , -3.255263 , -8.076866 , -5.284695    , 0.31957296 , 0.79291546 , 0.51880467    ,7.875 , -42.25 , 20.875
34301757  , -3.255263 , -8.076866 , -5.284695    , 0.31957301 , 0.7929155 , 0.5188048    ,10.125 , -39.75 , 25.3125
213623  , -1.3756552 , -15.704261 , -6.851035    , 0.080032334 , 0.9136364 , 0.39857686    ,10.125 , -39.75 , 25.3125
37933350  , -1.3756552 , -15.704261 , -6.851035    , 0.080032334 , 0.9136363 , 0.39857683    ,11.6875 , -37.5625 , 27.0
4394531  , 1.3756552 , -19.6133 , -3.636633    , -0.06880005 , 0.9809114 , 0.18187733    ,11.6875 , -37.5625 , 27.0
34210204  , 1.3756552 , -19.6133 , -3.636633    , -0.06880003 , 0.9809115 , 0.18187733    ,10.9375 , -38.0625 , 22.625
274658  , 4.4810944 , -19.6133 , 13.375181    , -0.18548346 , 0.81184244 , -0.5536315    ,10.9375 , -38.0625 , 22.625
33233641  , 4.4810944 , -19.6133 , 13.375181    , -0.18548344 , 0.81184256 , -0.55363154    ,4.3125 , -39.25 , 10.125
274658  , 18.891422 , -19.504337 , 19.381754    , -0.56627244 , 0.5846447 , -0.5809702    ,4.3125 , -39.25 , 10.125
33172607  , 18.891422 , -19.504337 , 19.381754    , -0.5662725 , 0.5846447 , -0.5809702    ,-6.0625 , -34.5625 , -5.5
915528  , 19.57244 , 4.3312707 , 19.381754    , -0.7019348 , -0.15533423 , -0.69509625    ,-6.0625 , -34.5625 , -5.5
40832518  , 19.57244 , 4.3312707 , 19.381754    , -0.70193475 , -0.15533422 , -0.69509614    ,-15.75 , -28.375 , -21.375
213623  , 19.57244 , 14.750836 , 19.381754    , -0.6263958 , -0.4720854 , -0.62029314    ,-15.75 , -28.375 , -21.375
29907228  , 19.57244 , 14.750836 , 19.381754    , -0.62639594 , -0.47208548 , -0.6202932    ,-23.125 , -19.9375 , -33.125
244141  , 13.797412 , 12.026767 , 19.381754    , -0.51756513 , -0.45114598 , -0.72704446    ,-23.125 , -19.9375 , -33.125
15411377  , 13.797412 , 12.026767 , 19.381754    , -0.5175658 , -0.45114556 , -0.72704434    ,-25.125 , -12.0 , -37.5
244141  , 9.697687 , 3.2961242 , 19.381754    , -0.44237798 , -0.15035887 , -0.8841347    ,-25.125 , -12.0 , -37.5
35095217  , 9.697687 , 3.2961242 , 19.381754    , -0.44237795 , -0.15035881 , -0.88413465    ,-24.125 , -10.3125 , -38.75
244140  , 10.460427 , -1.2258313 , 19.340895    , -0.47498682 , 0.055662517 , -0.8782308    ,-24.125 , -10.3125 , -38.75
39581299  , 10.460427 , -1.2258313 , 19.340895    , -0.47498673 , 0.055662498 , -0.8782307    ,-24.875 , -10.75 , -38.75
213623  , 10.119919 , -2.1383946 , 19.313654    , -0.46190766 , 0.097603634 , -0.8815411    ,-24.875 , -10.75 , -38.75
29022218  , 10.119919 , -2.1383946 , 19.313654    , -0.4619076 , 0.09760365 , -0.881541    ,-26.375 , -14.5 , -36.8125
274658  , 6.4424243 , -6.66035 , 14.7916975    , -0.36909837 , 0.38158372 , -0.84744364    ,-26.375 , -14.5 , -36.8125
30212403  , 6.4424243 , -6.66035 , 14.7916975    , -0.36909837 , 0.3815837 , -0.8474436    ,-26.625 , -19.9375 , -32.625
213623  , 3.255263 , -7.6273947 , 8.281172    , -0.27775958 , 0.65081745 , -0.70660186    ,-26.625 , -19.9375 , -32.625
49621583  , 3.255263 , -7.6273947 , 8.281172    , -0.27775964 , 0.6508176 , -0.706602    ,-25.625 , -26.875 , -27.0
244141  , 1.5390993 , -6.3607025 , 3.8273177    , -0.20301315 , 0.83900154 , -0.5048381    ,-25.625 , -26.875 , -27.0
8575439  , 1.5390993 , -6.3607025 , 3.8273177    , -0.20301326 , 0.83900166 , -0.5048382    ,-21.8125 , -34.5625 , -19.1875
244141  , 0.9942854 , -5.7477865 , 0.6946377    , -0.16925834 , 0.9784523 , -0.11824898    ,-21.8125 , -34.5625 , -19.1875
31890869  , 0.9942854 , -5.7477865 , 0.6946377    , -0.16925834 , 0.9784523 , -0.11824898    ,-16.5 , -40.75 , -10.125
244140  , 0.3405087 , -6.701211 , -2.3699405    , -0.047850516 , 0.941698 , 0.33303952    ,-16.5 , -40.75 , -10.125
30029296  , 0.3405087 , -6.701211 , -2.3699405    , -0.047850505 , 0.94169784 , 0.33303952    ,-9.625 , -44.0 , -0.125
244141  , -1.525479 , -7.014479 , -2.982856    , 0.19624072 , 0.90235686 , 0.38372067    ,-9.625 , -44.0 , -0.125
36743164  , -1.525479 , -7.014479 , -2.982856    , 0.19624072 , 0.9023569 , 0.38372067    ,-2.3125 , -44.75 , 9.6875
244141  , -3.6774938 , -8.771504 , -2.7921712    , 0.37099212 , 0.884885 , 0.2816792    ,-2.3125 , -44.75 , 9.6875
43640136  , -3.6774938 , -8.771504 , -2.7921712    , 0.37099218 , 0.8848851 , 0.28167927    ,4.0625 , -42.75 , 19.4375
213623  , -3.8681788 , -16.698545 , -7.6546354    , 0.20605825 , 0.889533 , 0.4077631    ,4.0625 , -42.75 , 19.4375
35766601  , -3.8681788 , -16.698545 , -7.6546354    , 0.20605826 , 0.88953304 , 0.40776315    ,8.125 , -39.0625 , 24.8125
213623  , -3.0645783 , -19.6133 , -8.390134    , 0.14219785 , 0.91006637 , 0.38930616    ,8.125 , -39.0625 , 24.8125
32104491  , -3.0645783 , -19.6133 , -8.390134    , 0.14219785 , 0.91006625 , 0.38930613    ,8.125 , -39.25 , 22.375
244141  , 1.2258313 , -19.57244 , 6.2108784    , -0.059590816 , 0.95146686 , -0.30192685    ,8.125 , -39.25 , 22.375
37139891  , 1.2258313 , -19.57244 , 6.2108784    , -0.059590794 , 0.9514667 , -0.30192682    ,3.5625 , -39.75 , 11.625
335693  , 10.56939 , -19.6133 , 16.276316    , -0.38306168 , 0.710836 , -0.58989507    ,3.5625 , -39.75 , 11.625
42968751  , 10.56939 , -19.6133 , 16.276316    , -0.38306156 , 0.7108359 , -0.589895    ,-6.375 , -35.3125 , -5.5
427246  , 19.340895 , -14.7916975 , 19.381754    , -0.62147397 , 0.47529626 , -0.622787    ,-6.375 , -35.3125 , -5.5
35552981  , 19.340895 , -14.7916975 , 19.381754    , -0.62147397 , 0.47529626 , -0.6227869    ,-15.0 , -26.625 , -21.625
427246  , 19.57244 , -4.944186 , 19.381754    , -0.6993824 , 0.17667072 , -0.6925687    ,-15.0 , -26.625 , -21.625
41961671  , 19.57244 , -4.944186 , 19.381754    , -0.69938254 , 0.17667073 , -0.6925688    ,-21.5625 , -13.0 , -33.375
427246  , 18.04696 , -3.0645783 , 19.381754    , -0.67693925 , 0.11495195 , -0.7270072    ,-21.5625 , -13.0 , -33.375
35034181  , 18.04696 , -3.0645783 , 19.381754    , -0.6769393 , 0.11495197 , -0.7270072    ,-24.875 , -1.125 , -38.75
518799  , 11.495573 , -1.8387469 , 19.381754    , -0.5084439 , 0.08132692 , -0.85724604    ,-24.875 , -1.125 , -38.75
38635254  , 11.495573 , -1.8387469 , 19.381754    , -0.50844383 , 0.08132692 , -0.857246    ,-23.875 , 2.875 , -40.0
427246  , 9.956474 , -3.718355 , 19.381754    , -0.45042703 , 0.16821696 , -0.87682295    ,-23.875 , 2.875 , -40.0
39093018  , 9.956474 , -3.718355 , 19.381754    , -0.4504271 , 0.16821696 , -0.8768231    ,-23.625 , 0.125 , -39.5
396729  , 8.730643 , -7.3549876 , 19.041246    , -0.39325258 , 0.33128923 , -0.857671    ,-23.625 , 0.125 , -39.5
39489746  , 8.730643 , -7.3549876 , 19.041246    , -0.3932526 , 0.33128923 , -0.857671    ,-23.375 , -7.0625 , -38.0
457763  , 7.3141265 , -6.238119 , 14.941522    , -0.4116735 , 0.3511107 , -0.84097916    ,-23.375 , -7.0625 , -38.0
38635253  , 7.3141265 , -6.238119 , 14.941522    , -0.41167358 , 0.3511108 , -0.84097934    ,-23.375 , -16.25 , -33.875
427246  , 4.6036777 , -3.8273177 , 10.651112    , -0.3767835 , 0.31324306 , -0.8717298    ,-23.375 , -16.25 , -33.875
39642334  , 4.6036777 , -3.8273177 , 10.651112    , -0.37678352 , 0.3132431 , -0.87172985    ,-22.3125 , -26.125 , -26.5
457764  , 2.6014864 , -3.9499009 , 7.43671    , -0.29517767 , 0.4481755 , -0.84380627    ,-22.3125 , -26.125 , -26.5
47363280  , 2.6014864 , -3.9499009 , 7.43671    , -0.29517767 , 0.44817555 , -0.8438064    ,-18.5 , -35.0625 , -16.5
244141  , 0.6537767 , -4.2086873 , 2.9556155    , -0.12610902 , 0.81182665 , -0.5701178    ,-18.5 , -35.0625 , -16.5
48645018  , 0.6537767 , -4.2086873 , 2.9556155    , -0.12610896 , 0.8118266 , -0.5701177    ,-13.4375 , -41.75 , -4.0625
213623  , -0.46309182 , -3.7864566 , 1.1441092    , 0.11628027 , 0.95076203 , -0.28728065    ,-13.4375 , -41.75 , -4.0625
31982421  , -0.46309182 , -3.7864566 , 1.1441092    , 0.1162803 , 0.95076233 , -0.28728074    ,-6.375 , -44.5 , 8.1875
244141  , -1.1168685 , -3.255263 , -2.1111538    , 0.27662635 , 0.80626464 , 0.5228912    ,-6.375 , -44.5 , 8.1875
38635255  , -1.1168685 , -3.255263 , -2.1111538    , 0.27662635 , 0.8062646 , 0.5228913    ,0.25 , -43.5 , 18.0
335694  , -1.9885708 , -3.445948 , -4.7943625    , 0.31918466 , 0.55310756 , 0.7695411    ,0.25 , -43.5 , 18.0
10101318  , -1.9885708 , -3.445948 , -4.7943625    , 0.3191846 , 0.5531075 , 0.76954097    ,4.8125 , -40.5 , 24.3125
518799  , -2.7513103 , -4.440233 , -6.782933    , 0.32137096 , 0.51864815 , 0.7922908    ,4.8125 , -40.5 , 24.3125
244141  , -2.7513103 , -4.440233 , -6.782933    , 0.32137096 , 0.51864815 , 0.79229075    ,7.875 , -37.8125 , 27.25
1892090  , -3.7864566 , -6.1700177 , -6.238119    , 0.39623135 , 0.64565766 , 0.65278393    ,7.875 , -37.8125 , 27.25
35247803  , -3.7864566 , -6.1700177 , -6.238119    , 0.39623132 , 0.6456576 , 0.652784    ,8.375 , -35.8125 , 27.5
244140  , -3.2961242 , -8.853226 , -5.134871    , 0.30655193 , 0.8233832 , 0.47756228    ,8.375 , -35.8125 , 27.5
31829834  , -3.2961242 , -8.853226 , -5.134871    , 0.306552 , 0.82338333 , 0.4775624    ,8.125 , -35.8125 , 26.5
3692627  , -1.8387469 , -12.912089 , -3.0645783    , 0.13724488 , 0.9637641 , 0.22874148    ,8.125 , -35.8125 , 26.5
35339355  , -1.8387469 , -12.912089 , -3.0645783    , 0.13724488 , 0.9637641 , 0.22874151    ,6.0625 , -37.8125 , 22.375
3570557  , -0.23154591 , -15.322891 , 0.23154591    , 0.0151076615 , 0.9997717 , -0.0151076615    ,6.0625 , -37.8125 , 22.375
26794433  , -0.23154591 , -15.322891 , 0.23154591    , 0.015107662 , 0.9997717 , -0.015107662    ,1.5 , -39.75 , 12.5625
305176  , 6.5513873 , -17.856276 , 11.304889    , -0.2960921 , 0.8070203 , -0.51092815    ,1.5 , -39.75 , 12.5625
21881104  , 6.5513873 , -17.856276 , 11.304889    , -0.29609212 , 0.8070202 , -0.5109281    ,-7.625 , -37.0625 , -1.5625
213623  , 19.109348 , -11.182305 , 19.381754    , -0.64941335 , 0.38002017 , -0.6586708    ,-7.625 , -37.0625 , -1.5625
39794921  , 19.109348 , -11.182305 , 19.381754    , -0.6494133 , 0.38002017 , -0.6586708    ,-16.75 , -28.125 , -16.5
396728  , 19.57244 , -1.334794 , 19.381754    , -0.7097269 , 0.048401687 , -0.7028123    ,-16.75 , -28.125 , -16.5
38543701  , 19.57244 , -1.334794 , 19.381754    , -0.7097269 , 0.0484017 , -0.7028124    ,-23.625 , -16.75 , -28.5
366210  , 19.313654 , 1.5390993 , 19.381754    , -0.70474714 , -0.0561611 , -0.7072321    ,-23.625 , -16.75 , -28.5
39154052  , 19.313654 , 1.5390993 , 19.381754    , -0.70474726 , -0.056161106 , -0.7072322    ,-28.1875 , -6.0625 , -35.0625
427246  , 13.947236 , -1.2258313 , 19.340895    , -0.5841351 , 0.051339984 , -0.8100312    ,-28.1875 , -6.0625 , -35.0625
38726806  , 13.947236 , -1.2258313 , 19.340895    , -0.5841351 , 0.05133999 , -0.81003106    ,-27.9375 , -2.125 , -36.3125
427246  , 9.888372 , -3.5276701 , 18.8097    , -0.4590417 , 0.16376284 , -0.8731909    ,-27.9375 , -2.125 , -36.3125
39398192  , 9.888372 , -3.5276701 , 18.8097    , -0.4590417 , 0.16376284 , -0.8731909    ,-26.875 , -5.3125 , -36.3125
244141  , 8.662541 , -4.440233 , 17.2025    , -0.43826222 , 0.22464383 , -0.87032264    ,-26.875 , -5.3125 , -36.3125
39764403  , 8.662541 , -4.440233 , 17.2025    , -0.43826213 , 0.2246438 , -0.8703224    ,-26.625 , -12.75 , -34.375
305175  , 7.164303 , -5.6252036 , 15.023244    , -0.40778205 , 0.32017872 , -0.85510194    ,-26.625 , -12.75 , -34.375
40649415  , 7.164303 , -5.6252036 , 15.023244    , -0.40778205 , 0.3201787 , -0.8551019    ,-25.125 , -20.6875 , -29.6875
305175  , 3.8273177 , -2.982856 , 9.084772    , -0.37160373 , 0.28961286 , -0.882063    ,-25.125 , -20.6875 , -29.6875
37597658  , 3.8273177 , -2.982856 , 9.084772    , -0.37160376 , 0.2896129 , -0.88206303    ,-21.3125 , -29.375 , -23.125
366211  , 1.1441092 , -3.568531 , 2.8330324    , -0.24354067 , 0.75961494 , -0.6030531    ,-21.3125 , -29.375 , -23.125
40618898  , 1.1441092 , -3.568531 , 2.8330324    , -0.24354073 , 0.75961506 , -0.60305315    ,-16.75 , -37.3125 , -13.5625
457764  , -0.08172209 , -4.140586 , 0.08172209    , 0.01972916 , 0.9996108 , -0.01972916    ,-16.75 , -37.3125 , -13.5625
38391114  , -0.08172209 , -4.140586 , 0.08172209    , 0.019729156 , 0.99961066 , -0.019729158    ,-10.9375 , -42.0 , -3.8125
244141  , -1.334794 , -3.486809 , -3.759216    , 0.25193217 , 0.65810853 , 0.7095234    ,-10.9375 , -42.0 , -3.8125
41259766  , -1.334794 , -3.486809 , -3.759216    , 0.25193217 , 0.65810853 , 0.7095233    ,-4.8125 , -44.5 , 5.25
335694  , -1.9885708 , -3.5276701 , -6.238119    , 0.26737908 , 0.47432324 , 0.83876455    ,-4.8125 , -44.5 , 5.25
36560059  , -1.9885708 , -3.5276701 , -6.238119    , 0.26737908 , 0.47432318 , 0.83876455    ,-0.5 , -44.5 , 12.125
396728  , -3.3642259 , -3.445948 , -6.4015636    , 0.41996244 , 0.4301639 , 0.7991187    ,-0.5 , -44.5 , 12.125
40924072  , -3.3642259 , -3.445948 , -6.4015636    , 0.41996238 , 0.43016386 , 0.7991187    ,2.5625 , -43.25 , 16.0
427246  , -3.718355 , -5.8567495 , -5.7477865    , 0.41273108 , 0.6500893 , 0.6379945    ,2.5625 , -43.25 , 16.0
36773682  , -3.718355 , -5.8567495 , -5.7477865    , 0.4127311 , 0.6500893 , 0.6379946    ,4.0625 , -42.5 , 17.5
457764  , -1.9477097 , -15.472715 , -5.6252036    , 0.117485195 , 0.93330896 , 0.3393104    ,4.0625 , -42.5 , 17.5
77423094  , -1.9477097 , -15.472715 , -5.6252036    , 0.11748521 , 0.9333091 , 0.33931044    ,2.5625 , -42.75 , 13.3125
244141  , 0.313268 , -19.6133 , -2.4925237    , -0.0158428 , 0.991897 , 0.12605357    ,2.5625 , -42.75 , 13.3125
244141  , 0.313268 , -19.6133 , -2.4925237    , -0.015842792 , 0.99189675 , 0.12605354    ,-3.0625 , -40.5 , 1.8125
213623  , 12.598822 , -19.6133 , 16.126492    , -0.44447115 , 0.6919334 , -0.56892306    ,-3.0625 , -40.5 , 1.8125
20416259  , 12.598822 , -19.6133 , 16.126492    , -0.44447127 , 0.69193363 , -0.56892323    ,-11.9375 , -33.3125 , -11.375
274658  , 19.531578 , -8.240311 , 19.381754    , -0.67998683 , 0.28688425 , -0.67477065    ,-11.9375 , -33.3125 , -11.375
38909911  , 19.531578 , -8.240311 , 19.381754    , -0.6799867 , 0.28688422 , -0.6747706    ,-19.8125 , -22.4375 , -25.0625
244140  , 19.57244 , 0.0 , 19.381754    , -0.7105596 , 0.0 , -0.70363694    ,-19.8125 , -22.4375 , -25.0625
43029784  , 19.57244 , 0.0 , 19.381754    , -0.7105596 , -1.4901161E-8 , -0.7036369    ,-25.625 , -10.5625 , -34.625
366211  , 17.270601 , -3.5957718 , 19.381754    , -0.65898377 , 0.1372017 , -0.73953784    ,-25.625 , -10.5625 , -34.625
36834719  , 17.270601 , -3.5957718 , 19.381754    , -0.6589838 , 0.13720167 , -0.7395378    ,-27.9375 , -1.875 , -37.0625
488282  , 11.264028 , -1.3075534 , 18.619015    , -0.51669 , 0.05997853 , -0.8540691    ,-27.9375 , -1.875 , -37.0625
41503907  , 11.264028 , -1.3075534 , 18.619015    , -0.51669 , 0.059978545 , -0.8540692    ,-26.375 , -0.625 , -37.5
244140  , 8.962189 , -4.140586 , 16.970953    , -0.45647186 , 0.21089283 , -0.86438286    ,-26.375 , -0.625 , -37.5
61035157  , 8.962189 , -4.140586 , 16.970953    , -0.45647186 , 0.21089278 , -0.8643829    ,-25.875 , -4.0625 , -36.8125
1007080  , 8.19945 , -4.0180025 , 16.467001    , -0.43546543 , 0.21339253 , -0.8745477    ,-25.875 , -4.0625 , -36.8125
44982911  , 8.19945 , -4.0180025 , 16.467001    , -0.43546543 , 0.21339251 , -0.8745477    ,-25.625 , -11.75 , -34.125
1068116  , 7.014479 , -2.1383946 , 11.182305    , -0.5245512 , 0.15991174 , -0.8362263    ,-25.625 , -11.75 , -34.125
39642334  , 7.014479 , -2.1383946 , 11.182305    , -0.5245511 , 0.1599117 , -0.83622605    ,-24.125 , -21.1875 , -28.5
213623  , 3.718355 , -0.7218784 , 6.851035    , -0.47498232 , 0.09221266 , -0.8751505    ,-24.125 , -21.1875 , -28.5
35614014  , 3.718355 , -0.7218784 , 6.851035    , -0.47498226 , 0.09221266 , -0.8751505    ,-21.8125 , -29.875 , -20.875
335694  , 2.1111538 , -2.4925237 , 2.982856    , -0.47726214 , 0.5634772 , -0.6743252    ,-21.8125 , -29.875 , -20.875
40069580  , 2.1111538 , -2.4925237 , 2.982856    , -0.47726205 , 0.56347716 , -0.6743251    ,-17.25 , -38.0625 , -10.875
457764  , 0.19068487 , -2.3426998 , -0.27240697    , -0.08058764 , 0.9900766 , 0.11512519    ,-17.25 , -38.0625 , -10.875
39001464  , 0.19068487 , -2.3426998 , -0.27240697    , -0.08058765 , 0.9900767 , 0.1151252    ,-11.6875 , -42.75 , -0.875
1068115  , -1.9477097 , -1.7978859 , -2.6014864    , 0.5244256 , 0.48408523 , 0.7004567    ,-11.6875 , -42.75 , -0.875
39672851  , -1.9477097 , -1.7978859 , -2.6014864    , 0.5244255 , 0.4840851 , 0.70045656    ,-5.5625 , -44.25 , 7.1875
427246  , -2.7921712 , -2.2609777 , -4.2086873    , 0.5045803 , 0.408587 , 0.76056254    ,-5.5625 , -44.25 , 7.1875
37200926  , -2.7921712 , -2.2609777 , -4.2086873    , 0.5045804 , 0.40858704 , 0.76056254    ,-0.75 , -44.75 , 13.5625
213623  , -3.173541 , -4.944186 , -5.243834    , 0.4029941 , 0.62784064 , 0.6658916    ,-0.75 , -44.75 , 13.5625
30364989  , -3.173541 , -4.944186 , -5.243834    , 0.40299422 , 0.62784064 , 0.66589165    ,2.3125 , -44.25 , 16.75
366211  , -3.1054392 , -9.847511 , -6.66035    , 0.25273582 , 0.8014388 , 0.5420519    ,2.3125 , -44.25 , 16.75
39550780  , -3.1054392 , -9.847511 , -6.66035    , 0.25273588 , 0.80143887 , 0.542052    ,3.8125 , -43.75 , 16.5
396729  , -2.4516625 , -16.167353 , -6.469665    , 0.1394137 , 0.91935587 , 0.36789727    ,3.8125 , -43.75 , 16.5
39886475  , -2.4516625 , -16.167353 , -6.469665    , 0.1394137 , 0.919356 , 0.3678973    ,1.25 , -44.0 , 9.1875
396729  , 2.7649305 , -19.57244 , 4.2904096    , -0.13669483 , 0.96763784 , -0.21211268    ,1.25 , -44.0 , 9.1875
38696290  , 2.7649305 , -19.57244 , 4.2904096    , -0.13669483 , 0.9676379 , -0.2121127    ,-6.625 , -38.8125 , -4.0625
244141  , 18.155924 , -15.595298 , 19.041246    , -0.5936289 , 0.5099063 , -0.6225755    ,-6.625 , -38.8125 , -4.0625
39215089  , 18.155924 , -15.595298 , 19.041246    , -0.59362894 , 0.5099063 , -0.6225755    ,-14.75 , -28.625 , -17.5
366211  , 19.57244 , 0.7627395 , 19.381754    , -0.7102874 , -0.027679956 , -0.70336753    ,-14.75 , -28.625 , -17.5
39520265  , 19.57244 , 0.7627395 , 19.381754    , -0.7102874 , -0.02767995 , -0.7033674    ,-21.8125 , -17.9375 , -30.1875
396729  , 18.196785 , -2.6014864 , 19.381754    , -0.6812155 , 0.09738933 , -0.72557604    ,-21.8125 , -17.9375 , -30.1875
39520265  , 18.196785 , -2.6014864 , 19.381754    , -0.68121564 , 0.097389355 , -0.7255762    ,-26.375 , -7.3125 , -37.0625
396729  , 12.026767 , 0.3405087 , 19.231932    , -0.53015506 , -0.015010044 , -0.8477679    ,-26.375 , -7.3125 , -37.0625
66131592  , 12.026767 , 0.3405087 , 19.231932    , -0.53015506 , -0.015010059 , -0.84776783    ,-25.625 , -3.375 , -37.75
335693  , 8.730643 , -2.2609777 , 17.079916    , -0.45201945 , 0.117059655 , -0.8842939    ,-25.625 , -3.375 , -37.75
1281738  , 8.730643 , -2.2609777 , 17.079916    , -0.45201942 , 0.11705962 , -0.88429385    ,-25.375 , -5.5625 , -38.0
244140  , 7.8861814 , -2.6423476 , 17.924377    , -0.39909846 , 0.13372211 , -0.9071046    ,-25.375 , -5.5625 , -38.0
39123534  , 7.8861814 , -2.6423476 , 17.924377    , -0.3990985 , 0.13372211 , -0.9071047    ,-25.125 , -9.3125 , -36.8125
244140  , 8.308413 , -4.630918 , 17.311462    , -0.42062548 , 0.23444697 , -0.876418    ,-25.125 , -9.3125 , -36.8125
29693603  , 8.308413 , -4.630918 , 17.311462    , -0.4206255 , 0.23444699 , -0.876418    ,-24.875 , -15.0 , -33.875
244141  , 7.3549876 , -2.5606253 , 13.402422    , -0.47448808 , 0.16519214 , -0.8646227    ,-24.875 , -15.0 , -33.875
29052734  , 7.3549876 , -2.5606253 , 13.402422    , -0.47448814 , 0.16519217 , -0.86462283    ,-24.375 , -21.4375 , -30.1875
244140  , 4.399372 , -1.56634 , 9.915613    , -0.4013931 , 0.14291084 , -0.9046879    ,-24.375 , -21.4375 , -30.1875
32287596  , 4.399372 , -1.56634 , 9.915613    , -0.40139312 , 0.14291085 , -0.9046879    ,-22.5625 , -28.375 , -24.0625
244140  , 2.3699405 , -2.7513103 , 5.9793324    , -0.3387748 , 0.39329028 , -0.854725    ,-22.5625 , -28.375 , -24.0625
36560057  , 2.3699405 , -2.7513103 , 5.9793324    , -0.33877477 , 0.39329025 , -0.8547249    ,-20.3125 , -35.3125 , -16.25
213623  , 0.5720546 , -3.9771416 , 1.920469    , -0.12845239 , 0.89304996 , -0.431233    ,-20.3125 , -35.3125 , -16.25
45410155  , 0.5720546 , -3.9771416 , 1.920469    , -0.1284524 , 0.8930499 , -0.43123302    ,-15.75 , -40.75 , -6.5
396729  , -0.0 , -4.7535014 , -0.88532263    , -9.313226E-10 , 0.9830947 , 0.18309787    ,-15.75 , -40.75 , -6.5
34301758  , -0.0 , -4.7535014 , -0.88532263    , 7.4505806E-9 , 0.9830947 , 0.18309787    ,-10.125 , -43.0 , 4.0625
427246  , -0.5720546 , -5.366417 , -4.2495484    , 0.08327959 , 0.7812418 , 0.6186483    ,-10.125 , -43.0 , 4.0625
38482667  , -0.5720546 , -5.366417 , -4.2495484    , 0.08327959 , 0.7812417 , 0.61864823    ,-5.0625 , -43.0 , 12.8125
427246  , -1.920469 , -5.706926 , -6.469665    , 0.21729189 , 0.6457113 , 0.7320116    ,-5.0625 , -43.0 , 12.8125
39550783  , -1.920469 , -5.706926 , -6.469665    , 0.21729188 , 0.64571136 , 0.7320117    ,0.25 , -41.75 , 19.4375
457764  , -3.336985 , -7.8180795 , -5.325556    , 0.33266985 , 0.7793979 , 0.53091395    ,0.25 , -41.75 , 19.4375
38635255  , -3.336985 , -7.8180795 , -5.325556    , 0.33266994 , 0.7793981 , 0.53091407    ,3.5625 , -40.5 , 20.6875
427246  , -2.9556155 , -13.906375 , -4.903325    , 0.1965326 , 0.9246996 , 0.3260449    ,3.5625 , -40.5 , 20.6875
38482667  , -2.9556155 , -13.906375 , -4.903325    , 0.19653264 , 0.9246996 , 0.3260449    ,3.8125 , -41.0 , 15.75
1068115  , 1.3756552 , -19.504337 , 1.0760075    , -0.07024965 , 0.9960147 , -0.05494774    ,3.8125 , -41.0 , 15.75
38909912  , 1.3756552 , -19.504337 , 1.0760075    , -0.07024966 , 0.996015 , -0.054947756    ,-0.75 , -41.25 , 3.8125
427246  , 12.340035 , -19.531578 , 13.0619135    , -0.46495953 , 0.73592925 , -0.49215916    ,-0.75 , -41.25 , 3.8125
38879395  , 12.340035 , -19.531578 , 13.0619135    , -0.46495953 , 0.73592925 , -0.49215913    ,-11.1875 , -32.0625 , -10.625
427246  , 19.57244 , -2.6832085 , 19.381754    , -0.7072121 , 0.09695253 , -0.70032203    ,-11.1875 , -32.0625 , -10.625
39093017  , 19.57244 , -2.6832085 , 19.381754    , -0.7072121 , 0.09695253 , -0.7003221    ,-20.3125 , -20.9375 , -24.0625
396728  , 19.504337 , -5.47538 , 19.381754    , -0.695674 , 0.19529398 , -0.69130176    ,-20.3125 , -20.9375 , -24.0625
38879395  , 19.504337 , -5.47538 , 19.381754    , -0.695674 , 0.19529398 , -0.69130176    ,-26.875 , -9.0625 , -33.625
457763  , 13.947236 , -2.1792557 , 19.381754    , -0.58167696 , 0.09088703 , -0.80832654    ,-26.875 , -9.0625 , -33.625
40069579  , 13.947236 , -2.1792557 , 19.381754    , -0.5816769 , 0.090887025 , -0.80832636    ,-28.4375 , 0.875 , -37.3125
488281  , 9.888372 , -4.0588636 , 19.041246    , -0.45284128 , 0.18587701 , -0.8720002    ,-28.4375 , 0.875 , -37.3125
41656492  , 9.888372 , -4.0588636 , 19.041246    , -0.45284122 , 0.18587697 , -0.87200016    ,-25.875 , -0.125 , -38.5
427247  , 8.240311 , -4.372132 , 17.474907    , -0.4159913 , 0.22071603 , -0.8821765    ,-25.875 , -0.125 , -38.5
35369871  , 8.240311 , -4.372132 , 17.474907    , -0.41599134 , 0.22071607 , -0.88217664    ,-25.125 , -5.3125 , -37.5
1678467  , 5.597963 , -5.284695 , 15.595298    , -0.3218717 , 0.3038594 , -0.8966984    ,-25.125 , -5.3125 , -37.5
38604735  , 5.597963 , -5.284695 , 15.595298    , -0.32187164 , 0.30385935 , -0.89669836    ,-25.875 , -13.75 , -33.875
213623  , 4.0180025 , -1.9477097 , 9.384419    , -0.38662308 , 0.1874139 , -0.9029943    ,-25.875 , -13.75 , -33.875
39611817  , 4.0180025 , -1.9477097 , 9.384419    , -0.38662305 , 0.18741389 , -0.90299416    ,-26.875 , -23.1875 , -26.3125
305175  , 3.5276701 , -1.7297841 , 4.8216033    , -0.56717837 , 0.2781145 , -0.7752168    ,-26.875 , -23.1875 , -26.3125
6011963  , 3.5276701 , -1.7297841 , 4.8216033    , -0.56717837 , 0.27811447 , -0.7752167    ,-25.125 , -32.8125 , -15.5
274658  , 1.9477097 , -2.8738933 , 1.1168685    , -0.5340657 , 0.78802705 , -0.3062475    ,-25.125 , -32.8125 , -15.5
19409181  , 1.9477097 , -2.8738933 , 1.1168685    , -0.5340658 , 0.78802705 , -0.30624747    ,-20.5625 , -39.75 , -3.5625
305176  , 0.8036005 , -4.944186 , 0.88532263    , -0.15798064 , 0.9719825 , -0.17404647    ,-20.5625 , -39.75 , -3.5625
39184571  , 0.8036005 , -4.944186 , 0.88532263    , -0.15798064 , 0.97198266 , -0.17404647    ,-11.9375 , -43.0 , 7.4375
366211  , -1.1168685 , -5.7886477 , -1.879608    , 0.18049552 , 0.9354951 , 0.30376077    ,-11.9375 , -43.0 , 7.4375
39367676  , -1.1168685 , -5.7886477 , -1.879608    , 0.18049547 , 0.93549484 , 0.30376068    ,-2.3125 , -43.25 , 15.75
1068116  , -3.568531 , -8.853226 , -5.6660647    , 0.3214785 , 0.79756105 , 0.5104391    ,-2.3125 , -43.25 , 15.75
38085938  , -3.568531 , -8.853226 , -5.6660647    , 0.3214785 , 0.79756117 , 0.51043916    ,5.5625 , -41.25 , 20.6875
427246  , -5.09401 , -15.472715 , -8.240311    , 0.27904254 , 0.84757316 , 0.45139238    ,5.5625 , -41.25 , 20.6875
38848877  , -5.09401 , -15.472715 , -8.240311    , 0.2790425 , 0.84757304 , 0.4513923    ,9.625 , -39.75 , 21.625
457764  , -2.7240696 , -19.6133 , -2.7921712    , 0.13622075 , 0.9807895 , 0.13962628    ,9.625 , -39.75 , 21.625
39520263  , -2.7240696 , -19.6133 , -2.7921712    , 0.13622078 , 0.98078954 , 0.1396263    ,6.625 , -40.75 , 15.0625
427246  , 11.141444 , -19.6133 , 11.34575    , -0.44125336 , 0.7767786 , -0.44934484    ,6.625 , -40.75 , 15.0625
39337158  , 11.141444 , -19.6133 , 11.34575    , -0.4412533 , 0.7767784 , -0.44934475    ,-5.0625 , -36.0625 , 2.3125
244141  , 19.57244 , -14.982383 , 19.340895    , -0.62470186 , 0.47819906 , -0.61731154    ,-5.0625 , -36.0625 , 2.3125
38940429  , 19.57244 , -14.982383 , 19.340895    , -0.62470174 , 0.47819906 , -0.6173115    ,-17.0 , -26.125 , -11.375
396729  , 19.57244 , -8.853226 , 19.381754    , -0.676477 , 0.30599165 , -0.6698864    ,-17.0 , -26.125 , -11.375
40191649  , 19.57244 , -8.853226 , 19.381754    , -0.67647713 , 0.30599177 , -0.6698865    ,-26.625 , -12.75 , -23.375
427246  , 19.57244 , -7.3549876 , 19.381754    , -0.68650776 , 0.25797787 , -0.67981946    ,-26.625 , -12.75 , -23.375
37780761  , 19.57244 , -7.3549876 , 19.381754    , -0.6865078 , 0.25797787 , -0.6798195    ,-32.75 , 2.625 , -29.9375
427246  , 19.422615 , -5.5571017 , 19.231932    , -0.6963405 , 0.19923346 , -0.6895041    ,-32.75 , 2.625 , -29.9375
42327881  , 19.422615 , -5.5571017 , 19.231932    , -0.6963406 , 0.19923346 , -0.6895041    ,-31.75 , 9.5625 , -31.1875
457763  , 15.6634 , -8.430995 , 18.428331    , -0.6115403 , 0.32916814 , -0.7194906    ,-31.75 , 9.5625 , -31.1875
35217287  , 15.6634 , -8.430995 , 18.428331    , -0.6115405 , 0.3291683 , -0.71949065    ,-31.1875 , 9.0625 , -32.125
427246  , 12.721405 , -9.997335 , 16.780268    , -0.5457478 , 0.42888534 , -0.7198729    ,-31.1875 , 9.0625 , -32.125
40710451  , 12.721405 , -9.997335 , 16.780268    , -0.54574776 , 0.42888525 , -0.7198727    ,-31.5 , 2.875 , -32.875
427246  , 10.119919 , -9.534244 , 13.715691    , -0.51816356 , 0.4881757 , -0.7022755    ,-31.5 , 2.875 , -32.875
37017823  , 10.119919 , -9.534244 , 13.715691    , -0.5181637 , 0.4881757 , -0.70227563    ,-31.1875 , -6.3125 , -32.125
396728  , 6.5922484 , -7.04172 , 8.430995    , -0.51457167 , 0.5496561 , -0.6580989    ,-31.1875 , -6.3125 , -32.125
41839600  , 6.5922484 , -7.04172 , 8.430995    , -0.51457167 , 0.5496561 , -0.65809894    ,-29.6875 , -16.75 , -28.75
457764  , 4.140586 , -5.012288 , 3.5276701    , -0.5597844 , 0.67763376 , -0.4769216    ,-29.6875 , -16.75 , -28.75
36041261  , 4.140586 , -5.012288 , 3.5276701    , -0.5597845 , 0.67763376 , -0.47692162    ,-25.125 , -27.875 , -21.125
427246  , 1.1849703 , -6.0474343 , 2.3426998    , -0.17973933 , 0.91729057 , -0.3553468    ,-25.125 , -27.875 , -21.125
38970948  , 1.1849703 , -6.0474343 , 2.3426998    , -0.17973942 , 0.9172908 , -0.35534686    ,-19.3125 , -37.3125 , -10.375
457764  , -2.1792557 , -5.284695 , 2.152015    , 0.35678393 , 0.86520094 , -0.3523241    ,-19.3125 , -37.3125 , -10.375
38635254  , -2.1792557 , -5.284695 , 2.152015    , 0.35678396 , 0.8652012 , -0.35232416    ,-10.375 , -42.5 , 2.0625
457764  , -2.4516625 , -6.428804 , -0.5720546    , 0.35509938 , 0.9311494 , 0.082856506    ,-10.375 , -42.5 , 2.0625
39398193  , -2.4516625 , -6.428804 , -0.5720546    , 0.3550994 , 0.9311496 , 0.082856536    ,-1.5 , -43.5 , 12.8125
427246  , -3.568531 , -9.043911 , -4.372132    , 0.33474916 , 0.848372 , 0.41013166    ,-1.5 , -43.5 , 12.8125
39642334  , -3.568531 , -9.043911 , -4.372132    , 0.33474916 , 0.8483721 , 0.4101317    ,4.8125 , -42.0 , 20.1875
244140  , -5.366417 , -13.293459 , -6.0474343    , 0.3449051 , 0.8543842 , 0.3886748    ,4.8125 , -42.0 , 20.1875
49255370  , -5.366417 , -13.293459 , -6.0474343    , 0.34490505 , 0.8543842 , 0.38867474    ,9.875 , -40.25 , 22.625
274658  , -3.7864566 , -19.272793 , -3.9090397    , 0.18907286 , 0.96236736 , 0.19519393    ,9.875 , -40.25 , 22.625
40313719  , -3.7864566 , -19.272793 , -3.9090397    , 0.18907288 , 0.9623674 , 0.19519395    ,7.375 , -41.0 , 17.75
213623  , 6.4424243 , -19.6133 , 2.3426998    , -0.31007802 , 0.9440008 , -0.11275567    ,7.375 , -41.0 , 17.75
37506102  , 6.4424243 , -19.6133 , 2.3426998    , -0.31007805 , 0.94400096 , -0.112755686    ,-4.0625 , -37.3125 , 5.5
244141  , 19.57244 , -9.956474 , 19.381754    , -0.668245 , 0.33993536 , -0.6617346    ,-4.0625 , -37.3125 , 5.5
42785646  , 19.57244 , -9.956474 , 19.381754    , -0.66824496 , 0.33993533 , -0.66173464    ,-15.5 , -27.875 , -8.9375
366211  , 19.57244 , -3.9090397 , 19.381754    , -0.70351064 , 0.14050631 , -0.6966567    ,-15.5 , -27.875 , -8.9375
36743165  , 19.57244 , -3.9090397 , 19.381754    , -0.7035107 , 0.14050634 , -0.69665676    ,-26.625 , -15.75 , -21.875
427246  , 19.531578 , -7.504812 , 19.381754    , -0.6848098 , 0.26313126 , -0.6795567    ,-26.625 , -15.75 , -21.875
39154054  , 19.531578 , -7.504812 , 19.381754    , -0.68480986 , 0.2631313 , -0.6795567    ,-33.5 , -1.125 , -30.4375
427246  , 16.88923 , -4.9850473 , 18.278507    , -0.6654253 , 0.1964078 , -0.720162    ,-33.5 , -1.125 , -30.4375
38726807  , 16.88923 , -4.9850473 , 18.278507    , -0.6654253 , 0.19640781 , -0.72016186    ,-32.75 , 6.8125 , -32.625
457763  , 12.980191 , -9.193735 , 14.206022    , -0.6086404 , 0.4310937 , -0.6661195    ,-32.75 , 6.8125 , -32.625
38879395  , 12.980191 , -9.193735 , 14.206022    , -0.6086403 , 0.4310937 , -0.6661195    ,-32.0 , 8.5625 , -32.625
457764  , 11.958665 , -10.079058 , 14.137921    , -0.567228 , 0.47807372 , -0.6705953    ,-32.0 , 8.5625 , -32.625
39428711  , 11.958665 , -10.079058 , 14.137921    , -0.56722796 , 0.47807375 , -0.67059535    ,-32.25 , 6.5625 , -32.625
457763  , 9.847511 , -6.5513873 , 11.645397    , -0.59327793 , 0.39469808 , -0.7015942    ,-32.25 , 6.5625 , -32.625
39489746  , 9.847511 , -6.5513873 , 11.645397    , -0.59327793 , 0.39469802 , -0.7015942    ,-32.75 , 0.625 , -31.6875
457764  , 6.1291566 , -4.0588636 , 8.812365    , -0.53408456 , 0.35368264 , -0.7678948    ,-32.75 , 0.625 , -31.6875
38970947  , 6.1291566 , -4.0588636 , 8.812365    , -0.5340844 , 0.35368255 , -0.76789474    ,-33.0 , -7.5625 , -29.0
427246  , 2.2609777 , -2.0294318 , 6.3198414    , -0.32243466 , 0.28941426 , -0.9012632    ,-33.0 , -7.5625 , -29.0
38879394  , 2.2609777 , -2.0294318 , 6.3198414    , -0.32243466 , 0.28941426 , -0.90126324    ,-31.5 , -18.1875 , -24.3125
457763  , 0.8036005 , -2.8330324 , 3.5276701    , -0.1748764 , 0.6165136 , -0.7676779    ,-31.5 , -18.1875 , -24.3125
39489745  , 0.8036005 , -2.8330324 , 3.5276701    , -0.17487642 , 0.6165136 , -0.767678    ,-25.875 , -29.625 , -17.75
396729  , -0.53119355 , -4.399372 , 1.8387469    , 0.110719055 , 0.9169811 , -0.38325834    ,-25.875 , -29.625 , -17.75
38665771  , -0.53119355 , -4.399372 , 1.8387469    , 0.110719055 , 0.9169811 , -0.38325834    ,-17.5 , -39.25 , -9.4375
427246  , -0.84446156 , -6.1700177 , -0.3405087    , 0.13539892 , 0.98928565 , 0.054596335    ,-17.5 , -39.25 , -9.4375
38726806  , -0.84446156 , -6.1700177 , -0.3405087    , 0.13539892 , 0.9892857 , 0.054596353    ,-7.125 , -44.5 , -1.5625
488281  , -2.070293 , -6.2789803 , -4.2495484    , 0.2634157 , 0.7989121 , 0.54069537    ,-7.125 , -44.5 , -1.5625
39337159  , -2.070293 , -6.2789803 , -4.2495484    , 0.26341572 , 0.79891217 , 0.5406955    ,1.75 , -46.4375 , 4.25
518799  , -4.903325 , -6.6331096 , -4.8216033    , 0.5131951 , 0.6942389 , 0.50464183    ,1.75 , -46.4375 , 4.25
41809084  , -4.903325 , -6.6331096 , -4.8216033    , 0.51319504 , 0.6942389 , 0.50464183    ,8.375 , -45.75 , 7.9375
427246  , -4.862464 , -14.396708 , -6.742072    , 0.292493 , 0.8660087 , 0.40555754    ,8.375 , -45.75 , 7.9375
36590578  , -4.862464 , -14.396708 , -6.742072    , 0.292493 , 0.8660087 , 0.40555748    ,11.4375 , -44.0 , 5.5
885010  , -4.099725 , -19.6133 , -3.6774938    , 0.20124438 , 0.96276367 , 0.18051818    ,11.4375 , -44.0 , 5.5
41290284  , -4.099725 , -19.6133 , -3.6774938    , 0.20124435 , 0.96276355 , 0.18051818    ,6.0625 , -41.5 , -4.5
488281  , 13.756551 , -19.6133 , 17.120777    , -0.46718475 , 0.6660852 , -0.5814369    ,6.0625 , -41.5 , -4.5
35644532  , 13.756551 , -19.6133 , 17.120777    , -0.4671848 , 0.66608524 , -0.5814369    ,-2.875 , -31.1875 , -16.25
518799  , 19.57244 , -8.076866 , 19.381754    , -0.68185127 , 0.28137636 , -0.67520833    ,-2.875 , -31.1875 , -16.25
44830322  , 19.57244 , -8.076866 , 19.381754    , -0.68185127 , 0.28137636 , -0.6752083    ,-13.0 , -19.0 , -28.0
1159668  , 19.57244 , -1.0351465 , 19.381754    , -0.7100584 , 0.037553564 , -0.7031406    ,-13.0 , -19.0 , -28.0
32897949  , 19.57244 , -1.0351465 , 19.381754    , -0.71005833 , 0.037553534 , -0.7031406    ,-22.625 , -7.625 , -36.0625
457764  , 16.739407 , -0.88532263 , 18.959524    , -0.66144806 , 0.03498301 , -0.7491747    ,-22.625 , -7.625 , -36.0625
59112548  , 16.739407 , -0.88532263 , 18.959524    , -0.66144794 , 0.034983 , -0.7491746    ,-26.1875 , 0.5625 , -37.75
244141  , 12.598822 , -5.7477865 , 17.883516    , -0.557019 , 0.25412107 , -0.79066586    ,-26.1875 , 0.5625 , -37.75
8728028  , 12.598822 , -5.7477865 , 17.883516    , -0.5570189 , 0.25412107 , -0.79066575    ,-25.9375 , 0.0625 , -37.0625
274658  , 10.991621 , -5.09401 , 18.46919    , -0.49763066 , 0.23062433 , -0.83616734    ,-25.9375 , 0.0625 , -37.0625
43365477  , 10.991621 , -5.09401 , 18.46919    , -0.49763075 , 0.2306244 , -0.8361675    ,-26.9375 , -4.125 , -35.8125
274658  , 10.760075 , -4.7126403 , 17.474907    , -0.5110186 , 0.2238132 , -0.82992005    ,-26.9375 , -4.125 , -35.8125
35827636  , 10.760075 , -4.7126403 , 17.474907    , -0.51101863 , 0.22381322 , -0.8299202    ,-26.9375 , -10.375 , -33.875
366211  , 7.014479 , -4.3312707 , 10.460427    , -0.52667046 , 0.32520625 , -0.7854038    ,-26.9375 , -10.375 , -33.875
41137694  , 7.014479 , -4.3312707 , 10.460427    , -0.52667046 , 0.32520622 , -0.78540367    ,-26.9375 , -18.0 , -29.6875
488281  , 2.7649305 , -2.9556155 , 5.47538    , -0.40607956 , 0.43408507 , -0.8041576    ,-26.9375 , -18.0 , -29.6875
36529540  , 2.7649305 , -2.9556155 , 5.47538    , -0.4060796 , 0.43408507 , -0.8041576    ,-24.3125 , -26.0625 , -23.375
457763  , 0.8036005 , -3.445948 , 3.486809    , -0.16176474 , 0.69366896 , -0.7018943    ,-24.3125 , -26.0625 , -23.375
39550783  , 0.8036005 , -3.445948 , 3.486809    , -0.16176468 , 0.6936691 , -0.70189434    ,-19.75 , -34.75 , -13.8125
457764  , -0.14982383 , -5.284695 , 1.9885708    , 0.026524812 , 0.93560266 , -0.35205668    ,-19.75 , -34.75 , -13.8125
38391115  , -0.14982383 , -5.284695 , 1.9885708    , 0.026524842 , 0.9356027 , -0.35205668    ,-13.125 , -40.6875 , -2.8125
457764  , -1.607201 , -6.2108784 , -0.5720546    , 0.24953002 , 0.96428543 , 0.088815786    ,-13.125 , -40.6875 , -2.8125
39642335  , -1.607201 , -6.2108784 , -0.5720546    , 0.24953002 , 0.96428555 , 0.08881579    ,-5.5 , -42.6875 , 7.6875
457764  , -1.879608 , -9.575105 , -6.5513873    , 0.15992397 , 0.8146851 , 0.55741614    ,-5.5 , -42.6875 , 7.6875
40374756  , -1.879608 , -9.575105 , -6.5513873    , 0.15992397 , 0.81468505 , 0.5574161    ,2.625 , -41.9375 , 15.75
427247  , -6.742072 , -18.659876 , -7.6954966    , 0.31681663 , 0.87684596 , 0.361619    ,2.625 , -41.9375 , 15.75
37963868  , -6.742072 , -18.659876 , -7.6954966    , 0.3168166 , 0.87684596 , 0.36161897    ,6.4375 , -41.1875 , 17.5
427246  , -4.9850473 , -19.6133 , -2.8738933    , 0.24388745 , 0.9595572 , 0.14060178    ,6.4375 , -41.1875 , 17.5
38604737  , -4.9850473 , -19.6133 , -2.8738933    , 0.24388744 , 0.9595571 , 0.14060177    ,0.375 , -38.75 , 10.0
488281  , 18.237646 , -19.6133 , 17.434046    , -0.5706962 , 0.61374354 , -0.5455498    ,0.375 , -38.75 , 10.0
38787842  , 18.237646 , -19.6133 , 17.434046    , -0.57069623 , 0.6137435 , -0.5455498    ,-10.5625 , -29.5 , -1.875
518799  , 19.57244 , -14.396708 , 19.381754    , -0.6297335 , 0.46320695 , -0.6235984    ,-10.5625 , -29.5 , -1.875
42022705  , 19.57244 , -14.396708 , 19.381754    , -0.62973356 , 0.46320695 , -0.62359834    ,-23.25 , -16.375 , -13.9375
2014160  , 19.57244 , -10.95076 , 19.381754    , -0.66029286 , 0.36943316 , -0.6538599    ,-23.25 , -16.375 , -13.9375
35125732  , 19.57244 , -10.95076 , 19.381754    , -0.6602928 , 0.36943316 , -0.65385985    ,-33.0 , -1.4375 , -23.1875
305176  , 19.57244 , -8.853226 , 18.8097    , -0.6854813 , 0.3100646 , -0.65876806    ,-33.0 , -1.4375 , -23.1875
43701170  , 19.57244 , -8.853226 , 18.8097    , -0.6854812 , 0.31006446 , -0.658768    ,-36.0625 , 11.4375 , -25.875
488281  , 17.924377 , -5.175732 , 15.132206    , -0.74616605 , 0.21545812 , -0.6299318    ,-36.0625 , 11.4375 , -25.875
35247802  , 17.924377 , -5.175732 , 15.132206    , -0.7461659 , 0.21545812 , -0.6299317    ,-35.3125 , 14.3125 , -25.9375
701904  , 13.715691 , -9.00305 , 14.628253    , -0.6239817 , 0.40958482 , -0.6654978    ,-35.3125 , 14.3125 , -25.9375
38696288  , 13.715691 , -9.00305 , 14.628253    , -0.6239816 , 0.40958476 , -0.6654978    ,-35.0625 , 11.3125 , -27.375
213623  , 12.789507 , -8.880466 , 14.328606    , -0.60442084 , 0.4196831 , -0.6771572    ,-35.0625 , 11.3125 , -27.375
40039063  , 12.789507 , -8.880466 , 14.328606    , -0.6044206 , 0.41968286 , -0.677157    ,-34.8125 , 5.125 , -28.375
274659  , 10.269742 , -6.8237944 , 11.795221    , -0.60185856 , 0.39990863 , -0.69125926    ,-34.8125 , 5.125 , -28.375
38177492  , 10.269742 , -6.8237944 , 11.795221    , -0.6018585 , 0.3999086 , -0.69125926    ,-33.0625 , -3.3125 , -28.0625
488281  , 6.0201936 , -4.0588636 , 5.7477865    , -0.65010405 , 0.43830544 , -0.62068754    ,-33.0625 , -3.3125 , -28.0625
44982912  , 6.0201936 , -4.0588636 , 5.7477865    , -0.650104 , 0.43830547 , -0.6206876    ,-31.0625 , -14.0625 , -24.9375
244141  , 2.5333846 , -3.759216 , 1.9885708    , -0.5117775 , 0.7594118 , -0.4017179    ,-31.0625 , -14.0625 , -24.9375
57647706  , 2.5333846 , -3.759216 , 1.9885708    , -0.51177746 , 0.7594118 , -0.40171787    ,-25.0 , -25.5 , -18.75
335694  , 0.27240697 , -4.440233 , 2.1792557    , -0.054990724 , 0.89634895 , -0.43992585    ,-25.0 , -25.5 , -18.75
11627198  , 0.27240697 , -4.440233 , 2.1792557    , -0.054990724 , 0.89634883 , -0.43992585    ,-18.1875 , -34.9375 , -10.3125
244141  , -1.2666923 , -4.9850473 , 1.6480621    , 0.23452714 , 0.9229778 , -0.30513746    ,-18.1875 , -34.9375 , -10.3125
28533936  , -1.2666923 , -4.9850473 , 1.6480621    , 0.23452714 , 0.92297786 , -0.30513746    ,-10.0625 , -41.125 , -0.8125
244141  , -2.5606253 , -6.3607025 , -2.2201166    , 0.3552853 , 0.8825438 , 0.30803993    ,-10.0625 , -41.125 , -0.8125
39306641  , -2.5606253 , -6.3607025 , -2.2201166    , 0.35528535 , 0.8825439 , 0.30803996    ,-2.1875 , -42.9375 , 8.375
213623  , -3.2961242 , -12.258313 , -7.164303    , 0.22613466 , 0.84099674 , 0.49151587    ,-2.1875 , -42.9375 , 8.375
40100097  , -3.2961242 , -12.258313 , -7.164303    , 0.22613467 , 0.8409967 , 0.49151587    ,3.4375 , -41.6875 , 14.5
396728  , -4.3312707 , -19.57244 , -9.697687    , 0.19450225 , 0.87893 , 0.43548933    ,3.4375 , -41.6875 , 14.5
39611816  , -4.3312707 , -19.57244 , -9.697687    , 0.19450223 , 0.8789299 , 0.43548927    ,3.8125 , -41.75 , 12.125
518799  , 0.27240697 , -19.6133 , 6.2789803    , -0.013226405 , 0.9523024 , -0.304869    ,3.8125 , -41.75 , 12.125
39703368  , 0.27240697 , -19.6133 , 6.2789803    , -0.013226427 , 0.95230234 , -0.30486903    ,-3.8125 , -37.75 , 2.0
518798  , 19.381754 , -13.6748295 , 19.340895    , -0.63326776 , 0.4468032 , -0.63193274    ,-3.8125 , -37.75 , 2.0
36468505  , 19.381754 , -13.6748295 , 19.340895    , -0.63326764 , 0.44680303 , -0.6319327    ,-13.125 , -28.875 , -10.75
244140  , 19.57244 , 14.015338 , 19.381754    , -0.63329554 , -0.45348722 , -0.62712556    ,-13.125 , -28.875 , -10.75
47332762  , 19.57244 , 14.015338 , 19.381754    , -0.63329524 , -0.453487 , -0.6271255    ,-20.75 , -22.375 , -25.25
518799  , 17.924377 , 0.7627395 , 17.270601    , -0.7197797 , -0.030628927 , -0.69352627    ,-20.75 , -22.375 , -25.25
41320799  , 17.924377 , 0.7627395 , 17.270601    , -0.71977997 , -0.030628905 , -0.6935266    ,-23.375 , -15.1875 , -34.375
1617432  , 5.6660647 , 5.325556 , 11.645397    , -0.40463528 , -0.38031828 , -0.8316422    ,-23.375 , -15.1875 , -34.375
37048341  , 5.6660647 , 5.325556 , 11.645397    , -0.4046353 , -0.38031816 , -0.83164203    ,-19.5625 , -12.4375 , -37.5
274658  , 2.982856 , 2.7649305 , 9.656827    , -0.2846675 , -0.26386982 , -0.9215948    ,-19.5625 , -12.4375 , -37.5
40740968  , 2.982856 , 2.7649305 , 9.656827    , -0.28466743 , -0.26386985 , -0.92159486    ,-13.9375 , -14.9375 , -40.25
396729  , 4.2904096 , -1.1441092 , 9.697687    , -0.40225425 , 0.10726783 , -0.9092224    ,-13.9375 , -14.9375 , -40.25
38177492  , 4.2904096 , -1.1441092 , 9.697687    , -0.4022543 , 0.10726781 , -0.9092223    ,-10.9375 , -15.9375 , -41.1875
366211  , 2.6014864 , 0.61291564 , 9.466142    , -0.26448026 , -0.0623121 , -0.9623759    ,-10.9375 , -15.9375 , -41.1875
39825441  , 2.6014864 , 0.61291564 , 9.466142    , -0.26448035 , -0.06231212 , -0.9623761    ,-9.125 , -16.1875 , -41.6875
427246  , 1.5390993 , 1.2258313 , 10.269742    , -0.14719023 , -0.11723114 , -0.9821365    ,-9.125 , -16.1875 , -41.6875
39916993  , 1.5390993 , 1.2258313 , 10.269742    , -0.14719023 , -0.11723114 , -0.9821365    ,-7.875 , -15.9375 , -41.9375
213623  , 1.6480621 , 0.08172209 , 8.962189    , -0.18085077 , -0.008967808 , -0.9834696    ,-7.875 , -15.9375 , -41.9375
39031982  , 1.6480621 , 0.08172209 , 8.962189    , -0.1808508 , -0.008967809 , -0.98346967    ,-7.0625 , -15.5 , -41.9375
366210  , 1.8387469 , 0.19068487 , 8.662541    , -0.20758985 , -0.021527838 , -0.9779789    ,-7.0625 , -15.5 , -41.9375
40527344  , 1.8387469 , 0.19068487 , 8.662541    , -0.20758985 , -0.021527836 , -0.9779789    ,-7.0625 , -14.75 , -42.1875
427246  , 3.7864566 , -1.1441092 , 10.991621    , -0.32413593 , 0.09794034 , -0.94092697    ,-7.0625 , -14.75 , -42.1875
36499024  , 3.7864566 , -1.1441092 , 10.991621    , -0.32413596 , 0.09794035 , -0.9409271    ,-7.3125 , -13.5 , -42.1875
457764  , 3.7864566 , -0.61291564 , 7.7363577    , -0.43849838 , 0.07097994 , -0.8959248    ,-7.3125 , -13.5 , -42.1875
42083739  , 3.7864566 , -0.61291564 , 7.7363577    , -0.43849832 , 0.07097997 , -0.8959247    ,-8.4375 , -12.1875 , -42.75
2349853  , 1.6480621 , 0.6946377 , 7.5865335    , -0.21143927 , -0.089119025 , -0.97331965    ,-8.4375 , -12.1875 , -42.75
34454346  , 1.6480621 , 0.6946377 , 7.5865335    , -0.2114393 , -0.08911905 , -0.9733198    ,-9.1875 , -11.1875 , -43.6875
274659  , 2.2609777 , 0.10896278 , 10.269742    , -0.21499851 , -0.010361375 , -0.9765594    ,-9.1875 , -11.1875 , -43.6875
39855956  , 2.2609777 , 0.10896278 , 10.269742    , -0.21499853 , -0.010361373 , -0.9765594    ,-9.4375 , -10.25 , -43.9375
366211  , 2.1792557 , 0.0 , 11.182305    , -0.19128563 , -9.313226E-10 , -0.9815343    ,-9.4375 , -10.25 , -43.9375
39520263  , 2.1792557 , 0.0 , 11.182305    , -0.19128564 , 0.0 , -0.98153436    ,-9.1875 , -10.25 , -44.4375
335693  , 1.56634 , -0.14982383 , 9.956474    , -0.15539023 , 0.014863416 , -0.98774135    ,-9.1875 , -10.25 , -44.4375
64514161  , 1.56634 , -0.14982383 , 9.956474    , -0.15539019 , 0.014863409 , -0.9877413    ,-9.25 , -11.125 , -43.4375
2105714  , 1.7978859 , -0.61291564 , 8.771504    , -0.20032556 , 0.06829281 , -0.97734606    ,-9.25 , -11.125 , -43.4375
