71929931  , 4.5219555 , 1.9477097 , 8.662541    , -0.45382938 , -0.1954747 , -0.869384    ,-36.8125 , -5.8125 , -30.75
274658  , 4.8216033 , 1.56634 , 7.5456724    , -0.5303961 , -0.17230383 , -0.830055    ,-36.8125 , -5.8125 , -30.75
44250491  , 4.8216033 , 1.56634 , 7.5456724    , -0.5303961 , -0.17230383 , -0.83005494    ,-37.3125 , -6.0625 , -30.0
244141  , 4.4810944 , 2.3426998 , 8.19945    , -0.46516973 , -0.24318907 , -0.85116166    ,-37.3125 , -6.0625 , -30.0
34759522  , 4.4810944 , 2.3426998 , 8.19945    , -0.46516976 , -0.24318907 , -0.8511618    ,-38.3125 , -5.5625 , -29.5
274658  , 5.053149 , 2.070293 , 7.6273947    , -0.53867483 , -0.22069699 , -0.8130941    ,-38.3125 , -5.5625 , -29.5
29968263  , 5.053149 , 2.070293 , 7.6273947    , -0.53867483 , -0.22069696 , -0.8130941    ,-38.8125 , -5.3125 , -28.8125
244141  , 5.366417 , 2.2609777 , 7.246025    , -0.57728326 , -0.24322087 , -0.779479    ,-38.8125 , -5.3125 , -28.8125
30120850  , 5.366417 , 2.2609777 , 7.246025    , -0.5772833 , -0.2432209 , -0.779479    ,-39.0625 , -5.8125 , -27.5625
213623  , 5.407278 , 2.3699405 , 6.742072    , -0.6033812 , -0.2644542 , -0.7523267    ,-39.0625 , -5.8125 , -27.5625
29663086  , 5.407278 , 2.3699405 , 6.742072    , -0.6033811 , -0.26445425 , -0.75232655    ,-39.875 , -6.3125 , -26.5625
244141  , 6.0201936 , 2.3426998 , 7.273266    , -0.6188607 , -0.24082363 , -0.7476734    ,-39.875 , -6.3125 , -26.5625
68664551  , 6.0201936 , 2.3426998 , 7.273266    , -0.61886084 , -0.24082363 , -0.7476735    ,-40.375 , -6.8125 , -25.375
3234864  , 6.4015636 , 2.3018389 , 7.8589406    , -0.6158726 , -0.22145207 , -0.7560819    ,-40.375 , -6.8125 , -25.375
32623291  , 6.4015636 , 2.3018389 , 7.8589406    , -0.6158727 , -0.22145212 , -0.756082    ,-40.625 , -7.0625 , -24.375
244141  , 7.0553403 , 1.9477097 , 7.8861814    , -0.6557414 , -0.18102515 , -0.73296195    ,-40.625 , -7.0625 , -24.375
213623  , 7.0553403 , 1.9477097 , 7.8861814    , -0.6557414 , -0.18102513 , -0.7329619    ,-41.125 , -6.8125 , -24.125
213623  , 7.0553403 , 1.7297841 , 7.5865335    , -0.6717073 , -0.164685 , -0.72227985    ,-41.125 , -6.8125 , -24.125
40832518  , 7.0553403 , 1.7297841 , 7.5865335    , -0.6717074 , -0.16468501 , -0.72227985    ,-41.375 , -6.0625 , -23.625
244140  , 5.7477865 , 2.6423476 , 6.66035    , -0.6257238 , -0.28765512 , -0.7250686    ,-41.375 , -6.0625 , -23.625
213623  , 5.7477865 , 2.6423476 , 6.66035    , -0.6257238 , -0.2876551 , -0.7250685    ,-41.375 , -6.0625 , -23.875
213623  , 5.6660647 , 2.4108016 , 6.742072    , -0.6205431 , -0.26402915 , -0.73838663    ,-41.375 , -6.0625 , -23.875
37719726  , 5.6660647 , 2.4108016 , 6.742072    , -0.62054324 , -0.2640292 , -0.73838675    ,-41.875 , -5.5625 , -24.125
244141  , 6.0882955 , 1.9885708 , 6.891896    , -0.6471056 , -0.21135885 , -0.7325177    ,-41.875 , -5.5625 , -24.125
26306152  , 6.0882955 , 1.9885708 , 6.891896    , -0.6471055 , -0.21135885 , -0.7325176    ,-42.125 , -5.0625 , -23.875
366211  , 5.9793324 , 1.9477097 , 6.782933    , -0.64644575 , -0.21057346 , -0.7333258    ,-42.125 , -5.0625 , -23.875
18463133  , 5.9793324 , 1.9477097 , 6.782933    , -0.6464458 , -0.21057346 , -0.73332584    ,-42.375 , -4.3125 , -23.875
3204346  , 6.469665 , 2.070293 , 7.0553403    , -0.66058105 , -0.21138594 , -0.720381    ,-42.375 , -4.3125 , -23.875
17242431  , 6.469665 , 2.070293 , 7.0553403    , -0.660581 , -0.21138595 , -0.720381    ,-42.625 , -3.375 , -23.625
366211  , 6.891896 , 2.3699405 , 6.469665    , -0.70719993 , -0.24318737 , -0.66387343    ,-42.625 , -3.375 , -23.625
47485349  , 6.891896 , 2.3699405 , 6.469665    , -0.7072 , -0.2431873 , -0.66387343    ,-42.875 , -2.375 , -22.9375
1098632  , 8.117727 , 2.7921712 , 7.0553403    , -0.73055166 , -0.25128034 , -0.63494253    ,-42.875 , -2.375 , -22.9375
29449464  , 8.117727 , 2.7921712 , 7.0553403    , -0.7305518 , -0.2512804 , -0.63494265    ,-43.625 , -1.375 , -22.1875
244141  , 10.18802 , 3.5276701 , 8.499097    , -0.74210113 , -0.25695747 , -0.619079    ,-43.625 , -1.375 , -22.1875
25421143  , 10.18802 , 3.5276701 , 8.499097    , -0.74210113 , -0.25695747 , -0.619079    ,-44.4375 , -0.625 , -21.6875
1556396  , 13.484144 , 3.7864566 , 9.724928    , -0.7908166 , -0.2220677 , -0.5703465    ,-44.4375 , -0.625 , -21.6875
29602052  , 13.484144 , 3.7864566 , 9.724928    , -0.79081666 , -0.22206771 , -0.5703466    ,-45.6875 , 0.125 , -20.5
823976  , 17.120777 , 4.862464 , 10.337844    , -0.8318161 , -0.23624372 , -0.50226605    ,-45.6875 , 0.125 , -20.5
25360108  , 17.120777 , 4.862464 , 10.337844    , -0.83181596 , -0.2362437 , -0.502266    ,-46.1875 , -0.375 , -18.75
213623  , 19.109348 , 6.238119 , 12.340035    , -0.8101563 , -0.2644701 , -0.5231658    ,-46.1875 , -0.375 , -18.75
25573732  , 19.109348 , 6.238119 , 12.340035    , -0.81015635 , -0.26447004 , -0.5231658    ,-46.4375 , -2.625 , -16.0625
1678467  , 19.57244 , 5.6660647 , 13.593107    , -0.7990699 , -0.23132437 , -0.554956    ,-46.4375 , -2.625 , -16.0625
21545411  , 19.57244 , 5.6660647 , 13.593107    , -0.7990699 , -0.23132432 , -0.55495596    ,-46.4375 , -6.3125 , -12.4375
244140  , 19.340895 , 4.3312707 , 13.484144    , -0.80681515 , -0.18068112 , -0.5624978    ,-46.4375 , -6.3125 , -12.4375
49865723  , 19.340895 , 4.3312707 , 13.484144    , -0.8068151 , -0.18068114 , -0.56249774    ,-44.4375 , -12.75 , -8.75
244140  , 17.120777 , 3.255263 , 10.923519    , -0.83240026 , -0.15826863 , -0.5310939    ,-44.4375 , -12.75 , -8.75
24597169  , 17.120777 , 3.255263 , 10.923519    , -0.8324002 , -0.15826859 , -0.53109384    ,-40.625 , -20.1875 , -3.625
274658  , 13.565866 , 1.334794 , 8.853226    , -0.8346147 , -0.08212075 , -0.5446782    ,-40.625 , -20.1875 , -3.625
25207520  , 13.565866 , 1.334794 , 8.853226    , -0.83461475 , -0.08212072 , -0.5446783    ,-34.0 , -27.375 , 2.75
274658  , 9.656827 , -0.84446156 , 8.076866    , -0.76534724 , 0.06692739 , -0.6401282    ,-34.0 , -27.375 , 2.75
31005860  , 9.656827 , -0.84446156 , 8.076866    , -0.76534724 , 0.06692734 , -0.6401282    ,-24.375 , -34.3125 , 8.875
213623  , 5.8976107 , -3.2961242 , 4.7943625    , -0.71188897 , 0.39786863 , -0.57871807    ,-24.375 , -34.3125 , 8.875
20477294  , 5.8976107 , -3.2961242 , 4.7943625    , -0.7118891 , 0.39786872 , -0.57871807    ,-13.4375 , -37.5625 , 15.4375
274658  , 2.3699405 , -5.706926 , 2.4925237    , -0.35567576 , 0.8564836 , -0.3740728    ,-13.4375 , -37.5625 , 15.4375
23071288  , 2.3699405 , -5.706926 , 2.4925237    , -0.35567582 , 0.8564837 , -0.37407285    ,-2.5625 , -37.8125 , 20.8125
244140  , -3.0645783 , -5.134871 , 2.4925237    , 0.4730369 , 0.79259956 , -0.3847367    ,-2.5625 , -37.8125 , 20.8125
76446532  , -3.0645783 , -5.134871 , 2.4925237    , 0.4730369 , 0.7925996 , -0.38473672    ,7.125 , -35.3125 , 24.5
274658  , -4.7943625 , -5.597963 , 1.1168685    , 0.6431448 , 0.75094455 , -0.14982352    ,7.125 , -35.3125 , 24.5
20263671  , -4.7943625 , -5.597963 , 1.1168685    , 0.6431447 , 0.7509445 , -0.14982347    ,14.4375 , -31.375 , 27.9375
488281  , -5.8158884 , -5.938472 , -2.8738933    , 0.66128385 , 0.675222 , 0.3267703    ,14.4375 , -31.375 , 27.9375
244140  , -5.8158884 , -5.938472 , -2.8738933    , 0.66128397 , 0.6752221 , 0.3267703    ,19.0625 , -27.125 , 29.875
6530762  , -7.8180795 , -5.597963 , -1.920469    , 0.797316 , 0.57090056 , 0.19585644    ,19.0625 , -27.125 , 29.875
42297361  , -7.8180795 , -5.597963 , -1.920469    , 0.797316 , 0.57090044 , 0.19585638    ,21.8125 , -24.9375 , 31.125
2899171  , -9.425281 , -6.973618 , -0.95342433    , 0.80124164 , 0.59282625 , 0.081050456    ,21.8125 , -24.9375 , 31.125
22735596  , -9.425281 , -6.973618 , -0.95342433    , 0.8012417 , 0.5928262 , 0.08105044    ,22.8125 , -24.4375 , 30.625
244141  , -9.575105 , -10.269742 , -2.6832085    , 0.6698172 , 0.7184099 , 0.18770128    ,22.8125 , -24.4375 , 30.625
34667970  , -9.575105 , -10.269742 , -2.6832085    , 0.6698174 , 0.71841 , 0.1877013    ,21.3125 , -26.125 , 28.6875
244140  , -8.308413 , -12.789507 , -1.7297841    , 0.5412981 , 0.8332441 , 0.11269651    ,21.3125 , -26.125 , 28.6875
5889894  , -8.308413 , -12.789507 , -1.7297841    , 0.54129815 , 0.8332442 , 0.1126965    ,16.5 , -30.625 , 25.5
305175  , -1.525479 , -13.525005 , 1.9885708    , 0.11090146 , 0.98326033 , -0.14456798    ,16.5 , -30.625 , 25.5
36987306  , -1.525479 , -13.525005 , 1.9885708    , 0.11090149 , 0.9832604 , -0.144568    ,6.875 , -34.5625 , 21.3125
305176  , 4.944186 , -14.1787815 , 1.6480621    , -0.3272939 , 0.93860316 , -0.109097965    ,6.875 , -34.5625 , 21.3125
39154054  , 4.944186 , -14.1787815 , 1.6480621    , -0.327294 , 0.9386034 , -0.109098    ,-6.875 , -36.3125 , 17.4375
274659  , 12.762266 , -13.252599 , 5.6660647    , -0.6629314 , 0.6884015 , -0.29432175    ,-6.875 , -36.3125 , 17.4375
39916992  , 12.762266 , -13.252599 , 5.6660647    , -0.66293144 , 0.6884016 , -0.29432175    ,-22.5625 , -30.375 , 13.25
396728  , 19.272793 , -17.311462 , 9.234595    , -0.700757 , 0.62944317 , -0.33576903    ,-22.5625 , -30.375 , 13.25
39550781  , 19.272793 , -17.311462 , 9.234595    , -0.7007571 , 0.6294433 , -0.3357691    ,-35.0 , -16.75 , 9.125
396728  , 19.57244 , -14.47843 , 6.6331096    , -0.7756688 , 0.5737898 , -0.2628745    ,-35.0 , -16.75 , 9.125
38330079  , 19.57244 , -14.47843 , 6.6331096    , -0.7756687 , 0.5737898 , -0.2628745    ,-41.125 , 0.125 , 7.125
427246  , 19.57244 , -3.445948 , 10.923519    , -0.86306983 , 0.15195315 , -0.48168546    ,-41.125 , 0.125 , 7.125
39520264  , 19.57244 , -3.445948 , 10.923519    , -0.8630698 , 0.15195313 , -0.48168543    ,-43.375 , 15.25 , 4.9375
427246  , 19.57244 , -3.255263 , 9.384419    , -0.8917366 , 0.14831248 , -0.427562    ,-43.375 , 15.25 , 4.9375
39154053  , 19.57244 , -3.255263 , 9.384419    , -0.8917367 , 0.14831252 , -0.427562    ,-42.875 , 22.9375 , 3.5
396729  , 19.57244 , -3.3642259 , 2.2201166    , -0.97944593 , 0.16835293 , -0.11109931    ,-42.875 , 22.9375 , 3.5
40649413  , 19.57244 , -3.3642259 , 2.2201166    , -0.9794458 , 0.1683529 , -0.11109929    ,-43.125 , 22.6875 , 3.5
1586914  , 19.57244 , -6.1700177 , 7.246025    , -0.89931977 , 0.28350163 , -0.3329423    ,-43.125 , 22.6875 , 3.5
39123534  , 19.57244 , -6.1700177 , 7.246025    , -0.8993199 , 0.28350165 , -0.33294237    ,-45.1875 , 15.75 , 2.75
427246  , 18.727978 , -8.62168 , 7.3958488    , -0.8550172 , 0.39361885 , -0.33765402    ,-45.1875 , 15.75 , 2.75
39978026  , 18.727978 , -8.62168 , 7.3958488    , -0.85501707 , 0.39361876 , -0.337654    ,-46.125 , 5.0 , 4.25
457763  , 12.108489 , -7.205164 , 3.486809    , -0.83420014 , 0.49639136 , -0.24021965    ,-46.125 , 5.0 , 4.25
54687500  , 12.108489 , -7.205164 , 3.486809    , -0.8342002 , 0.49639136 , -0.24021964    ,-41.5 , -9.25 , 7.5
244141  , 3.9499009 , -7.5456724 , 3.173541    , -0.4345794 , 0.83019656 , -0.34916207    ,-41.5 , -9.25 , 7.5
39764406  , 3.9499009 , -7.5456724 , 3.173541    , -0.4345795 , 0.8301967 , -0.34916216    ,-33.625 , -22.625 , 11.1875
213623  , -0.7627395 , -6.3198414 , 0.61291564    , 0.11926858 , 0.9882254 , -0.09584083    ,-33.625 , -22.625 , 11.1875
39245607  , -0.7627395 , -6.3198414 , 0.61291564    , 0.1192686 , 0.9882256 , -0.095840834    ,-22.25 , -33.875 , 14.6875
305176  , -3.445948 , -3.5957718 , 0.42223078    , 0.68943226 , 0.7194076 , -0.08447592    ,-22.25 , -33.875 , 14.6875
40466309  , -3.445948 , -3.5957718 , 0.42223078    , 0.6894323 , 0.7194077 , -0.08447592    ,-10.3125 , -40.0625 , 17.9375
457764  , -5.09401 , -1.7570249 , -0.040861044    , 0.94531894 , 0.32605922 , 0.0075827762    ,-10.3125 , -40.0625 , 17.9375
84930420  , -5.09401 , -1.7570249 , -0.040861044    , 0.9453188 , 0.32605916 , 0.0075827837    ,-1.1875 , -41.5625 , 20.125
335693  , -7.43671 , -1.56634 , -1.4573772    , 0.96102035 , 0.2024127 , 0.18833181    ,-1.1875 , -41.5625 , 20.125
244140  , -7.43671 , -1.56634 , -1.4573772    , 0.96102023 , 0.2024127 , 0.18833181    ,5.375 , -41.5625 , 21.5625
244140  , -8.689782 , -2.3699405 , -0.84446156    , 0.9605513 , 0.26196855 , 0.09334511    ,5.375 , -41.5625 , 21.5625
11474609  , -8.689782 , -2.3699405 , -0.84446156    , 0.9605515 , 0.26196858 , 0.09334512    ,8.1875 , -40.5625 , 22.5625
244141  , -9.234595 , -3.568531 , -0.42223078    , 0.93192995 , 0.36012635 , 0.042610377    ,8.1875 , -40.5625 , 22.5625
39550781  , -9.234595 , -3.568531 , -0.42223078    , 0.93192977 , 0.3601263 , 0.042610347    ,8.6875 , -40.8125 , 22.5625
244141  , -9.847511 , -4.7535014 , -1.0351465    , 0.8965602 , 0.4327794 , 0.09424421    ,8.6875 , -40.8125 , 22.5625
29266357  , -9.847511 , -4.7535014 , -1.0351465    , 0.8965602 , 0.4327794 , 0.09424423    ,6.6875 , -41.0625 , 21.8125
244141  , -9.466142 , -8.853226 , -1.4165162    , 0.72603285 , 0.67902356 , 0.108643755    ,6.6875 , -41.0625 , 21.8125
39672851  , -9.466142 , -8.853226 , -1.4165162    , 0.7260328 , 0.6790234 , 0.10864377    ,1.125 , -41.25 , 21.4375
335693  , -5.6252036 , -14.015338 , 0.46309182    , 0.37230396 , 0.9276047 , -0.030649707    ,1.125 , -41.25 , 21.4375
39550781  , -5.6252036 , -14.015338 , 0.46309182    , 0.37230396 , 0.92760473 , -0.030649737    ,-7.25 , -40.75 , 20.0625
427246  , 5.7886477 , -17.079916 , 1.607201    , -0.31971475 , 0.94334656 , -0.088767834    ,-7.25 , -40.75 , 20.0625
39154051  , 5.7886477 , -17.079916 , 1.607201    , -0.31971473 , 0.94334656 , -0.08876785    ,-19.1875 , -34.8125 , 16.5625
396728  , 17.883516 , -15.009624 , 7.668256    , -0.72772366 , 0.61077803 , -0.31203994    ,-19.1875 , -34.8125 , 16.5625
52154539  , 17.883516 , -15.009624 , 7.668256    , -0.72772354 , 0.61077785 , -0.3120399    ,-30.9375 , -23.6875 , 9.8125
244141  , 19.57244 , -7.6954966 , 13.375181    , -0.7852907 , 0.30876076 , -0.5366426    ,-30.9375 , -23.6875 , 9.8125
37658693  , 19.57244 , -7.6954966 , 13.375181    , -0.78529066 , 0.3087608 , -0.5366426    ,-39.0625 , -9.3125 , 3.75
213623  , 19.57244 , -4.944186 , 7.9270425    , -0.90246046 , 0.2279702 , -0.3655059    ,-39.0625 , -9.3125 , 3.75
36956789  , 19.57244 , -4.944186 , 7.9270425    , -0.9024605 , 0.22797024 , -0.36550596    ,-43.125 , 5.5625 , 0.0625
366211  , 19.57244 , -2.6423476 , 16.821129    , -0.75445485 , 0.101854034 , -0.64840066    ,-43.125 , 5.5625 , 0.0625
49011232  , 19.57244 , -2.6423476 , 16.821129    , -0.7544548 , 0.10185401 , -0.64840066    ,-42.625 , 15.75 , -1.625
244140  , 19.57244 , 1.1168685 , 11.454713    , -0.8620143 , -0.04918942 , -0.5044914    ,-42.625 , 15.75 , -1.625
34515381  , 19.57244 , 1.1168685 , 11.454713    , -0.8620143 , -0.049189433 , -0.5044914    ,-41.625 , 20.1875 , 0.0625
213623  , 19.57244 , -2.3699405 , 4.3312707    , -0.9696257 , 0.117407694 , -0.21457273    ,-41.625 , 20.1875 , 0.0625
33843995  , 19.57244 , -2.3699405 , 4.3312707    , -0.9696257 , 0.11740772 , -0.21457273    ,-42.125 , 20.4375 , 2.0
5889893  , 19.57244 , -4.5628166 , 6.851035    , -0.92179716 , 0.21489361 , -0.32266113    ,-42.125 , 20.4375 , 2.0
30639649  , 19.57244 , -4.5628166 , 6.851035    , -0.9217974 , 0.21489364 , -0.32266116    ,-43.9375 , 16.75 , 2.5
244140  , 19.381754 , -6.932757 , 8.117727    , -0.8759244 , 0.3133138 , -0.36686647    ,-43.9375 , 16.75 , 2.5
36773682  , 19.381754 , -6.932757 , 8.117727    , -0.8759243 , 0.31331375 , -0.36686644    ,-45.6875 , 9.3125 , 4.4375
244140  , 15.785983 , -6.973618 , 8.240311    , -0.82544947 , 0.3646507 , -0.43088612    ,-45.6875 , 9.3125 , 4.4375
29296874  , 15.785983 , -6.973618 , 8.240311    , -0.8254497 , 0.36465076 , -0.43088612    ,-45.6875 , -0.625 , 7.875
213623  , 9.697687 , -6.932757 , 6.3607025    , -0.7177236 , 0.51309186 , -0.4707542    ,-45.6875 , -0.625 , 7.875
38696289  , 9.697687 , -6.932757 , 6.3607025    , -0.7177237 , 0.51309186 , -0.47075424    ,-42.375 , -11.75 , 12.0625
213623  , 3.636633 , -6.0474343 , 3.336985    , -0.46588278 , 0.7747264 , -0.4274954    ,-42.375 , -11.75 , 12.0625
39642333  , 3.636633 , -6.0474343 , 3.336985    , -0.4658828 , 0.77472645 , -0.42749545    ,-35.25 , -22.4375 , 16.4375
305176  , -0.38136974 , -5.012288 , 0.7627395    , 0.075009085 , 0.9858338 , -0.1500182    ,-35.25 , -22.4375 , 16.4375
39611816  , -0.38136974 , -5.012288 , 0.7627395    , 0.075009085 , 0.98583364 , -0.15001816    ,-26.875 , -30.125 , 19.875
366211  , -3.2961242 , -3.718355 , -1.1441092    , 0.64642835 , 0.72923523 , 0.22438008    ,-26.875 , -30.125 , 19.875
40771482  , -3.2961242 , -3.718355 , -1.1441092    , 0.6464284 , 0.7292355 , 0.22438017    ,-17.75 , -34.8125 , 23.3125
427247  , -5.366417 , -2.7240696 , -2.3018389    , 0.83285433 , 0.4227687 , 0.3572396    ,-17.75 , -34.8125 , 23.3125
37902830  , -5.366417 , -2.7240696 , -2.3018389    , 0.8328544 , 0.42276865 , 0.35723954    ,-10.6875 , -36.8125 , 25.75
457763  , -8.580819 , -2.4925237 , -3.405087    , 0.8973583 , 0.26066124 , 0.35609463    ,-10.6875 , -36.8125 , 25.75
50323488  , -8.580819 , -2.4925237 , -3.405087    , 0.8973586 , 0.2606613 , 0.3560947    ,-5.3125 , -37.3125 , 27.4375
274658  , -10.038197 , -3.718355 , -4.140586    , 0.8745878 , 0.32396537 , 0.36075264    ,-5.3125 , -37.3125 , 27.4375
17700196  , -10.038197 , -3.718355 , -4.140586    , 0.874588 , 0.32396543 , 0.3607527    ,-2.0 , -37.0625 , 28.1875
244140  , -9.575105 , -5.284695 , -2.6832085    , 0.8502886 , 0.46929157 , 0.23827432    ,-2.0 , -37.0625 , 28.1875
38635256  , -9.575105 , -5.284695 , -2.6832085    , 0.85028875 , 0.46929163 , 0.23827432    ,-1.75 , -37.8125 , 26.6875
274658  , -8.349273 , -7.7363577 , -1.3756552    , 0.7282187 , 0.67476064 , 0.11998381    ,-1.75 , -37.8125 , 26.6875
33874512  , -8.349273 , -7.7363577 , -1.3756552    , 0.72821856 , 0.67476046 , 0.11998382    ,-4.5625 , -39.0625 , 23.5625
335694  , -4.2086873 , -12.026767 , 0.53119355    , 0.3300162 , 0.9430559 , -0.04165253    ,-4.5625 , -39.0625 , 23.5625
35766603  , -4.2086873 , -12.026767 , 0.53119355    , 0.3300162 , 0.943056 , -0.04165253    ,-11.4375 , -39.5 , 18.875
427246  , 3.6774938 , -14.246883 , 5.012288    , -0.23658374 , 0.916543 , -0.32245496    ,-11.4375 , -39.5 , 18.875
39123536  , 3.6774938 , -14.246883 , 5.012288    , -0.23658372 , 0.9165429 , -0.32245487    ,-21.8125 , -35.5625 , 11.8125
14282226  , 17.2025 , -13.0619135 , 12.4489975    , -0.6900254 , 0.52393854 , -0.4993533    ,-21.8125 , -35.5625 , 11.8125
89416504  , 17.2025 , -13.0619135 , 12.4489975    , -0.6900253 , 0.5239384 , -0.49935323    ,-31.75 , -21.6875 , 5.1875
213623  , 19.57244 , -8.349273 , 17.965239    , -0.70281774 , 0.29981017 , -0.6451056    ,-31.75 , -21.6875 , 5.1875
35247802  , 19.57244 , -8.349273 , 17.965239    , -0.7028178 , 0.2998102 , -0.64510554    ,-36.8125 , -3.5625 , 1.5
305176  , 19.57244 , -5.366417 , 10.760075    , -0.8520571 , 0.23361899 , -0.46842387    ,-36.8125 , -3.5625 , 1.5
39306640  , 19.57244 , -5.366417 , 10.760075    , -0.85205716 , 0.23361905 , -0.4684239    ,-39.3125 , 14.0 , -1.1875
427246  , 19.57244 , -5.407278 , 5.407278    , -0.9314323 , 0.25732678 , -0.25732678    ,-39.3125 , 14.0 , -1.1875
38909911  , 19.57244 , -5.407278 , 5.407278    , -0.93143237 , 0.25732684 , -0.25732684    ,-39.0625 , 25.375 , -0.6875
457764  , 19.57244 , -8.499097 , 6.891896    , -0.8728539 , 0.37902632 , -0.30735144    ,-39.0625 , 25.375 , -0.6875
38879394  , 19.57244 , -8.499097 , 6.891896    , -0.87285393 , 0.37902635 , -0.3073515    ,-39.3125 , 25.375 , 1.0625
518799  , 19.57244 , -11.114203 , 11.114203    , -0.77970326 , 0.44275427 , -0.4427542    ,-39.3125 , 25.375 , 1.0625
39581299  , 19.57244 , -11.114203 , 11.114203    , -0.77970344 , 0.44275436 , -0.44275436    ,-42.875 , 18.1875 , 3.0
549317  , 17.079916 , -10.228881 , 8.471856    , -0.7894133 , 0.47276664 , -0.39155903    ,-42.875 , 18.1875 , 3.0
37506105  , 17.079916 , -10.228881 , 8.471856    , -0.78941333 , 0.4727667 , -0.39155906    ,-44.6875 , 7.0625 , 6.6875
244141  , 8.812365 , -7.082581 , 3.405087    , -0.7463409 , 0.59984124 , -0.2883852    ,-44.6875 , 7.0625 , 6.6875
40496827  , 8.812365 , -7.082581 , 3.405087    , -0.74634093 , 0.59984124 , -0.28838524    ,-42.375 , -6.3125 , 11.0625
274659  , 3.568531 , -8.076866 , 2.3018389    , -0.39106485 , 0.88512003 , -0.25225174    ,-42.375 , -6.3125 , 11.0625
38940431  , 3.568531 , -8.076866 , 2.3018389    , -0.39106485 , 0.88512003 , -0.25225174    ,-36.0625 , -19.6875 , 15.6875
488281  , -1.8387469 , -8.539958 , 0.313268    , 0.21035206 , 0.9769685 , -0.03583777    ,-36.0625 , -19.6875 , 15.6875
39276123  , -1.8387469 , -8.539958 , 0.313268    , 0.2103521 , 0.97696865 , -0.03583777    ,-25.625 , -30.625 , 19.375
488281  , -5.9793324 , -4.099725 , 0.5720546    , 0.8221984 , 0.5637397 , -0.07866137    ,-25.625 , -30.625 , 19.375
37963867  , -5.9793324 , -4.099725 , 0.5720546    , 0.8221984 , 0.56373966 , -0.07866134    ,-15.0 , -37.3125 , 21.8125
488281  , -7.8180795 , -1.1849703 , 1.2666923    , 0.9762611 , 0.14796989 , -0.1581747    ,-15.0 , -37.3125 , 21.8125
42510986  , -7.8180795 , -1.1849703 , 1.2666923    , 0.976261 , 0.14796989 , -0.15817468    ,-5.8125 , -40.0 , 23.75
1312256  , -8.771504 , -1.920469 , -1.920469    , 0.9552562 , 0.2091477 , 0.20914774    ,-5.8125 , -40.0 , 23.75
35217286  , -8.771504 , -1.920469 , -1.920469    , 0.9552562 , 0.20914772 , 0.20914772    ,1.75 , -40.0 , 25.0
640870  , -8.008764 , -6.0474343 , -1.920469    , 0.7838181 , 0.5918627 , 0.18795636    ,1.75 , -40.0 , 25.0
41046142  , -8.008764 , -6.0474343 , -1.920469    , 0.7838181 , 0.5918627 , 0.1879564    ,6.0625 , -39.0625 , 25.25
488282  , -8.962189 , -10.269742 , -2.9556155    , 0.6425803 , 0.7363306 , 0.21191478    ,6.0625 , -39.0625 , 25.25
33477783  , -8.962189 , -10.269742 , -2.9556155    , 0.6425803 , 0.7363306 , 0.21191473    ,6.625 , -39.75 , 24.0
244141  , -5.706926 , -12.108489 , -0.9942854    , 0.42516476 , 0.90207994 , 0.07407406    ,6.625 , -39.75 , 24.0
114501949  , -5.706926 , -12.108489 , -0.9942854    , 0.4251648 , 0.90207994 , 0.074074045    ,2.3125 , -40.75 , 21.0625
305176  , 3.486809 , -13.988097 , 1.7570249    , -0.24009198 , 0.9631815 , -0.12098385    ,2.3125 , -40.75 , 21.0625
5035400  , 3.486809 , -13.988097 , 1.7570249    , -0.24009198 , 0.9631815 , -0.120983854    ,-10.6875 , -37.0625 , 16.1875
305176  , 17.883516 , -18.38747 , 1.3075534    , -0.6963107 , 0.7159326 , -0.05091074    ,-10.6875 , -37.0625 , 16.1875
244141  , 17.883516 , -18.38747 , 1.3075534    , -0.69631076 , 0.71593255 , -0.050910756    ,-24.875 , -27.125 , 12.0625
244140  , 19.57244 , -13.565866 , 3.3778462    , -0.8137382 , 0.5640106 , -0.14043638    ,-24.875 , -27.125 , 12.0625
34484863  , 19.57244 , -13.565866 , 3.3778462    , -0.8137381 , 0.56401056 , -0.14043638    ,-35.5625 , -11.5 , 9.8125
244140  , 19.57244 , -14.137921 , 8.390134    , -0.76572037 , 0.55310917 , -0.32824206    ,-35.5625 , -11.5 , 9.8125
33020020  , 19.57244 , -14.137921 , 8.390134    , -0.7657203 , 0.55310905 , -0.328242    ,-39.875 , 7.5625 , 8.375
244141  , 19.57244 , -13.293459 , 6.1700177    , -0.80046666 , 0.5436712 , -0.2523392    ,-39.875 , 7.5625 , 8.375
39306641  , 19.57244 , -13.293459 , 6.1700177    , -0.80046666 , 0.54367113 , -0.25233918    ,-37.0625 , 22.4375 , 8.125
274658  , 19.57244 , -9.152874 , 5.5162406    , -0.87769276 , 0.41044506 , -0.24736643    ,-37.0625 , 22.4375 , 8.125
32714844  , 19.57244 , -9.152874 , 5.5162406    , -0.87769294 , 0.41044515 , -0.24736646    ,-33.5 , 30.875 , 6.9375
213623  , 19.57244 , -5.366417 , 2.9147544    , -0.9546116 , 0.26173764 , -0.14216205    ,-33.5 , 30.875 , 6.9375
37506105  , 19.57244 , -5.366417 , 2.9147544    , -0.95461184 , 0.26173767 , -0.14216208    ,-32.5 , 33.8125 , 5.1875
274658  , 19.57244 , -8.471856 , 1.0351465    , -0.91663957 , 0.39676392 , -0.048479192    ,-32.5 , 33.8125 , 5.1875
40649415  , 19.57244 , -8.471856 , 1.0351465    , -0.9166396 , 0.39676395 , -0.04847922    ,-35.0 , 31.875 , 4.1875
366210  , 19.57244 , -9.00305 , 4.440233    , -0.88979334 , 0.40929258 , -0.20185985    ,-35.0 , 31.875 , 4.1875
37872315  , 19.57244 , -9.00305 , 4.440233    , -0.88979346 , 0.40929264 , -0.20185994    ,-38.8125 , 26.375 , 4.9375
335694  , 19.57244 , -9.343558 , 6.891896    , -0.8600627 , 0.4105797 , -0.30284745    ,-38.8125 , 26.375 , 4.9375
32501221  , 19.57244 , -9.343558 , 6.891896    , -0.8600628 , 0.41057968 , -0.30284742    ,-42.375 , 17.9375 , 8.125
335693  , 19.531578 , -10.337844 , 4.6036777    , -0.8652567 , 0.45797068 , -0.20394479    ,-42.375 , 17.9375 , 8.125
35522461  , 19.531578 , -10.337844 , 4.6036777    , -0.8652569 , 0.45797068 , -0.20394482    ,-42.625 , 6.8125 , 13.0
244141  , 14.709975 , -6.510526 , 7.273266    , -0.83322823 , 0.36878067 , -0.4119851    ,-42.625 , 6.8125 , 13.0
31646728  , 14.709975 , -6.510526 , 7.273266    , -0.8332281 , 0.3687806 , -0.41198504    ,-39.875 , -5.8125 , 18.375
274659  , 9.234595 , -6.742072 , 6.4424243    , -0.7036445 , 0.5137228 , -0.49089062    ,-39.875 , -5.8125 , 18.375
36895752  , 9.234595 , -6.742072 , 6.4424243    , -0.70364434 , 0.51372266 , -0.49089056    ,-32.0 , -18.1875 , 22.8125
305176  , 4.1814466 , -8.662541 , 2.3699405    , -0.4220869 , 0.87442124 , -0.23922849    ,-32.0 , -18.1875 , 22.8125
43395995  , 4.1814466 , -8.662541 , 2.3699405    , -0.4220869 , 0.87442124 , -0.23922841    ,-20.3125 , -28.625 , 25.75
396729  , 0.88532263 , -8.812365 , 1.6889231    , -0.09819114 , 0.9773793 , -0.18731847    ,-20.3125 , -28.625 , 25.75
36346435  , 0.88532263 , -8.812365 , 1.6889231    , -0.09819113 , 0.9773793 , -0.18731844    ,-7.125 , -34.0625 , 27.4375
549316  , -4.4810944 , -8.076866 , 1.2666923    , 0.48064348 , 0.86632705 , -0.13586578    ,-7.125 , -34.0625 , 27.4375
37994385  , -4.4810944 , -8.076866 , 1.2666923    , 0.48064345 , 0.86632705 , -0.13586576    ,4.8125 , -35.3125 , 29.375
244141  , -6.8237944 , -6.66035 , -1.7570249    , 0.7037773 , 0.6869203 , 0.18121213    ,4.8125 , -35.3125 , 29.375
29113771  , -6.8237944 , -6.66035 , -1.7570249    , 0.7037773 , 0.68692034 , 0.18121216    ,13.6875 , -33.5625 , 31.125
244141  , -8.19945 , -6.742072 , -3.255263    , 0.7384697 , 0.6072134 , 0.2931798    ,13.6875 , -33.5625 , 31.125
45104982  , -8.19945 , -6.742072 , -3.255263    , 0.7384697 , 0.6072135 , 0.2931799    ,18.25 , -30.375 , 32.0625
488281  , -9.343558 , -8.049625 , -3.336985    , 0.73131925 , 0.6300433 , 0.26118547    ,18.25 , -30.375 , 32.0625
34515383  , -9.343558 , -8.049625 , -3.336985    , 0.7313192 , 0.63004327 , 0.26118547    ,18.75 , -29.375 , 32.5625
488281  , -8.349273 , -9.112013 , -2.2609777    , 0.66454554 , 0.7252545 , 0.1799585    ,18.75 , -29.375 , 32.5625
38848878  , -8.349273 , -9.112013 , -2.2609777    , 0.66454566 , 0.7252544 , 0.17995848    ,16.75 , -30.375 , 31.125
2075196  , -4.903325 , -9.847511 , -0.7218784    , 0.44477063 , 0.8932477 , 0.06548011    ,16.75 , -30.375 , 31.125
26580811  , -4.903325 , -9.847511 , -0.7218784    , 0.4447707 , 0.89324784 , 0.06548013    ,11.1875 , -33.5625 , 27.9375
244141  , 0.08172209 , -10.991621 , 1.56634    , -0.0073603876 , 0.98997176 , -0.14107403    ,11.1875 , -33.5625 , 27.9375
48522950  , 0.08172209 , -10.991621 , 1.56634    , -0.007360383 , 0.98997176 , -0.14107403    ,2.8125 , -37.0625 , 24.25
274658  , 5.5571017 , -12.639683 , 1.3756552    , -0.4004913 , 0.91092134 , -0.099141225    ,2.8125 , -37.0625 , 24.25
30364990  , 5.5571017 , -12.639683 , 1.3756552    , -0.4004913 , 0.9109214 , -0.099141225    ,-10.6875 , -35.8125 , 19.625
213623  , 14.015338 , -13.865514 , 4.7535014    , -0.6910919 , 0.68370414 , -0.23439366    ,-10.6875 , -35.8125 , 19.625
39825439  , 14.015338 , -13.865514 , 4.7535014    , -0.69109195 , 0.6837042 , -0.2343937    ,-24.625 , -27.125 , 15.25
213623  , 19.57244 , -13.906375 , 5.5571017    , -0.79419243 , 0.5642801 , -0.22549099    ,-24.625 , -27.125 , 15.25
39764403  , 19.57244 , -13.906375 , 5.5571017    , -0.7941925 , 0.56428015 , -0.22549099    ,-34.5 , -11.0 , 12.5
366211  , 19.57244 , -6.1700177 , 5.9793324    , -0.9156581 , 0.2886522 , -0.27973136    ,-34.5 , -11.0 , 12.5
39886474  , 19.57244 , -6.1700177 , 5.9793324    , -0.9156584 , 0.28865227 , -0.27973142    ,-40.125 , 5.8125 , 10.0625
427246  , 19.57244 , -6.469665 , 9.507003    , -0.86219686 , 0.28499898 , -0.41879854    ,-40.125 , 5.8125 , 10.0625
38818358  , 19.57244 , -6.469665 , 9.507003    , -0.8621968 , 0.28499892 , -0.41879845    ,-40.625 , 18.1875 , 8.625
427246  , 19.57244 , -4.944186 , 1.1441092    , -0.96799076 , 0.24452376 , -0.056584015    ,-40.625 , 18.1875 , 8.625
38970946  , 19.57244 , -4.944186 , 1.1441092    , -0.9679909 , 0.2445238 , -0.056584023    ,-39.875 , 23.1875 , 7.625
396729  , 19.57244 , -6.8237944 , 2.5606253    , -0.93713343 , 0.326725 , -0.122603394    ,-39.875 , 23.1875 , 7.625
50720215  , 19.57244 , -6.8237944 , 2.5606253    , -0.93713355 , 0.32672507 , -0.1226034    ,-41.375 , 19.6875 , 7.625
366211  , 18.619015 , -9.234595 , 3.568531    , -0.88294363 , 0.4379194 , -0.16922548    ,-41.375 , 19.6875 , 7.625
36499025  , 18.619015 , -9.234595 , 3.568531    , -0.88294363 , 0.43791932 , -0.16922548    ,-43.375 , 10.75 , 9.8125
335693  , 12.639683 , -6.428804 , 2.4516625    , -0.87830275 , 0.44672292 , -0.17036048    ,-43.375 , 10.75 , 9.8125
40130617  , 12.639683 , -6.428804 , 2.4516625    , -0.8783027 , 0.44672292 , -0.17036045    ,-43.125 , -0.375 , 12.75
427246  , 8.662541 , -5.7886477 , 2.9556155    , -0.79988295 , 0.53451294 , -0.27291602    ,-43.125 , -0.375 , 12.75
37536622  , 8.662541 , -5.7886477 , 2.9556155    , -0.7998829 , 0.53451294 , -0.27291602    ,-38.5625 , -14.25 , 16.4375
427246  , 4.7535014 , -3.1054392 , 2.4108016    , -0.7705978 , 0.5034278 , -0.39081895    ,-38.5625 , -14.25 , 16.4375
44311524  , 4.7535014 , -3.1054392 , 2.4108016    , -0.77059764 , 0.50342774 , -0.39081892    ,-29.4375 , -26.375 , 19.375
488281  , 3.636633 , -5.597963 , 2.3426998    , -0.5140379 , 0.7912718 , -0.3311405    ,-29.4375 , -26.375 , 19.375
34332277  , 3.636633 , -5.597963 , 2.3426998    , -0.51403797 , 0.7912719 , -0.3311406    ,-16.5 , -34.3125 , 21.0625
488281  , -1.3756552 , -8.076866 , 0.88532263    , 0.16693075 , 0.9800983 , -0.10743067    ,-16.5 , -34.3125 , 21.0625
39276123  , -1.3756552 , -8.076866 , 0.88532263    , 0.16693074 , 0.98009825 , -0.10743068    ,-3.0625 , -38.5625 , 22.0625
488281  , -5.8976107 , -7.9270425 , -0.95342433    , 0.5941476 , 0.7986003 , 0.09605163    ,-3.0625 , -38.5625 , 22.0625
48919677  , -5.8976107 , -7.9270425 , -0.95342433    , 0.5941476 , 0.7986003 , 0.0960516    ,9.125 , -38.5625 , 22.5625
274658  , -10.7192135 , -12.258313 , -3.214402    , 0.64580595 , 0.7385329 , 0.19365972    ,9.125 , -38.5625 , 22.5625
38238524  , -10.7192135 , -12.258313 , -3.214402    , 0.6458059 , 0.7385328 , 0.19365971    ,17.75 , -37.5625 , 21.8125
335693  , -13.021052 , -18.578154 , -2.2609777    , 0.5711166 , 0.81485677 , 0.09916878    ,17.75 , -37.5625 , 21.8125
41778564  , -13.021052 , -18.578154 , -2.2609777    , 0.5711165 , 0.81485665 , 0.09916875    ,19.3125 , -37.5625 , 20.125
396728  , -2.7240696 , -17.815414 , 0.38136974    , 0.15111469 , 0.98828995 , -0.02115605    ,19.3125 , -37.5625 , 20.125
37048339  , -2.7240696 , -17.815414 , 0.38136974    , 0.15111467 , 0.9882899 , -0.021156065    ,13.9375 , -38.8125 , 17.9375
549316  , 8.076866 , -14.601013 , 0.6537767    , -0.4836769 , 0.87437046 , -0.0391509    ,13.9375 , -38.8125 , 17.9375
42846678  , 8.076866 , -14.601013 , 0.6537767    , -0.483677 , 0.8743706 , -0.03915094    ,-0.5 , -38.3125 , 15.25
518799  , 17.434046 , -15.854085 , 1.56634    , -0.7382064 , 0.67130655 , -0.06632325    ,-0.5 , -38.3125 , 15.25
36346436  , 17.434046 , -15.854085 , 1.56634    , -0.7382064 , 0.6713065 , -0.06632324    ,-18.0 , -28.875 , 12.5
1617432  , 19.57244 , -9.493382 , 3.759216    , -0.88660586 , 0.4300378 , -0.17028758    ,-18.0 , -28.875 , 12.5
41595461  , 19.57244 , -9.493382 , 3.759216    , -0.88660574 , 0.4300377 , -0.17028755    ,-30.6875 , -12.75 , 10.5625
244140  , 19.57244 , -9.615966 , 2.3699405    , -0.8922744 , 0.43837565 , -0.10804157    ,-30.6875 , -12.75 , 10.5625
33935549  , 19.57244 , -9.615966 , 2.3699405    , -0.8922746 , 0.4383757 , -0.1080416    ,-38.0625 , 6.0625 , 8.875
213623  , 19.57244 , -6.0201936 , 3.636633    , -0.9410825 , 0.28946307 , -0.1748567    ,-38.0625 , 6.0625 , 8.875
47149660  , 19.57244 , -6.0201936 , 3.636633    , -0.9410825 , 0.2894631 , -0.17485668    ,-37.8125 , 22.9375 , 7.875
335693  , 19.57244 , -5.202973 , 0.6537767    , -0.96593225 , 0.25677532 , -0.03226494    ,-37.8125 , 22.9375 , 7.875
31951905  , 19.57244 , -5.202973 , 0.6537767    , -0.96593237 , 0.25677538 , -0.032264955    ,-35.5625 , 29.875 , 7.125
244141  , 19.57244 , -8.880466 , -1.7297841    , -0.9077135 , 0.4118505 , 0.080222405    ,-35.5625 , 29.875 , 7.125
38513184  , 19.57244 , -8.880466 , -1.7297841    , -0.90771335 , 0.41185048 , 0.08022241    ,-35.8125 , 29.875 , 6.9375
274659  , 19.340895 , -10.337844 , 1.56634    , -0.8796817 , 0.47019607 , -0.07124181    ,-35.8125 , 29.875 , 6.9375
39398193  , 19.340895 , -10.337844 , 1.56634    , -0.8796818 , 0.4701961 , -0.07124182    ,-38.0625 , 25.875 , 8.125
518799  , 17.311462 , -9.302697 , 2.3018389    , -0.8748907 , 0.4701419 , -0.116330855    ,-38.0625 , 25.875 , 8.125
39184570  , 17.311462 , -9.302697 , 2.3018389    , -0.8748906 , 0.47014183 , -0.11633086    ,-41.625 , 18.9375 , 10.0625
366211  , 14.941522 , -7.3141265 , 2.152015    , -0.8907396 , 0.436032 , -0.12829247    ,-41.625 , 18.9375 , 10.0625
39245605  , 14.941522 , -7.3141265 , 2.152015    , -0.89073956 , 0.43603203 , -0.12829249    ,-42.875 , 9.3125 , 14.0
366211  , 9.193735 , -4.4810944 , 0.92618364    , -0.89524597 , 0.43634945 , -0.09018773    ,-42.875 , 9.3125 , 14.0
39215087  , 9.193735 , -4.4810944 , 0.92618364    , -0.89524585 , 0.43634945 , -0.09018768    ,-41.125 , -2.125 , 17.9375
396728  , 6.4015636 , -0.23154591 , 1.8387469    , -0.960557 , 0.034743547 , -0.27590466    ,-41.125 , -2.125 , 17.9375
40039061  , 6.4015636 , -0.23154591 , 1.8387469    , -0.9605569 , 0.034743533 , -0.27590463    ,-34.0 , -15.5 , 20.625
366211  , 5.597963 , -5.7477865 , 3.636633    , -0.63547885 , 0.6524867 , -0.4128293    ,-34.0 , -15.5 , 20.625
38696288  , 5.597963 , -5.7477865 , 3.636633    , -0.6354788 , 0.6524867 , -0.41282928    ,-21.5625 , -27.125 , 22.0625
366211  , 0.9942854 , -8.008764 , 1.7570249    , -0.12038373 , 0.96966606 , -0.21273288    ,-21.5625 , -27.125 , 22.0625
39611814  , 0.9942854 , -8.008764 , 1.7570249    , -0.12038374 , 0.969666 , -0.21273288    ,-6.875 , -34.0625 , 22.3125
396728  , -3.0645783 , -10.760075 , 1.3075534    , 0.27206534 , 0.9552516 , -0.11608121    ,-6.875 , -34.0625 , 22.3125
39703371  , -3.0645783 , -10.760075 , 1.3075534    , 0.27206534 , 0.9552517 , -0.11608122    ,7.125 , -36.8125 , 22.5625
488282  , -9.724928 , -13.783792 , -0.27240697    , 0.57641786 , 0.8169956 , 0.016146183    ,7.125 , -36.8125 , 22.5625
41473390  , -9.724928 , -13.783792 , -0.27240697    , 0.5764178 , 0.8169956 , 0.016146183    ,17.0 , -35.0625 , 23.0625
488281  , -10.460427 , -16.739407 , -1.1441092    , 0.529049 , 0.8466161 , 0.057864726    ,17.0 , -35.0625 , 23.0625
35400392  , -10.460427 , -16.739407 , -1.1441092    , 0.52904904 , 0.84661615 , 0.05786471    ,20.8125 , -33.8125 , 23.0625
2807617  , -6.701211 , -18.659876 , 0.5720546    , 0.337849 , 0.94075835 , -0.02884075    ,20.8125 , -33.8125 , 23.0625
40069581  , -6.701211 , -18.659876 , 0.5720546    , 0.33784896 , 0.94075835 , -0.02884078    ,16.5 , -35.5625 , 21.5625
793457  , 0.92618364 , -16.780268 , 2.8738933    , -0.05432237 , 0.9841935 , -0.16855912    ,16.5 , -35.5625 , 21.5625
33477784  , 0.92618364 , -16.780268 , 2.8738933    , -0.054322354 , 0.9841934 , -0.1685591    ,5.5625 , -37.8125 , 18.625
274658  , 13.0619135 , -15.704261 , -1.7978859    , -0.63699996 , 0.7658613 , 0.087678835    ,5.5625 , -37.8125 , 18.625
45349121  , 13.0619135 , -15.704261 , -1.7978859    , -0.6369999 , 0.7658612 , 0.08767882    ,-11.1875 , -34.5625 , 15.9375
457764  , 19.57244 , -13.565866 , 8.117727    , -0.77792805 , 0.53919023 , -0.322648    ,-11.1875 , -34.5625 , 15.9375
34057617  , 19.57244 , -13.565866 , 8.117727    , -0.7779281 , 0.53919023 , -0.322648    ,-26.375 , -21.6875 , 12.3125
396729  , 19.57244 , -9.193735 , 0.7627395    , -0.90455574 , 0.42489576 , -0.03525062    ,-26.375 , -21.6875 , 12.3125
38635254  , 19.57244 , -9.193735 , 0.7627395    , -0.90455586 , 0.42489576 , -0.03525062    ,-35.25 , -3.5625 , 9.8125
213623  , 19.57244 , -8.471856 , 4.671779    , -0.8964628 , 0.38803053 , -0.21397829    ,-35.25 , -3.5625 , 9.8125
39031982  , 19.57244 , -8.471856 , 4.671779    , -0.89646274 , 0.38803047 , -0.21397822    ,-38.0625 , 15.5 , 7.625
274658  , 19.57244 , -0.61291564 , 3.5957718    , -0.98307353 , 0.030785188 , -0.18060642    ,-38.0625 , 15.5 , 7.625
39306640  , 19.57244 , -0.61291564 , 3.5957718    , -0.98307335 , 0.030785173 , -0.18060637    ,-35.8125 , 27.375 , 5.1875
335694  , 19.57244 , -9.084772 , -1.0760075    , -0.9059263 , 0.4204961 , 0.04980389    ,-35.8125 , 27.375 , 5.1875
38848876  , 19.57244 , -9.084772 , -1.0760075    , -0.9059263 , 0.4204961 , 0.04980389    ,-35.25 , 29.375 , 5.4375
335693  , 19.57244 , -10.501288 , 4.630918    , -0.8626298 , 0.4628306 , -0.20410171    ,-35.25 , 29.375 , 5.4375
73730467  , 19.57244 , -10.501288 , 4.630918    , -0.86262995 , 0.46283072 , -0.20410171    ,-37.3125 , 25.875 , 6.4375
305176  , 19.272793 , -8.349273 , 4.671779    , -0.8957054 , 0.38803348 , -0.21712151    ,-37.3125 , 25.875 , 6.4375
244140  , 19.272793 , -8.349273 , 4.671779    , -0.89570546 , 0.38803348 , -0.21712153    ,-41.125 , 17.5 , 8.125
213623  , 15.5135765 , -5.597963 , 1.56634    , -0.93642074 , 0.33790073 , -0.09454643    ,-41.125 , 17.5 , 8.125
26428223  , 15.5135765 , -5.597963 , 1.56634    , -0.9364208 , 0.33790073 , -0.094546415    ,-43.375 , 7.3125 , 11.0625
213623  , 11.34575 , -4.903325 , 1.879608    , -0.9075103 , 0.39220133 , -0.15034384    ,-43.375 , 7.3125 , 11.0625
35430910  , 11.34575 , -4.903325 , 1.879608    , -0.9075103 , 0.3922013 , -0.1503438    ,-41.875 , -4.5625 , 12.75
274658  , 7.273266 , -5.8976107 , 2.1792557    , -0.75651896 , 0.61343205 , -0.2266724    ,-41.875 , -4.5625 , 12.75
39825441  , 7.273266 , -5.8976107 , 2.1792557    , -0.756519 , 0.6134321 , -0.22667241    ,-36.8125 , -17.75 , 14.0
305175  , 2.7240696 , -6.1700177 , 0.46309182    , -0.4029401 , 0.91265935 , -0.0684998    ,-36.8125 , -17.75 , 14.0
39886475  , 2.7240696 , -6.1700177 , 0.46309182    , -0.4029401 , 0.9126592 , -0.06849982    ,-26.875 , -28.375 , 15.0
427246  , 0.313268 , -6.8237944 , -0.23154591    , -0.04583356 , 0.9983746 , 0.03387698    ,-26.875 , -28.375 , 15.0
39093018  , 0.313268 , -6.8237944 , -0.23154591    , -0.045833554 , 0.99837434 , 0.033876974    ,-14.75 , -36.5625 , 14.25
488281  , -4.671779 , -5.09401 , 0.08172209    , 0.6758559 , 0.7369391 , -0.0118225515    ,-14.75 , -36.5625 , 14.25
40069580  , -4.671779 , -5.09401 , 0.08172209    , 0.6758559 , 0.736939 , -0.011822581    ,-3.0625 , -41.0 , 14.25
244140  , -5.8158884 , -5.284695 , 0.27240697    , 0.7396525 , 0.6720965 , -0.034644157    ,-3.0625 , -41.0 , 14.25
38238526  , -5.8158884 , -5.284695 , 0.27240697    , 0.73965275 , 0.67209667 , -0.034644157    ,7.375 , -42.0 , 13.75
274659  , -8.580819 , -7.9679036 , -0.8036005    , 0.731074 , 0.6788545 , 0.068465665    ,7.375 , -42.0 , 13.75
40679931  , -8.580819 , -7.9679036 , -0.8036005    , 0.7310741 , 0.6788546 , 0.068465665    ,12.9375 , -41.75 , 14.0
335693  , -10.18802 , -12.53072 , -1.1849703    , 0.6291552 , 0.7738272 , 0.07317716    ,12.9375 , -41.75 , 14.0
37292479  , -10.18802 , -12.53072 , -1.1849703    , 0.6291553 , 0.77382743 , 0.073177174    ,12.9375 , -41.5 , 15.0
518798  , -6.66035 , -14.601013 , -1.3756552    , 0.41350114 , 0.90648925 , 0.08540618    ,12.9375 , -41.5 , 15.0
42541503  , -6.66035 , -14.601013 , -1.3756552    , 0.41350105 , 0.906489 , 0.08540617    ,4.8125 , -41.25 , 14.5
427246  , 4.7943625 , -14.9006605 , -0.5720546    , -0.30608654 , 0.951303 , 0.036521696    ,4.8125 , -41.25 , 14.5
36773681  , 4.7943625 , -14.9006605 , -0.5720546    , -0.30608648 , 0.9513029 , 0.03652168    ,-10.9375 , -35.3125 , 13.0
488281  , 18.659876 , -17.24336 , 1.334794    , -0.7334219 , 0.6777461 , -0.052463755    ,-10.9375 , -35.3125 , 13.0
40069578  , 18.659876 , -17.24336 , 1.334794    , -0.733422 , 0.6777462 , -0.05246377    ,-25.375 , -20.4375 , 11.0625
244141  , 19.57244 , -11.3321295 , 6.1700177    , -0.83490056 , 0.4833941 , -0.26319414    ,-25.375 , -20.4375 , 11.0625
56365967  , 19.57244 , -11.3321295 , 6.1700177    , -0.8349007 , 0.48339412 , -0.2631942    ,-35.0 , -2.125 , 7.875
732422  , 19.57244 , -9.493382 , 5.9793324    , -0.86756957 , 0.42080447 , -0.2650404    ,-35.0 , -2.125 , 7.875
42358400  , 19.57244 , -9.493382 , 5.9793324    , -0.8675698 , 0.42080456 , -0.2650405    ,-37.5625 , 16.5 , 4.9375
213623  , 19.57244 , -10.269742 , -0.9125633    , -0.88475204 , 0.46423316 , 0.04125151    ,-37.5625 , 16.5 , 4.9375
37139894  , 19.57244 , -10.269742 , -0.9125633    , -0.88475204 , 0.46423313 , 0.041251495    ,-34.25 , 29.625 , 4.0
244141  , 19.57244 , -8.158588 , -0.29964766    , -0.92292786 , 0.38471386 , 0.014129721    ,-34.25 , 29.625 , 4.0
38909913  , 19.57244 , -8.158588 , -0.29964766    , -0.9229278 , 0.3847138 , 0.014129721    ,-32.75 , 32.3125 , 3.5
427246  , 19.57244 , -11.264028 , 0.5720546    , -0.86643934 , 0.49863976 , -0.025323913    ,-32.75 , 32.3125 , 3.5
42388917  , 19.57244 , -11.264028 , 0.5720546    , -0.8664392 , 0.49863976 , -0.025323898    ,-34.5 , 29.625 , 4.9375
518798  , 18.850561 , -8.880466 , 2.6423476    , -0.897454 , 0.42278904 , -0.12579921    ,-34.5 , 29.625 , 4.9375
36376953  , 18.850561 , -8.880466 , 2.6423476    , -0.89745414 , 0.42278907 , -0.12579918    ,-38.3125 , 22.9375 , 7.875
488281  , 13.293459 , -5.6660647 , 0.42223078    , -0.91953063 , 0.3919311 , -0.02920638    ,-38.3125 , 22.9375 , 7.875
41931152  , 13.293459 , -5.6660647 , 0.42223078    , -0.9195307 , 0.39193112 , -0.029206403    ,-41.625 , 12.75 , 11.5625
274658  , 8.117727 , -4.5900574 , 0.10896278    , -0.8704218 , 0.49216807 , -0.011683524    ,-41.625 , 12.75 , 11.5625
35430908  , 8.117727 , -4.5900574 , 0.10896278    , -0.8704218 , 0.492168 , -0.011683509    ,-41.375 , 0.125 , 15.25
305175  , 3.6774938 , -2.9147544 , 0.9942854    , -0.7666713 , 0.60765797 , -0.20728521    ,-41.375 , 0.125 , 15.25
52001952  , 3.6774938 , -2.9147544 , 0.9942854    , -0.76667106 , 0.60765785 , -0.20728517    ,-37.8125 , -13.0 , 17.6875
274658  , 1.2666923 , -4.372132 , 3.6774938    , -0.21646059 , 0.7471382 , -0.628434    ,-37.8125 , -13.0 , 17.6875
26245117  , 1.2666923 , -4.372132 , 3.6774938    , -0.21646057 , 0.74713814 , -0.62843394    ,-29.6875 , -24.6875 , 19.375
213623  , -2.1383946 , -3.718355 , 2.7240696    , 0.4208374 , 0.73177457 , -0.53609866    ,-29.6875 , -24.6875 , 19.375
40313719  , -2.1383946 , -3.718355 , 2.7240696    , 0.42083743 , 0.73177457 , -0.5360986    ,-19.8125 , -33.8125 , 19.375
427246  , -4.862464 , -5.175732 , 0.53119355    , 0.682799 , 0.7267889 , -0.07459152    ,-19.8125 , -33.8125 , 19.375
37811279  , -4.862464 , -5.175732 , 0.53119355    , 0.68279874 , 0.72678864 , -0.07459149    ,-9.625 , -39.5 , 18.375
427246  , -9.152874 , -7.04172 , 0.7218784    , 0.79103625 , 0.60857993 , -0.06238827    ,-9.625 , -39.5 , 18.375
38818359  , -9.152874 , -7.04172 , 0.7218784    , 0.79103625 , 0.60857993 , -0.06238824    ,-1.0 , -42.0 , 17.4375
427246  , -11.073342 , -10.800936 , 1.0760075    , 0.7141315 , 0.69656366 , -0.06939283    ,-1.0 , -42.0 , 17.4375
39184572  , -11.073342 , -10.800936 , 1.0760075    , 0.71413136 , 0.69656354 , -0.069392845    ,2.5625 , -43.0 , 16.1875
427246  , -7.8861814 , -14.396708 , -0.10896278    , 0.4804104 , 0.8770187 , 0.006637767    ,2.5625 , -43.0 , 16.1875
38879396  , -7.8861814 , -14.396708 , -0.10896278    , 0.4804104 , 0.87701863 , 0.0066377968    ,-0.0 , -42.5 , 14.75
427246  , 4.140586 , -17.079916 , 2.0294318    , -0.23404476 , 0.9654347 , -0.114712745    ,-0.0 , -42.5 , 14.75
38360597  , 4.140586 , -17.079916 , 2.0294318    , -0.23404476 , 0.9654347 , -0.11471274    ,-11.6875 , -37.0625 , 11.8125
427246  , 17.474907 , -19.6133 , 2.6832085    , -0.66178894 , 0.74277174 , -0.10161527    ,-11.6875 , -37.0625 , 11.8125
39642334  , 17.474907 , -19.6133 , 2.6832085    , -0.66178906 , 0.7427717 , -0.101615295    ,-24.375 , -22.9375 , 8.125
396729  , 19.57244 , -14.982383 , 5.2165933    , -0.77685237 , 0.59466785 , -0.2070525    ,-24.375 , -22.9375 , 8.125
38940430  , 19.57244 , -14.982383 , 5.2165933    , -0.7768522 , 0.59466773 , -0.2070525    ,-32.0 , -3.5625 , 3.5
396729  , 19.57244 , -13.565866 , 10.337844    , -0.75391114 , 0.5225439 , -0.3982036    ,-32.0 , -3.5625 , 3.5
39459228  , 19.57244 , -13.565866 , 10.337844    , -0.75391096 , 0.52254367 , -0.3982035    ,-34.25 , 16.5 , -1.625
213623  , 19.57244 , -6.891896 , 1.3075534    , -0.94136536 , 0.3314759 , -0.06288871    ,-34.25 , 16.5 , -1.625
40679931  , 19.57244 , -6.891896 , 1.3075534    , -0.9413654 , 0.33147594 , -0.06288871    ,-30.9375 , 31.125 , -4.5625
335693  , 19.57244 , -8.471856 , -1.879608    , -0.9141754 , 0.39569733 , 0.08779137    ,-30.9375 , 31.125 , -4.5625
38238525  , 19.57244 , -8.471856 , -1.879608    , -0.9141752 , 0.39569727 , 0.08779135    ,-28.9375 , 35.3125 , -5.3125
366211  , 19.531578 , -11.75436 , 1.2258313    , -0.8555707 , 0.5148936 , -0.053696897    ,-28.9375 , 35.3125 , -5.3125
40740965  , 19.531578 , -11.75436 , 1.2258313    , -0.85557055 , 0.51489365 , -0.0536969    ,-31.5 , 33.3125 , -2.625
427246  , 17.311462 , -7.6954966 , 4.630918    , -0.8876473 , 0.39458752 , -0.23745081    ,-31.5 , 33.3125 , -2.625
37597656  , 17.311462 , -7.6954966 , 4.630918    , -0.8876473 , 0.39458752 , -0.23745088    ,-36.3125 , 25.875 , 2.75
396728  , 12.14935 , -3.3642259 , 3.568531    , -0.9272985 , 0.25677434 , -0.27236792    ,-36.3125 , 25.875 , 2.75
38940429  , 12.14935 , -3.3642259 , 3.568531    , -0.9272986 , 0.25677437 , -0.27236798    ,-40.625 , 15.75 , 8.625
427246  , 9.152874 , -3.8681788 , 2.3018389    , -0.897356 , 0.37923974 , -0.22567436    ,-40.625 , 15.75 , 8.625
39123533  , 9.152874 , -3.8681788 , 2.3018389    , -0.8973563 , 0.37923986 , -0.22567445    ,-40.375 , 1.875 , 13.5
396728  , 5.407278 , -4.862464 , 2.9147544    , -0.6901957 , 0.6206546 , -0.37204504    ,-40.375 , 1.875 , 13.5
39550782  , 5.407278 , -4.862464 , 2.9147544    , -0.6901958 , 0.6206547 , -0.3720451    ,-35.8125 , -13.5 , 15.9375
427246  , 2.7240696 , -6.0201936 , 2.2201166    , -0.3907823 , 0.86362886 , -0.31848758    ,-35.8125 , -13.5 , 15.9375
37475587  , 2.7240696 , -6.0201936 , 2.2201166    , -0.39078227 , 0.86362886 , -0.31848758    ,-26.875 , -26.625 , 16.9375
1861572  , -2.7921712 , -4.0588636 , -2.2201166    , 0.51671886 , 0.7511327 , 0.41085446    ,-26.875 , -26.625 , 16.9375
30761719  , -2.7921712 , -4.0588636 , -2.2201166    , 0.51671875 , 0.7511327 , 0.4108544    ,-15.25 , -36.3125 , 17.4375
244140  , -5.202973 , -3.405087 , -0.9125633    , 0.8278703 , 0.5417999 , 0.1452024    ,-15.25 , -36.3125 , 17.4375
35400391  , -5.202973 , -3.405087 , -0.9125633    , 0.8278702 , 0.5417999 , 0.14520243    ,-5.0625 , -40.5 , 17.9375
305176  , -8.008764 , -4.2904096 , -0.0    , 0.88147986 , 0.47222137 , 0.0    ,-5.0625 , -40.5 , 17.9375
39154053  , -8.008764 , -4.2904096 , -0.0    , 0.88148 , 0.47222143 , -1.4901161E-8    ,3.8125 , -41.25 , 18.625
88134766  , -9.234595 , -9.384419 , 0.7218784    , 0.70034206 , 0.71170455 , -0.05474651    ,3.8125 , -41.25 , 18.625
274658  , -9.234595 , -9.384419 , 0.7218784    , 0.70034224 , 0.71170473 , -0.05474654    ,8.375 , -41.0 , 19.375
2349853  , -8.076866 , -16.126492 , 2.2609777    , 0.44433993 , 0.8871812 , -0.12438519    ,8.375 , -41.0 , 19.375
274658  , -8.076866 , -16.126492 , 2.2609777    , 0.4443398 , 0.887181 , -0.12438522    ,3.8125 , -40.25 , 19.625
213623  , 5.938472 , -16.84837 , 0.95342433    , -0.33194885 , 0.9417906 , -0.05329454    ,3.8125 , -40.25 , 19.625
28320312  , 5.938472 , -16.84837 , 0.95342433    , -0.33194882 , 0.9417905 , -0.05329457    ,-7.125 , -36.5625 , 18.375
244141  , 16.86199 , -17.161638 , 2.6832085    , -0.6965339 , 0.70891166 , -0.11083779    ,-7.125 , -36.5625 , 18.375
29022216  , 16.86199 , -17.161638 , 2.6832085    , -0.69653386 , 0.7089116 , -0.11083775    ,-21.8125 , -28.625 , 14.0
274658  , 19.57244 , -1.6889231 , 14.437569    , -0.80281264 , 0.06927544 , -0.59219307    ,-21.8125 , -28.625 , 14.0
40283202  , 19.57244 , -1.6889231 , 14.437569    , -0.8028127 , 0.06927544 , -0.5921931    ,-34.5 , -16.75 , 3.25
366211  , 19.57244 , 12.217452 , 18.278507    , -0.66492575 , -0.41505808 , -0.62096757    ,-34.5 , -16.75 , 3.25
39215087  , 19.57244 , 12.217452 , 18.278507    , -0.6649258 , -0.4150581 , -0.6209676    ,-37.5625 , -3.375 , -9.5
366211  , 16.04477 , 2.9147544 , 9.425281    , -0.8518484 , -0.15475003 , -0.5004067    ,-37.5625 , -3.375 , -9.5
38696288  , 16.04477 , 2.9147544 , 9.425281    , -0.8518483 , -0.15475005 , -0.5004067    ,-36.8125 , 6.3125 , -20.25
396728  , 11.536434 , -0.46309182 , 19.231932    , -0.51429677 , 0.02064474 , -0.8573637    ,-36.8125 , 6.3125 , -20.25
39459227  , 11.536434 , -0.46309182 , 19.231932    , -0.51429677 , 0.02064474 , -0.8573638    ,-34.75 , 11.0 , -27.8125
396729  , 8.471856 , -1.6889231 , 16.548723    , -0.45382297 , 0.09047275 , -0.886487    ,-34.75 , 11.0 , -27.8125
39337160  , 8.471856 , -1.6889231 , 16.548723    , -0.45382297 , 0.090472765 , -0.886487    ,-33.0 , 12.0 , -30.0
488281  , 6.3607025 , 0.19068487 , 8.853226    , -0.5833924 , -0.017489314 , -0.81200224    ,-33.0 , 12.0 , -30.0
39215090  , 6.3607025 , 0.19068487 , 8.853226    , -0.5833924 , -0.017489284 , -0.8120022    ,-33.25 , 10.5625 , -30.5
488281  , 4.7943625 , 1.0760075 , 6.891896    , -0.56643116 , -0.12712517 , -0.81424475    ,-33.25 , 10.5625 , -30.5
38757325  , 4.7943625 , 1.0760075 , 6.891896    , -0.5664313 , -0.12712517 , -0.8142449    ,-32.25 , 8.8125 , -31.75
518798  , 3.759216 , -0.10896278 , 6.2108784    , -0.5177444 , 0.015007108 , -0.8554038    ,-32.25 , 8.8125 , -31.75
38970948  , 3.759216 , -0.10896278 , 6.2108784    , -0.5177444 , 0.015007079 , -0.85540366    ,-30.9375 , 6.5625 , -33.4375
488282  , 5.8567495 , -0.14982383 , 8.008764    , -0.5902247 , 0.01509878 , -0.8070979    ,-30.9375 , 6.5625 , -33.4375
39245606  , 5.8567495 , -0.14982383 , 8.008764    , -0.5902246 , 0.01509878 , -0.8070977    ,-30.1875 , 4.5625 , -34.6875
518798  , 3.3778462 , 0.95342433 , 8.471856    , -0.3683533 , -0.10397073 , -0.9238539    ,-30.1875 , 4.5625 , -34.6875
39520264  , 3.3778462 , 0.95342433 , 8.471856    , -0.3683533 , -0.1039707 , -0.9238539    ,-29.1875 , 2.125 , -35.625
701904  , 4.2904096 , 0.10896278 , 7.273266    , -0.50803477 , -0.012902454 , -0.8612399    ,-29.1875 , 2.125 , -35.625
38604736  , 4.2904096 , 0.10896278 , 7.273266    , -0.50803477 , -0.012902461 , -0.8612398    ,-27.6875 , 0.375 , -37.375
213623  , 0.92618364 , 1.2666923 , 6.238119    , -0.14398606 , -0.1969221 , -0.9697885    ,-27.6875 , 0.375 , -37.375
35949707  , 0.92618364 , 1.2666923 , 6.238119    , -0.14398605 , -0.19692206 , -0.9697883    ,-25.875 , -0.375 , -38.5625
244140  , 3.255263 , 1.3756552 , 7.9270425    , -0.37506825 , -0.15850163 , -0.91334605    ,-25.875 , -0.375 , -38.5625
39337158  , 3.255263 , 1.3756552 , 7.9270425    , -0.37506828 , -0.15850165 , -0.9133462    ,-24.375 , -1.375 , -39.0625
366211  , 3.445948 , 2.3426998 , 9.193735    , -0.3413879 , -0.23208977 , -0.9108175    ,-24.375 , -1.375 , -39.0625
