58593747  , -0.19068487 , 0.040861044 , 9.956474    , 0.019148177 , -0.004103181 , -0.9998083    ,8.5 , 21.125 , -55.125
274658  , -0.23154591 , 0.0 , 9.956474    , 0.023249526 , 0.0 , -0.99972963    ,8.5 , 21.125 , -55.125
51361085  , -0.23154591 , 0.0 , 9.956474    , 0.023249526 , 0.0 , -0.9997297    ,8.75 , 21.125 , -54.875
29327394  , -0.23154591 , 0.0 , 9.956474    , 0.023249524 , 0.0 , -0.99972963    ,8.5 , 21.125 , -54.875
7385255  , -0.23154591 , 0.0 , 9.997335    , 0.023154553 , 0.0 , -0.9997319    ,8.5 , 21.125 , -54.875
38421632  , -0.23154591 , 0.0 , 9.997335    , 0.023154559 , -4.656613E-10 , -0.9997322    ,8.75 , 20.875 , -54.875
32806397  , -0.23154591 , 0.0 , 9.997335    , 0.023154551 , 0.0 , -0.9997318    ,8.5 , 20.625 , -54.875
366211  , -0.19068487 , 0.0 , 9.956474    , 0.019148335 , -4.656613E-10 , -0.9998166    ,8.5 , 20.625 , -54.875
51269532  , -0.19068487 , 0.0 , 9.956474    , 0.019148331 , 0.0 , -0.9998164    ,8.25 , 20.625 , -55.125
8575439  , -0.19068487 , 0.14982383 , 9.997335    , 0.019067962 , -0.01498197 , -0.99970603    ,8.25 , 20.625 , -55.125
32287598  , -0.19068487 , 0.14982383 , 9.997335    , 0.01906796 , -0.014981972 , -0.99970603    ,8.25 , 21.125 , -54.875
244140  , -0.10896278 , 0.38136974 , 10.038197    , 0.010846351 , -0.037962236 , -0.99922025    ,8.25 , 21.125 , -54.875
244140  , -0.10896278 , 0.38136974 , 10.038197    , 0.010846353 , -0.037962236 , -0.9992203    ,8.5 , 21.625 , -54.625
244140  , -0.19068487 , 0.0 , 9.956474    , 0.019148337 , -9.313226E-10 , -0.9998167    ,8.5 , 21.625 , -54.625
57159424  , -0.19068487 , 0.0 , 9.956474    , 0.019148339 , -9.313226E-10 , -0.9998168    ,8.5 , 21.875 , -54.625
274658  , -0.19068487 , 0.0 , 9.915613    , 0.019227216 , -4.656613E-10 , -0.9998152    ,8.5 , 21.875 , -54.625
41778564  , -0.19068487 , 0.0 , 9.915613    , 0.019227216 , -4.656613E-10 , -0.99981517    ,8.75 , 22.125 , -54.375
2044677  , -0.19068487 , 0.0 , 9.997335    , 0.019070102 , 4.656613E-10 , -0.99981827    ,8.75 , 22.125 , -54.375
885010  , -0.19068487 , 0.0 , 9.997335    , 0.0190701 , 4.656613E-10 , -0.9998181    ,8.5 , 21.375 , -54.625
4333497  , -0.23154591 , 0.040861044 , 9.997335    , 0.023154354 , -0.0040860623 , -0.9997233    ,8.5 , 21.375 , -54.625
31249999  , -0.23154591 , 0.040861044 , 9.997335    , 0.023154357 , -0.0040860637 , -0.9997235    ,8.0 , 21.625 , -54.625
244141  , -0.23154591 , 0.040861044 , 9.956474    , 0.023249328 , -0.0041028233 , -0.99972117    ,8.0 , 21.625 , -54.625
43090819  , -0.23154591 , 0.040861044 , 9.956474    , 0.02324933 , -0.0041028233 , -0.9997212    ,8.0 , 21.875 , -55.125
1342774  , -0.23154591 , 0.0 , 9.956474    , 0.023249526 , 4.656613E-10 , -0.99972963    ,8.0 , 21.875 , -55.125
32989501  , -0.23154591 , 0.0 , 9.956474    , 0.023249524 , 4.656613E-10 , -0.9997296    ,7.75 , 21.375 , -55.125
366211  , -0.19068487 , 0.0 , 9.956474    , 0.019148337 , -4.656613E-10 , -0.9998167    ,7.75 , 21.375 , -55.125
32745360  , -0.19068487 , 0.0 , 9.956474    , 0.019148337 , -4.656613E-10 , -0.9998168    ,8.25 , 21.375 , -54.875
366211  , -0.23154591 , 0.0 , 9.997335    , 0.023154553 , 4.656613E-10 , -0.99973196    ,8.25 , 21.375 , -54.875
28778076  , -0.23154591 , 0.0 , 9.997335    , 0.023154551 , -4.656613E-10 , -0.99973184    ,8.75 , 20.875 , -55.125
244141  , -0.23154591 , 0.040861044 , 9.997335    , 0.023154361 , -0.004086063 , -0.9997237    ,8.75 , 20.875 , -55.125
30731203  , -0.23154591 , 0.040861044 , 9.997335    , 0.023154356 , -0.0040860623 , -0.99972343    ,8.5 , 20.875 , -54.875
26641846  , -0.23154591 , 0.040861044 , 9.997335    , 0.023154354 , -0.0040860623 , -0.9997233    ,8.5 , 21.375 , -54.625
2624512  , -0.23154591 , 0.0 , 9.997335    , 0.023154555 , 0.0 , -0.999732    ,8.5 , 21.375 , -54.625
69366456  , -0.23154591 , 0.0 , 9.997335    , 0.023154553 , -4.656613E-10 , -0.9997319    ,8.0 , 21.875 , -55.375
32287599  , -0.23154591 , 0.0 , 9.997335    , 0.023154551 , 0.0 , -0.9997318    ,7.5 , 22.125 , -55.625
1495362  , -0.23154591 , 0.040861044 , 9.956474    , 0.023249334 , -0.0041028243 , -0.9997212    ,7.5 , 22.125 , -55.625
2807617  , -0.23154591 , 0.040861044 , 9.956474    , 0.023249334 , -0.0041028233 , -0.9997213    ,7.5 , 21.625 , -55.625
3540039  , -0.23154591 , 0.040861044 , 9.956474    , 0.023249334 , -0.0041028233 , -0.9997214    ,7.75 , 21.625 , -55.875
2105712  , -0.19068487 , 0.040861044 , 9.915613    , 0.019227052 , -0.0041200835 , -0.99980664    ,7.75 , 21.625 , -55.875
28778077  , -0.19068487 , 0.040861044 , 9.915613    , 0.01922705 , -0.0041200817 , -0.99980646    ,8.0 , 21.625 , -55.375
1831055  , -0.08172209 , 0.313268 , 9.997335    , 0.008170103 , -0.03131873 , -0.999476    ,8.0 , 21.625 , -55.375
35430908  , -0.08172209 , 0.313268 , 9.997335    , 0.008170103 , -0.03131873 , -0.9994761    ,8.25 , 21.375 , -55.125
305176  , -0.0 , 0.53119355 , 10.119919    , -1.8626451E-9 , -0.05241774 , -0.9986252    ,8.25 , 21.375 , -55.125
33508301  , -0.0 , 0.53119355 , 10.119919    , -1.8626451E-9 , -0.05241775 , -0.9986254    ,8.5 , 21.625 , -54.625
244140  , -0.14982383 , 0.27240697 , 9.956474    , 0.015040552 , -0.027346455 , -0.9995129    ,8.5 , 21.625 , -54.625
35278319  , -0.14982383 , 0.27240697 , 9.956474    , 0.015040552 , -0.027346455 , -0.9995129    ,8.5 , 21.375 , -54.625
305175  , -0.23154591 , 0.040861044 , 9.997335    , 0.023154354 , -0.0040860623 , -0.9997233    ,8.5 , 21.375 , -54.625
244140  , -0.19068487 , 0.040861044 , 9.997335    , 0.01906994 , -0.004086417 , -0.9998097    ,8.5 , 21.375 , -54.625
32928466  , -0.19068487 , 0.040861044 , 9.997335    , 0.019069942 , -0.004086416 , -0.9998099    ,8.25 , 21.125 , -54.875
366211  , -0.19068487 , 0.0 , 9.956474    , 0.019148335 , 0.0 , -0.99981666    ,8.25 , 21.125 , -54.875
64910886  , -0.19068487 , 0.0 , 9.956474    , 0.019148333 , 4.656613E-10 , -0.9998166    ,8.0 , 21.125 , -55.375
2197265  , -0.23154591 , 0.08172209 , 9.956474    , 0.023248743 , -0.008205438 , -0.99969596    ,8.0 , 21.125 , -55.375
26397704  , -0.23154591 , 0.08172209 , 9.956474    , 0.023248743 , -0.008205439 , -0.999696    ,8.0 , 21.625 , -55.375
244141  , -0.10896278 , 0.42223078 , 10.079058    , 0.010800704 , -0.041852742 , -0.9990654    ,8.0 , 21.625 , -55.375
335694  , -0.10896278 , 0.42223078 , 10.079058    , 0.010800709 , -0.041852742 , -0.99906546    ,7.75 , 21.625 , -55.625
8575439  , -0.14982383 , 0.19068487 , 10.038197    , 0.014921023 , -0.018990392 , -0.99970835    ,7.75 , 21.625 , -55.625
26550293  , -0.14982383 , 0.19068487 , 10.038197    , 0.014921022 , -0.01899039 , -0.9997083    ,7.5 , 22.125 , -55.375
305176  , -0.08172209 , 0.50395286 , 10.079058    , 0.008097722 , -0.049935974 , -0.99871945    ,7.5 , 22.125 , -55.375
35583498  , -0.08172209 , 0.50395286 , 10.079058    , 0.008097727 , -0.04993598 , -0.99871963    ,7.75 , 21.625 , -55.375
1617432  , -0.14982383 , 0.27240697 , 10.079058    , 0.0148578 , -0.027014183 , -0.9995248    ,7.75 , 21.625 , -55.375
4882812  , -0.14982383 , 0.27240697 , 10.079058    , 0.014857801 , -0.027014181 , -0.9995247    ,7.5 , 21.375 , -55.375
3143311  , 0.040861044 , 0.27240697 , 9.915613    , -0.00411929 , -0.027461935 , -0.9996144    ,7.5 , 21.375 , -55.375
11291504  , 0.040861044 , 0.27240697 , 9.915613    , -0.00411929 , -0.027461937 , -0.99961436    ,7.5 , 21.375 , -55.125
335693  , -0.19068487 , 0.27240697 , 9.956474    , 0.019141177 , -0.027344538 , -0.9994428    ,7.5 , 21.375 , -55.125
38604738  , -0.19068487 , 0.27240697 , 9.956474    , 0.01914118 , -0.027344542 , -0.99944293    ,8.0 , 21.625 , -55.125
244140  , -0.38136974 , 0.08172209 , 10.038197    , 0.03796321 , -0.008134973 , -0.99924594    ,8.0 , 21.625 , -55.125
39825440  , -0.38136974 , 0.08172209 , 10.038197    , 0.03796321 , -0.008134975 , -0.99924594    ,7.5 , 21.875 , -54.875
244141  , -0.08172209 , 0.08172209 , 9.956474    , 0.008207382 , -0.008207383 , -0.99993265    ,7.5 , 21.875 , -54.875
39062500  , -0.08172209 , 0.08172209 , 9.956474    , 0.008207383 , -0.008207383 , -0.9999328    ,8.0 , 21.625 , -54.875
244141  , -0.10896278 , 0.0 , 9.956474    , 0.010943257 , 2.3283064E-10 , -0.9999401    ,8.0 , 21.625 , -54.875
39825440  , -0.10896278 , 0.0 , 9.956474    , 0.010943257 , 4.656613E-10 , -0.99994016    ,7.75 , 21.625 , -54.875
244141  , -0.29964766 , -0.040861044 , 10.038197    , 0.029837206 , 0.004068711 , -0.99954647    ,7.75 , 21.625 , -54.875
39703369  , -0.29964766 , -0.040861044 , 10.038197    , 0.029837212 , 0.004068711 , -0.9995467    ,7.75 , 21.375 , -54.875
274658  , -0.27240697 , 0.0 , 9.956474    , 0.027349547 , 4.656613E-10 , -0.9996259    ,7.75 , 21.375 , -54.875
50140380  , -0.27240697 , 0.0 , 9.956474    , 0.027349547 , 4.656613E-10 , -0.99962586    ,8.0 , 20.875 , -55.125
335694  , -0.14982383 , 0.040861044 , 9.956474    , 0.015046051 , -0.004103468 , -0.99987847    ,8.0 , 20.875 , -55.125
18432617  , -0.14982383 , 0.040861044 , 9.956474    , 0.015046051 , -0.0041034683 , -0.9998784    ,7.75 , 20.875 , -54.875
305176  , -0.27240697 , 0.0 , 9.956474    , 0.027349548 , 4.656613E-10 , -0.999626    ,7.75 , 20.875 , -54.875
38635253  , -0.27240697 , 0.0 , 9.956474    , 0.027349547 , 9.313226E-10 , -0.9996259    ,8.25 , 20.625 , -54.375
335693  , -0.19068487 , 0.0 , 9.997335    , 0.019070098 , 0.0 , -0.999818    ,8.25 , 20.625 , -54.375
38269042  , -0.19068487 , 0.0 , 9.997335    , 0.0190701 , -4.656613E-10 , -0.9998181    ,8.25 , 20.375 , -54.125
305176  , -0.14982383 , 0.0 , 9.956474    , 0.015046176 , 0.0 , -0.9998867    ,8.25 , 20.375 , -54.125
29388427  , -0.14982383 , 0.0 , 9.956474    , 0.015046176 , 0.0 , -0.9998868    ,8.25 , 21.125 , -53.9375
31097411  , -0.14982383 , 0.0 , 9.956474    , 0.015046177 , 0.0 , -0.9998869    ,8.25 , 21.125 , -54.375
488282  , -0.19068487 , 0.08172209 , 10.038197    , 0.018991873 , -0.008139374 , -0.99978644    ,8.25 , 21.125 , -54.375
38452149  , -0.19068487 , 0.08172209 , 10.038197    , 0.018991875 , -0.008139376 , -0.9997865    ,8.0 , 21.125 , -54.875
457764  , -0.10896278 , 0.040861044 , 9.956474    , 0.010943167 , -0.0041036876 , -0.9999318    ,8.0 , 21.125 , -54.875
41687013  , -0.10896278 , 0.040861044 , 9.956474    , 0.010943166 , -0.0041036876 , -0.99993175    ,7.5 , 20.875 , -55.125
274658  , -0.10896278 , -0.14982383 , 9.997335    , 0.010897311 , 0.014983803 , -0.9998283    ,7.5 , 20.875 , -55.125
36651612  , -0.10896278 , -0.14982383 , 9.997335    , 0.010897309 , 0.014983801 , -0.99982816    ,7.5 , 20.375 , -55.125
274658  , 0.27240697 , -0.14982383 , 9.997335    , -0.02723479 , 0.014979134 , -0.9995168    ,7.5 , 20.375 , -55.125
39550782  , 0.27240697 , -0.14982383 , 9.997335    , -0.02723479 , 0.014979135 , -0.99951684    ,7.25 , 20.375 , -55.125
366211  , -0.08172209 , 0.08172209 , 10.147159    , 0.0080531705 , -0.008053171 , -0.9999354    ,7.25 , 20.375 , -55.125
38818360  , -0.08172209 , 0.08172209 , 10.147159    , 0.00805317 , -0.008053169 , -0.9999351    ,7.25 , 20.125 , -54.875
366211  , 0.3405087 , 0.14982383 , 10.119919    , -0.033624668 , -0.0147948535 , -0.9993251    ,7.25 , 20.125 , -54.875
39276124  , 0.3405087 , 0.14982383 , 10.119919    , -0.033624668 , -0.014794855 , -0.9993251    ,7.5 , 20.875 , -54.625
366211  , -0.7627395 , 0.50395286 , 10.528529    , 0.072173476 , -0.04768604 , -0.99625164    ,7.5 , 20.875 , -54.625
39123535  , -0.7627395 , 0.50395286 , 10.528529    , 0.07217346 , -0.047686033 , -0.9962516    ,7.0 , 21.375 , -54.875
366211  , 0.08172209 , 0.61291564 , 10.460427    , -0.007798887 , -0.058491644 , -0.99825746    ,7.0 , 21.375 , -54.875
39916992  , 0.08172209 , 0.61291564 , 10.460427    , -0.007798887 , -0.058491647 , -0.9982576    ,7.0 , 21.875 , -54.375
366210  , -0.61291564 , 0.5720546 , 10.337844    , 0.059094507 , -0.055154875 , -0.9967274    ,7.0 , 21.875 , -54.375
39215087  , -0.61291564 , 0.5720546 , 10.337844    , 0.059094504 , -0.05515488 , -0.9967274    ,7.0 , 22.875 , -54.125
274658  , -0.10896278 , -0.19068487 , 10.119919    , 0.010764623 , 0.01883809 , -0.99976444    ,7.0 , 22.875 , -54.125
50720213  , -0.10896278 , -0.19068487 , 10.119919    , 0.010764625 , 0.018838095 , -0.9997646    ,7.25 , 22.625 , -53.4375
305175  , -0.53119355 , 0.0 , 10.147159    , 0.052277416 , 0.0 , -0.99863267    ,7.25 , 22.625 , -53.4375
39703368  , -0.53119355 , 0.0 , 10.147159    , 0.05227741 , 9.313226E-10 , -0.99863255    ,7.5 , 22.875 , -53.1875
305176  , -0.42223078 , 0.14982383 , 10.310603    , 0.040912513 , -0.014517346 , -0.99905723    ,7.5 , 22.875 , -53.1875
36682128  , -0.42223078 , 0.14982383 , 10.310603    , 0.040912516 , -0.014517346 , -0.99905735    ,7.5 , 23.375 , -53.1875
274658  , -0.46309182 , 0.14982383 , 10.337844    , 0.044746216 , -0.014476717 , -0.9988935    ,7.5 , 23.375 , -53.1875
48400879  , -0.46309182 , 0.14982383 , 10.337844    , 0.044746213 , -0.0144767165 , -0.9988935    ,7.5 , 23.625 , -52.9375
274658  , -0.42223078 , 0.313268 , 10.337844    , 0.0407905 , -0.030263916 , -0.99870926    ,7.5 , 23.625 , -52.9375
17486572  , -0.42223078 , 0.313268 , 10.337844    , 0.040790502 , -0.03026392 , -0.99870926    ,7.0 , 24.375 , -53.4375
1892091  , -0.84446156 , 0.313268 , 10.147159    , 0.082895555 , -0.030751579 , -0.99608356    ,7.0 , 24.375 , -53.4375
44494631  , -0.84446156 , 0.313268 , 10.147159    , 0.08289556 , -0.030751577 , -0.9960836    ,7.0 , 24.625 , -53.1875
3326417  , -0.6946377 , 0.10896278 , 9.915613    , 0.06987946 , -0.010961486 , -0.9974951    ,7.0 , 24.625 , -53.1875
24597168  , -0.6946377 , 0.10896278 , 9.915613    , 0.06987948 , -0.010961488 , -0.99749535    ,7.0 , 24.125 , -52.4375
274658  , -0.3405087 , -0.040861044 , 10.038197    , 0.033901524 , 0.004068183 , -0.99941695    ,7.0 , 24.125 , -52.4375
20477295  , -0.3405087 , -0.040861044 , 10.038197    , 0.033901524 , 0.004068184 , -0.99941695    ,6.75 , 24.125 , -52.1875
213623  , -0.27240697 , -0.10896278 , 9.847511    , 0.02765025 , 0.0110601 , -0.9995566    ,6.75 , 24.125 , -52.1875
19683838  , -0.27240697 , -0.10896278 , 9.847511    , 0.027650245 , 0.011060097 , -0.99955636    ,7.25 , 23.375 , -51.4375
640869  , -0.14982383 , 0.14982383 , 9.997335    , 0.014983011 , -0.014983011 , -0.9997755    ,7.25 , 23.375 , -51.4375
305176  , -0.14982383 , 0.14982383 , 9.997335    , 0.014983016 , -0.014983014 , -0.9997757    ,7.5 , 23.625 , -50.75
244140  , -0.040861044 , 0.3405087 , 9.997335    , 0.004084793 , -0.03403992 , -0.99941206    ,7.5 , 23.625 , -50.75
28869629  , 0.040861044 , 0.14982383 , 10.038197    , -0.0040700706 , -0.014923591 , -0.9998806    ,7.5 , 23.625 , -50.75
5065919  , 0.040861044 , 0.14982383 , 10.038197    , -0.0040700696 , -0.014923589 , -0.99988055    ,7.75 , 23.375 , -50.25
3265380  , 0.040861044 , 0.14982383 , 10.119919    , -0.0040372103 , -0.014803103 , -0.9998823    ,7.75 , 23.375 , -50.25
19683838  , 0.040861044 , 0.14982383 , 10.119919    , -0.0040372093 , -0.014803103 , -0.99988234    ,7.75 , 23.875 , -50.25
244140  , -0.29964766 , 0.38136974 , 10.079058    , 0.029695366 , -0.0377941 , -0.99884415    ,7.75 , 23.875 , -50.25
38085937  , -0.29964766 , 0.38136974 , 10.079058    , 0.029695371 , -0.037794106 , -0.9988443    ,7.5 , 23.375 , -50.5
305176  , -0.29964766 , 0.3405087 , 10.228881    , 0.029265516 , -0.03325627 , -0.99901825    ,7.5 , 23.375 , -50.5
39794922  , -0.29964766 , 0.3405087 , 10.228881    , 0.029265512 , -0.033256266 , -0.9990181    ,7.5 , 23.875 , -50.0
274658  , -0.19068487 , 0.040861044 , 10.079058    , 0.018915381 , -0.004053296 , -0.999813    ,7.5 , 23.875 , -50.0
30456543  , -0.19068487 , 0.040861044 , 10.079058    , 0.018915378 , -0.004053295 , -0.99981296    ,7.75 , 24.375 , -49.5
274659  , -0.29964766 , 0.0 , 10.18802    , 0.029399054 , 4.656613E-10 , -0.9995678    ,7.75 , 24.375 , -49.5
39367675  , -0.29964766 , 0.0 , 10.18802    , 0.029399047 , 4.656613E-10 , -0.9995676    ,7.0 , 24.125 , -49.25
244140  , -0.19068487 , -0.14982383 , 9.956474    , 0.01914617 , 0.015043418 , -0.9997035    ,7.0 , 24.125 , -49.25
39764402  , -0.19068487 , -0.14982383 , 9.956474    , 0.019146169 , 0.015043419 , -0.9997035    ,7.25 , 24.375 , -48.5625
274658  , -0.38136974 , -0.23154591 , 9.847511    , 0.038687833 , 0.023489045 , -0.9989752    ,7.25 , 24.375 , -48.5625
39581297  , -0.38136974 , -0.23154591 , 9.847511    , 0.038687836 , 0.023489045 , -0.9989752    ,6.75 , 24.125 , -48.75
244140  , -0.29964766 , -0.14982383 , 10.147159    , 0.029514119 , 0.014757061 , -0.9994554    ,6.75 , 24.125 , -48.75
38055421  , -0.29964766 , -0.14982383 , 10.147159    , 0.029514123 , 0.0147570595 , -0.9994554    ,6.1875 , 23.625 , -48.75
244141  , -0.27240697 , 0.14982383 , 10.269742    , 0.026513057 , -0.014582181 , -0.9995422    ,6.1875 , 23.625 , -48.75
30700685  , -0.27240697 , 0.14982383 , 10.269742    , 0.026513053 , -0.014582179 , -0.99954206    ,6.75 , 23.875 , -49.0
488281  , -0.23154591 , 0.040861044 , 10.119919    , 0.022874039 , -0.004036595 , -0.9997301    ,6.75 , 23.875 , -49.0
39855958  , -0.23154591 , 0.040861044 , 10.119919    , 0.022874039 , -0.004036595 , -0.9997301    ,6.5 , 23.625 , -49.25
274659  , -0.23154591 , 0.313268 , 10.501288    , 0.022034127 , -0.029810883 , -0.9993126    ,6.5 , 23.625 , -49.25
38574220  , -0.23154591 , 0.313268 , 10.501288    , 0.022034124 , -0.029810876 , -0.9993124    ,6.5 , 23.625 , -48.75
396728  , 0.27240697 , 0.23154591 , 10.460427    , -0.026026469 , -0.0221225 , -0.9994165    ,6.5 , 23.625 , -48.75
39855957  , 0.27240697 , 0.23154591 , 10.460427    , -0.026026472 , -0.022122502 , -0.9994166    ,5.9375 , 23.875 , -49.0
244141  , -0.08172209 , -0.19068487 , 10.56939    , 0.007730469 , 0.018037759 , -0.9998073    ,5.9375 , 23.875 , -49.0
38848878  , -0.08172209 , -0.19068487 , 10.56939    , 0.007730469 , 0.018037759 , -0.99980736    ,5.1875 , 24.125 , -48.3125
335693  , 0.040861044 , 0.46309182 , 10.528529    , -0.0038772044 , -0.043941654 , -0.9990265    ,5.1875 , 24.125 , -48.3125
38513184  , 0.040861044 , 0.46309182 , 10.528529    , -0.0038772044 , -0.043941654 , -0.9990265    ,4.6875 , 24.625 , -48.0625
396729  , -0.27240697 , -0.42223078 , 10.228881    , 0.026599087 , 0.041228577 , -0.9987955    ,4.6875 , 24.625 , -48.0625
39337158  , -0.27240697 , -0.42223078 , 10.228881    , 0.026599087 , 0.04122858 , -0.99879557    ,4.1875 , 24.625 , -47.8125
366211  , -0.19068487 , -0.29964766 , 9.765789    , 0.0195129 , 0.03066313 , -0.9993392    ,4.1875 , 24.625 , -47.8125
40161132  , -0.19068487 , -0.29964766 , 9.765789    , 0.019512901 , 0.030663129 , -0.9993392    ,3.9375 , 24.375 , -47.5625
366211  , -0.14982383 , -0.23154591 , 9.956474    , 0.015042115 , 0.023246901 , -0.9996168    ,3.9375 , 24.375 , -47.5625
38177489  , -0.14982383 , -0.23154591 , 9.956474    , 0.015042113 , 0.023246901 , -0.99961674    ,3.6875 , 24.375 , -47.5625
396728  , -0.29964766 , -0.19068487 , 9.656827    , 0.031008651 , 0.019732775 , -0.9993243    ,3.6875 , 24.375 , -47.5625
54901121  , -0.29964766 , -0.19068487 , 9.656827    , 0.031008653 , 0.019732779 , -0.9993243    ,2.9375 , 24.375 , -47.3125
305176  , 0.19068487 , -0.08172209 , 9.466142    , -0.020139046 , 0.00863102 , -0.99975985    ,2.9375 , 24.375 , -47.3125
4333496  , 0.19068487 , -0.08172209 , 9.466142    , -0.020139048 , 0.00863102 , -0.9997598    ,2.4375 , 24.375 , -47.8125
274658  , -0.08172209 , -0.08172209 , 9.888372    , 0.008263899 , 0.0082639 , -0.9999318    ,2.4375 , 24.375 , -47.8125
40771482  , -0.08172209 , -0.08172209 , 9.888372    , 0.008263898 , 0.008263897 , -0.9999317    ,2.1875 , 24.125 , -48.0625
274659  , -0.46309182 , 0.10896278 , 10.038197    , 0.046081252 , -0.010842647 , -0.99887896    ,2.1875 , 24.125 , -48.0625
37841798  , -0.46309182 , 0.10896278 , 10.038197    , 0.04608125 , -0.010842646 , -0.99887884    ,1.875 , 23.625 , -48.75
305176  , -0.14982383 , 0.313268 , 9.956474    , 0.015038734 , -0.031444628 , -0.9993923    ,1.875 , 23.625 , -48.75
28961183  , -0.14982383 , 0.313268 , 9.956474    , 0.015038736 , -0.03144463 , -0.9993924    ,2.1875 , 23.125 , -48.75
305175  , 0.38136974 , 0.42223078 , 10.269742    , -0.037078418 , -0.04105111 , -0.99846894    ,2.1875 , 23.125 , -48.75
30364991  , 0.38136974 , 0.42223078 , 10.269742    , -0.037078418 , -0.041051105 , -0.9984688    ,2.1875 , 22.625 , -48.5625
396729  , 0.10896278 , 0.5720546 , 10.228881    , -0.010635242 , -0.055835016 , -0.99838316    ,2.1875 , 22.625 , -48.5625
39123537  , 0.10896278 , 0.5720546 , 10.228881    , -0.010635242 , -0.05583502 , -0.9983833    ,1.875 , 22.875 , -48.5625
335693  , -0.19068487 , 0.23154591 , 10.228881    , 0.018633801 , -0.022626756 , -0.99957025    ,1.875 , 22.875 , -48.5625
38909913  , -0.19068487 , 0.23154591 , 10.228881    , 0.018633803 , -0.02262676 , -0.99957037    ,1.625 , 22.875 , -47.8125
366211  , -0.0 , 0.23154591 , 9.956474    , -1.1641532E-10 , -0.023249524 , -0.9997295    ,1.625 , 22.875 , -47.8125
39367676  , -0.0 , 0.23154591 , 9.956474    , 0.0 , -0.023249527 , -0.9997297    ,0.875 , 22.625 , -47.8125
396728  , 0.14982383 , 0.46309182 , 9.956474    , -0.015029931 , -0.04645615 , -0.9988073    ,0.875 , 22.625 , -47.8125
39215088  , 0.14982383 , 0.46309182 , 9.956474    , -0.015029929 , -0.046456136 , -0.99880695    ,0.625 , 22.875 , -47.8125
396729  , -0.23154591 , 0.08172209 , 9.888372    , 0.023408767 , -0.008261916 , -0.999692    ,0.625 , 22.875 , -47.8125
39367676  , -0.23154591 , 0.08172209 , 9.888372    , 0.023408767 , -0.008261917 , -0.999692    ,0.625 , 22.625 , -47.8125
213623  , 0.040861044 , -0.040861044 , 9.888372    , -0.0041321605 , 0.004132161 , -0.9999829    ,0.625 , 22.625 , -47.8125
39703368  , 0.040861044 , -0.040861044 , 9.888372    , -0.004132161 , 0.0041321605 , -0.9999829    ,0.125 , 22.625 , -48.0625
274658  , 0.23154591 , 0.3405087 , 9.847511    , -0.02349261 , -0.034547955 , -0.9991268    ,0.125 , 22.625 , -48.0625
39459228  , 0.23154591 , 0.3405087 , 9.847511    , -0.02349261 , -0.03454796 , -0.99912685    ,0.125 , 23.125 , -47.8125
305176  , 0.040861044 , -0.14982383 , 10.18802    , -0.00401023 , 0.014704175 , -0.99988383    ,0.125 , 23.125 , -47.8125
39550780  , 0.040861044 , -0.14982383 , 10.18802    , -0.004010229 , 0.014704175 , -0.9998837    ,0.125 , 23.375 , -47.0625
305176  , -0.08172209 , -0.08172209 , 10.079058    , 0.008107576 , 0.008107576 , -0.99993426    ,0.125 , 23.375 , -47.0625
38635253  , -0.08172209 , -0.08172209 , 10.079058    , 0.0081075765 , 0.0081075765 , -0.99993443    ,-0.375 , 23.625 , -46.3125
335694  , 0.10896278 , 0.14982383 , 9.888372    , -0.011017352 , -0.015148859 , -0.99982464    ,-0.375 , 23.625 , -46.3125
41229246  , 0.10896278 , 0.14982383 , 9.888372    , -0.011017348 , -0.015148855 , -0.9998244    ,-0.375 , 24.375 , -45.8125
213623  , -0.10896278 , -0.14982383 , 9.80665    , 0.011109128 , 0.015275052 , -0.99982154    ,-0.375 , 24.375 , -45.8125
37689210  , -0.10896278 , -0.14982383 , 9.80665    , 0.011109129 , 0.015275053 , -0.9998215    ,-0.125 , 24.875 , -45.625
213623  , -0.08172209 , 0.19068487 , 9.697687    , 0.008425039 , -0.019658426 , -0.9997713    ,-0.125 , 24.875 , -45.625
29541017  , -0.08172209 , 0.19068487 , 9.697687    , 0.00842504 , -0.019658424 , -0.99977136    ,-0.375 , 24.375 , -46.0625
244141  , -0.27240697 , -0.3405087 , 10.147159    , 0.026820889 , 0.033526108 , -0.99907804    ,-0.375 , 24.375 , -46.0625
29479982  , -0.27240697 , -0.3405087 , 10.147159    , 0.026820889 , 0.033526108 , -0.9990779    ,-0.625 , 24.625 , -46.5625
213623  , -0.08172209 , -0.14982383 , 9.847511    , 0.008297509 , 0.015212102 , -0.9998499    ,-0.625 , 24.625 , -46.5625
29418946  , -0.08172209 , -0.14982383 , 9.847511    , 0.0082975095 , 0.015212102 , -0.99984986    ,-0.625 , 24.125 , -46.5625
213623  , 0.19068487 , -0.10896278 , 9.915613    , -0.019226052 , 0.010986316 , -0.99975485    ,-0.625 , 24.125 , -46.5625
30059815  , 0.19068487 , -0.10896278 , 9.915613    , -0.019226054 , 0.010986317 , -0.9997548    ,-0.875 , 23.375 , -46.3125
244140  , 0.08172209 , -0.14982383 , 10.038197    , -0.008139936 , 0.014923217 , -0.9998555    ,-0.875 , 23.375 , -46.3125
40069581  , 0.08172209 , -0.14982383 , 10.038197    , -0.008139936 , 0.014923218 , -0.9998556    ,-0.875 , 23.875 , -45.625
396729  , 0.040861044 , -0.5720546 , 10.310603    , -0.0039568953 , 0.05539653 , -0.9984565    ,-0.875 , 23.875 , -45.625
5676270  , 0.040861044 , -0.5720546 , 10.310603    , -0.0039568953 , 0.055396535 , -0.9984566    ,-0.625 , 23.625 , -45.125
5310059  , 0.6946377 , -0.19068487 , 9.724928    , -0.071233414 , 0.01955427 , -0.99726784    ,-0.625 , 23.625 , -45.125
12847900  , 0.6946377 , -0.19068487 , 9.724928    , -0.071233414 , 0.019554272 , -0.9972679    ,-0.875 , 23.875 , -44.625
213623  , 0.42223078 , -0.42223078 , 9.847511    , -0.0427983 , 0.042798296 , -0.9981667    ,-0.875 , 23.875 , -44.625
39947510  , 0.42223078 , -0.42223078 , 9.847511    , -0.04279829 , 0.042798284 , -0.99816644    ,-1.375 , 24.625 , -44.375
213623  , -0.29964766 , -0.3405087 , 10.269742    , 0.029149305 , 0.033124216 , -0.9990262    ,-1.375 , 24.625 , -44.375
38421630  , -0.29964766 , -0.3405087 , 10.269742    , 0.029149307 , 0.03312421 , -0.9990262    ,-1.625 , 25.0625 , -44.125
213623  , -0.42223078 , 0.14982383 , 10.079058    , 0.04185057 , -0.014850201 , -0.99901354    ,-1.625 , 25.0625 , -44.125
30609130  , -0.42223078 , 0.14982383 , 10.079058    , 0.041850567 , -0.014850204 , -0.9990136    ,-1.875 , 25.5625 , -43.875
274658  , -0.10896278 , -0.19068487 , 10.419566    , 0.010455194 , 0.018296592 , -0.999778    ,-1.875 , 25.5625 , -43.875
38208007  , -0.10896278 , -0.19068487 , 10.419566    , 0.010455195 , 0.01829659 , -0.99977785    ,-2.4375 , 25.8125 , -43.875
213623  , -0.14982383 , -0.27240697 , 10.460427    , 0.014316596 , 0.026030172 , -0.9995587    ,-2.4375 , 25.8125 , -43.875
29510497  , -0.14982383 , -0.27240697 , 10.460427    , 0.014316596 , 0.026030172 , -0.9995586    ,-2.4375 , 26.0625 , -43.875
213623  , -0.08172209 , 0.27240697 , 10.460427    , 0.007809614 , -0.02603205 , -0.9996306    ,-2.4375 , 26.0625 , -43.875
29479979  , -0.08172209 , 0.27240697 , 10.460427    , 0.0078096148 , -0.02603205 , -0.9996307    ,-2.6875 , 26.3125 , -43.875
274658  , -0.10896278 , 0.10896278 , 10.528529    , 0.01034818 , -0.010348179 , -0.99989283    ,-2.6875 , 26.3125 , -43.875
29388426  , -0.10896278 , 0.10896278 , 10.528529    , 0.01034818 , -0.01034818 , -0.9998929    ,-2.9375 , 26.5625 , -43.375
213623  , -0.14982383 , -0.23154591 , 10.18802    , 0.0147005 , 0.022718955 , -0.9996339    ,-2.9375 , 26.5625 , -43.375
29602052  , -0.14982383 , -0.23154591 , 10.18802    , 0.0147004975 , 0.022718951 , -0.9996338    ,-2.9375 , 26.8125 , -43.375
274658  , 0.040861044 , -0.46309182 , 9.888372    , -0.004127672 , 0.04678028 , -0.9988966    ,-2.9375 , 26.8125 , -43.375
29571534  , 0.040861044 , -0.46309182 , 9.888372    , -0.0041276724 , 0.04678028 , -0.99889654    ,-3.1875 , 26.8125 , -43.125
213623  , 0.08172209 , -0.7218784 , 10.310603    , -0.007906421 , 0.069840044 , -0.9975268    ,-3.1875 , 26.8125 , -43.125
39703371  , 0.08172209 , -0.7218784 , 10.310603    , -0.007906422 , 0.069840044 , -0.99752676    ,-3.4375 , 26.8125 , -42.9375
244140  , 0.27240697 , 0.040861044 , 9.765789    , -0.02788291 , -0.0041824365 , -0.9996023    ,-3.4375 , 26.8125 , -42.9375
30029298  , 0.27240697 , 0.040861044 , 9.765789    , -0.027882915 , -0.0041824374 , -0.9996024    ,-3.9375 , 26.3125 , -42.6875
305175  , 0.040861044 , -0.38136974 , 10.119919    , -0.004034788 , 0.03765802 , -0.9992825    ,-3.9375 , 26.3125 , -42.6875
39520264  , 0.040861044 , -0.38136974 , 10.119919    , -0.0040347883 , 0.037658025 , -0.99928266    ,-4.6875 , 26.0625 , -42.4375
305175  , -0.42223078 , -0.9942854 , 10.079058    , 0.04165334 , 0.098086916 , -0.99430573    ,-4.6875 , 26.0625 , -42.4375
39337159  , -0.42223078 , -0.9942854 , 10.079058    , 0.041653357 , 0.09808691 , -0.99430573    ,-5.1875 , 25.5625 , -41.6875
366211  , 0.92618364 , -0.7218784 , 9.724928    , -0.09455127 , 0.07369438 , -0.99278843    ,-5.1875 , 25.5625 , -41.6875
38726807  , 0.92618364 , -0.7218784 , 9.724928    , -0.09455128 , 0.07369438 , -0.9927885    ,-5.6875 , 25.5625 , -41.1875
335694  , 0.92618364 , -0.19068487 , 9.575105    , -0.09626003 , 0.019818243 , -0.99515885    ,-5.6875 , 25.5625 , -41.1875
41320800  , 0.92618364 , -0.19068487 , 9.575105    , -0.09626003 , 0.019818245 , -0.995159    ,-5.4375 , 26.3125 , -40.6875
213623  , 0.313268 , -0.38136974 , 9.724928    , -0.032171488 , 0.03916529 , -0.9987147    ,-5.4375 , 26.3125 , -40.6875
37261963  , 0.313268 , -0.38136974 , 9.724928    , -0.032171484 , 0.03916529 , -0.99871475    ,-4.9375 , 26.8125 , -40.0
244140  , 0.14982383 , -0.46309182 , 9.534244    , -0.015693845 , 0.04850825 , -0.9986992    ,-4.9375 , 26.8125 , -40.0
29876708  , 0.14982383 , -0.46309182 , 9.534244    , -0.015693847 , 0.048508257 , -0.9986994    ,-4.6875 , 27.3125 , -40.0
213623  , 0.040861044 , -0.7218784 , 9.534244    , -0.0042734435 , 0.075497486 , -0.9971366    ,-4.6875 , 27.3125 , -40.0
29296874  , 0.040861044 , -0.7218784 , 9.534244    , -0.0042734444 , 0.07549749 , -0.9971367    ,-4.6875 , 27.0625 , -40.25
244141  , 0.19068487 , -0.61291564 , 9.575105    , -0.019870054 , 0.06386803 , -0.9977606    ,-4.6875 , 27.0625 , -40.25
29632568  , 0.19068487 , -0.61291564 , 9.575105    , -0.019870054 , 0.06386803 , -0.99776053    ,-5.4375 , 26.8125 , -40.25
213623  , 0.10896278 , -0.19068487 , 9.997335    , -0.010896554 , 0.01906897 , -0.99975896    ,-5.4375 , 26.8125 , -40.25
60333249  , 0.10896278 , -0.19068487 , 9.997335    , -0.010896553 , 0.01906897 , -0.9997588    ,-5.6875 , 26.8125 , -40.4375
244141  , 0.14982383 , 0.0 , 10.079058    , -0.014863222 , 0.0 , -0.9998895    ,-5.6875 , 26.8125 , -40.4375
244141  , 0.14982383 , 0.0 , 10.079058    , -0.014863225 , 0.0 , -0.9998896    ,-5.6875 , 27.0625 , -40.6875
213623  , 0.19068487 , -0.46309182 , 10.147159    , -0.018769102 , 0.04558211 , -0.99878436    ,-5.6875 , 27.0625 , -40.6875
29022217  , 0.19068487 , -0.46309182 , 10.147159    , -0.018769104 , 0.045582116 , -0.9987844    ,-5.6875 , 27.3125 , -40.9375
213623  , -0.23154591 , -0.7627395 , 10.269742    , 0.022478802 , 0.074047856 , -0.9970013    ,-5.6875 , 27.3125 , -40.9375
28656008  , -0.23154591 , -0.7627395 , 10.269742    , 0.02247881 , 0.07404784 , -0.99700123    ,-5.6875 , 27.5625 , -41.4375
213623  , -0.08172209 , -0.46309182 , 10.079058    , 0.008099297 , 0.045896016 , -0.9989133    ,-5.6875 , 27.5625 , -41.4375
29113771  , -0.08172209 , -0.46309182 , 10.079058    , 0.0080993 , 0.045896027 , -0.9989136    ,-5.6875 , 26.8125 , -41.6875
213623  , 0.53119355 , -0.53119355 , 10.119919    , -0.05234588 , 0.05234588 , -0.99725616    ,-5.6875 , 26.8125 , -41.6875
29541017  , 0.53119355 , -0.53119355 , 10.119919    , -0.052345887 , 0.052345883 , -0.9972563    ,-5.6875 , 26.3125 , -42.4375
244141  , 0.84446156 , -0.61291564 , 9.956474    , -0.08435335 , 0.061224207 , -0.99455327    ,-5.6875 , 26.3125 , -42.4375
29327394  , 0.84446156 , -0.61291564 , 9.956474    , -0.08435335 , 0.06122421 , -0.9945533    ,-5.1875 , 26.3125 , -41.9375
244141  , 0.23154591 , -0.88532263 , 9.915613    , -0.02325283 , 0.08890788 , -0.99576825    ,-5.1875 , 26.3125 , -41.9375
29724122  , 0.23154591 , -0.88532263 , 9.915613    , -0.023252837 , 0.08890791 , -0.9957686    ,-4.6875 , 25.8125 , -41.9375
244141  , -0.19068487 , -0.95342433 , 9.847511    , 0.019270057 , 0.096350305 , -0.99516094    ,-4.6875 , 25.8125 , -41.9375
29479981  , -0.19068487 , -0.95342433 , 9.847511    , 0.019270057 , 0.0963503 , -0.9951609    ,-4.1875 , 26.0625 , -41.6875
244141  , 0.10896278 , -0.6537767 , 9.234595    , -0.011769137 , 0.070614815 , -0.99743414    ,-4.1875 , 26.0625 , -41.6875
29205322  , 0.10896278 , -0.6537767 , 9.234595    , -0.0117691355 , 0.070614815 , -0.9974342    ,-3.9375 , 26.0625 , -40.9375
274659  , 0.19068487 , -0.61291564 , 9.425281    , -0.02018446 , 0.06487862 , -0.997689    ,-3.9375 , 26.0625 , -40.9375
29693604  , 0.19068487 , -0.61291564 , 9.425281    , -0.020184457 , 0.06487861 , -0.9976889    ,-4.1875 , 25.8125 , -40.9375
213623  , -0.53119355 , -0.19068487 , 9.697687    , 0.054682754 , 0.019629708 , -0.99831074    ,-4.1875 , 25.8125 , -40.9375
29449463  , -0.53119355 , -0.19068487 , 9.697687    , 0.05468277 , 0.019629713 , -0.99831104    ,-3.9375 , 26.0625 , -40.6875
213623  , -0.7627395 , 0.040861044 , 9.656827    , 0.078738555 , -0.004218137 , -0.9968863    ,-3.9375 , 26.0625 , -40.6875
30334472  , -0.7627395 , 0.040861044 , 9.656827    , 0.078738555 , -0.0042181313 , -0.99688625    ,-4.1875 , 26.0625 , -40.4375
274658  , -0.23154591 , -0.38136974 , 9.724928    , 0.023784501 , 0.039174482 , -0.99894917    ,-4.1875 , 26.0625 , -40.4375
39520263  , -0.23154591 , -0.38136974 , 9.724928    , 0.023784507 , 0.039174486 , -0.9989493    ,-4.6875 , 25.8125 , -40.6875
244141  , -0.14982383 , -0.61291564 , 9.343558    , 0.01599855 , 0.06544861 , -0.9977277    ,-4.6875 , 25.8125 , -40.6875
28991698  , -0.14982383 , -0.61291564 , 9.343558    , 0.015998553 , 0.06544862 , -0.9977279    ,-4.6875 , 25.5625 , -40.6875
244141  , 0.040861044 , -0.46309182 , 9.302697    , -0.0043869126 , 0.049718346 , -0.99875367    ,-4.6875 , 25.5625 , -40.6875
29357909  , 0.040861044 , -0.46309182 , 9.302697    , -0.004386911 , 0.04971833 , -0.9987535    ,-4.6875 , 25.3125 , -40.9375
213623  , -0.27240697 , 0.040861044 , 9.302697    , 0.02926975 , -0.0043904614 , -0.9995618    ,-4.6875 , 25.3125 , -40.9375
29388426  , -0.27240697 , 0.040861044 , 9.302697    , 0.029269753 , -0.004390463 , -0.9995619    ,-4.4375 , 25.3125 , -41.4375
244140  , -0.29964766 , -0.040861044 , 8.962189    , 0.033415627 , 0.0045566754 , -0.999431    ,-4.4375 , 25.3125 , -41.4375
29388427  , -0.29964766 , -0.040861044 , 8.962189    , 0.033415627 , 0.0045566754 , -0.999431    ,-4.1875 , 25.8125 , -41.4375
244140  , 0.42223078 , -0.3405087 , 9.193735    , -0.0458462 , 0.036972743 , -0.9982641    ,-4.1875 , 25.8125 , -41.4375
29663084  , 0.42223078 , -0.3405087 , 9.193735    , -0.04584621 , 0.036972743 , -0.99826413    ,-3.9375 , 25.8125 , -41.4375
213623  , 0.23154591 , -0.29964766 , 9.112013    , -0.025389146 , 0.032856535 , -0.99913746    ,-3.9375 , 25.8125 , -41.4375
29266359  , 0.23154591 , -0.29964766 , 9.112013    , -0.025389142 , 0.03285654 , -0.9991375    ,-4.1875 , 25.3125 , -41.4375
244141  , -0.08172209 , -0.14982383 , 9.152874    , 0.00892702 , 0.0163662 , -0.99982625    ,-4.1875 , 25.3125 , -41.4375
30090333  , -0.08172209 , -0.14982383 , 9.152874    , 0.008927018 , 0.0163662 , -0.99982613    ,-4.1875 , 25.0625 , -40.9375
213623  , -0.19068487 , -0.14982383 , 9.656827    , 0.0197399 , 0.01550992 , -0.999685    ,-4.1875 , 25.0625 , -40.9375
29388428  , -0.19068487 , -0.14982383 , 9.656827    , 0.019739896 , 0.015509921 , -0.99968493    ,-3.6875 , 24.375 , -40.6875
244140  , 0.38136974 , -0.27240697 , 9.534244    , -0.039951764 , 0.028536972 , -0.9987941    ,-3.6875 , 24.375 , -40.6875
44342042  , 0.38136974 , -0.27240697 , 9.534244    , -0.03995176 , 0.028536975 , -0.99879414    ,-3.1875 , 24.625 , -40.9375
244141  , 0.50395286 , -0.27240697 , 9.615966    , -0.05231518 , 0.028278477 , -0.9982302    ,-3.1875 , 24.625 , -40.9375
14526368  , 0.50395286 , -0.27240697 , 9.615966    , -0.052315176 , 0.028278474 , -0.99823004    ,-2.9375 , 24.875 , -41.1875
274658  , 0.08172209 , -0.23154591 , 9.615966    , -0.008495813 , 0.024071472 , -0.9996741    ,-2.9375 , 24.875 , -41.1875
39703370  , 0.08172209 , -0.23154591 , 9.615966    , -0.008495813 , 0.02407147 , -0.999674    ,-2.6875 , 24.625 , -41.6875
244140  , -0.46309182 , -0.10896278 , 9.656827    , 0.047896784 , 0.011269833 , -0.9987888    ,-2.6875 , 24.625 , -41.6875
29357911  , -0.46309182 , -0.10896278 , 9.656827    , 0.047896773 , 0.011269829 , -0.9987886    ,-2.9375 , 24.625 , -41.6875
213623  , -0.42223078 , -0.08172209 , 9.888372    , 0.0426594 , 0.008256658 , -0.99905556    ,-2.9375 , 24.625 , -41.6875
29693604  , -0.42223078 , -0.08172209 , 9.888372    , 0.0426594 , 0.008256659 , -0.99905556    ,-3.4375 , 23.875 , -41.6875
244140  , -0.50395286 , -0.23154591 , 9.915613    , 0.05074487 , 0.02331521 , -0.9984395    ,-3.4375 , 23.875 , -41.6875
29357910  , -0.50395286 , -0.23154591 , 9.915613    , 0.05074486 , 0.023315206 , -0.99843943    ,-3.6875 , 23.875 , -41.4375
274658  , -0.53119355 , 0.10896278 , 10.038197    , 0.052840192 , -0.010839016 , -0.99854416    ,-3.6875 , 23.875 , -41.4375
29724121  , -0.53119355 , 0.10896278 , 10.038197    , 0.05284019 , -0.010839014 , -0.9985441    ,-3.9375 , 23.875 , -41.4375
244141  , -0.19068487 , -0.040861044 , 10.038197    , 0.018992344 , 0.004069788 , -0.9998112    ,-3.9375 , 23.875 , -41.4375
28961182  , -0.19068487 , -0.040861044 , 10.038197    , 0.018992346 , 0.0040697884 , -0.99981135    ,-3.9375 , 23.875 , -41.6875
274658  , -0.14982383 , -0.08172209 , 10.18802    , 0.014703819 , 0.008020265 , -0.9998596    ,-3.9375 , 23.875 , -41.6875
29998779  , -0.14982383 , -0.08172209 , 10.18802    , 0.01470382 , 0.008020266 , -0.9998598    ,-3.9375 , 24.125 , -41.9375
213623  , -0.38136974 , 0.10896278 , 10.038197    , 0.037962243 , -0.010846356 , -0.99922055    ,-3.9375 , 24.125 , -41.9375
30853270  , -0.38136974 , 0.10896278 , 10.038197    , 0.03796223 , -0.010846354 , -0.9992202    ,-3.6875 , 24.125 , -42.4375
213623  , -0.14982383 , 0.50395286 , 10.079058    , 0.014844684 , -0.04993212 , -0.9986424    ,-3.6875 , 24.125 , -42.4375
38360595  , -0.14982383 , 0.50395286 , 10.079058    , 0.014844684 , -0.049932126 , -0.99864244    ,-4.1875 , 24.125 , -41.9375
213623  , -0.08172209 , 0.23154591 , 9.80665    , 0.008330722 , -0.023603713 , -0.9996868    ,-4.1875 , 24.125 , -41.9375
29327391  , -0.08172209 , 0.23154591 , 9.80665    , 0.008330723 , -0.023603719 , -0.99968696    ,-4.4375 , 24.375 , -41.9375
213623  , -0.14982383 , 0.19068487 , 9.724928    , 0.015401378 , -0.019601755 , -0.99968934    ,-4.4375 , 24.375 , -41.9375
29541014  , -0.14982383 , 0.19068487 , 9.724928    , 0.015401375 , -0.019601747 , -0.9996891    ,-4.6875 , 24.625 , -41.9375
213623  , -0.46309182 , 0.23154591 , 9.615966    , 0.048088983 , -0.02404449 , -0.9985535    ,-4.6875 , 24.625 , -41.9375
29113771  , -0.46309182 , 0.23154591 , 9.615966    , 0.048088986 , -0.024044499 , -0.9985537    ,-4.6875 , 24.625 , -41.6875
244140  , -0.50395286 , 0.313268 , 9.724928    , 0.051724534 , -0.032153092 , -0.9981437    ,-4.6875 , 24.625 , -41.6875
29602052  , -0.50395286 , 0.313268 , 9.724928    , 0.051724542 , -0.032153092 , -0.9981438    ,-4.1875 , 24.875 , -41.9375
244140  , -0.14982383 , 0.10896278 , 9.80665    , 0.015275054 , -0.01110913 , -0.9998217    ,-4.1875 , 24.875 , -41.9375
39520266  , -0.14982383 , 0.10896278 , 9.80665    , 0.015275054 , -0.011109129 , -0.99982154    ,-4.1875 , 24.625 , -41.9375
244140  , -0.14982383 , 0.19068487 , 9.80665    , 0.015273109 , -0.0194385 , -0.99969435    ,-4.1875 , 24.625 , -41.9375
29663087  , -0.14982383 , 0.19068487 , 9.80665    , 0.015273109 , -0.019438498 , -0.99969417    ,-4.1875 , 23.875 , -42.1875
213623  , -0.5720546 , 0.19068487 , 9.697687    , 0.058875073 , -0.019625025 , -0.99807256    ,-4.1875 , 23.875 , -42.1875
29724122  , -0.5720546 , 0.19068487 , 9.697687    , 0.05887506 , -0.019625023 , -0.9980724    ,-3.9375 , 23.625 , -41.6875
213623  , -0.6946377 , 0.10896278 , 9.765789    , 0.070946045 , -0.011128793 , -0.99741787    ,-3.9375 , 23.625 , -41.6875
29357910  , -0.6946377 , 0.10896278 , 9.765789    , 0.07094604 , -0.011128791 , -0.9974178    ,-3.9375 , 23.375 , -41.4375
274659  , -0.19068487 , 0.10896278 , 9.997335    , 0.019068971 , -0.010896554 , -0.99975896    ,-3.9375 , 23.375 , -41.4375
29235841  , -0.19068487 , 0.10896278 , 9.997335    , 0.01906897 , -0.010896554 , -0.9997589    ,-3.6875 , 23.375 , -41.6875
213623  , -0.23154591 , 0.23154591 , 10.269742    , 0.022534966 , -0.02253497 , -0.99949217    ,-3.6875 , 23.375 , -41.6875
29785156  , -0.23154591 , 0.23154591 , 10.269742    , 0.022534968 , -0.022534968 , -0.99949205    ,-3.9375 , 23.875 , -41.6875
213623  , -0.53119355 , 0.27240697 , 10.337844    , 0.051297948 , -0.02630664 , -0.9983371    ,-3.9375 , 23.875 , -41.6875
29266358  , -0.53119355 , 0.27240697 , 10.337844    , 0.05129794 , -0.026306637 , -0.9983368    ,-4.4375 , 24.125 , -41.9375
46203612  , -0.5720546 , 0.23154591 , 10.378705    , 0.055020943 , -0.02227038 , -0.99823695    ,-4.4375 , 24.125 , -41.9375
305175  , -0.5720546 , 0.23154591 , 10.378705    , 0.055020932 , -0.022270372 , -0.99823684    ,-4.6875 , 23.875 , -41.9375
213623  , -0.38136974 , 0.5720546 , 10.18802    , 0.037348215 , -0.056022324 , -0.9977308    ,-4.6875 , 23.875 , -41.9375
11932372  , -0.38136974 , 0.5720546 , 10.18802    , 0.037348207 , -0.056022324 , -0.9977307    ,-4.9375 , 23.625 , -41.9375
244141  , 0.10896278 , 0.42223078 , 10.419566    , -0.010448368 , -0.04048743 , -0.99912524    ,-4.9375 , 23.625 , -41.9375
30487060  , 0.10896278 , 0.42223078 , 10.419566    , -0.010448372 , -0.040487442 , -0.99912554    ,-4.4375 , 23.125 , -41.4375
244141  , -0.14982383 , 0.040861044 , 10.378705    , 0.014434082 , -0.003936568 , -0.9998882    ,-4.4375 , 23.125 , -41.4375
38635253  , -0.14982383 , 0.040861044 , 10.378705    , 0.01443408 , -0.003936568 , -0.9998881    ,-4.6875 , 22.625 , -41.4375
244140  , -0.42223078 , -0.040861044 , 10.079058    , 0.041854832 , 0.0040504676 , -0.99911535    ,-4.6875 , 22.625 , -41.4375
39337156  , -0.42223078 , -0.040861044 , 10.079058    , 0.04185484 , 0.004050469 , -0.9991156    ,-4.6875 , 22.875 , -41.4375
244141  , -0.3405087 , 0.040861044 , 10.228881    , 0.03327025 , -0.00399243 , -0.9994383    ,-4.6875 , 22.875 , -41.4375
30303954  , -0.3405087 , 0.040861044 , 10.228881    , 0.033270255 , -0.00399243 , -0.9994384    ,-4.9375 , 22.875 , -40.9375
366210  , -0.29964766 , 0.0 , 9.888372    , 0.030289125 , 4.656613E-10 , -0.9995411    ,-4.9375 , 22.875 , -40.9375
40710449  , -0.29964766 , 0.0 , 9.888372    , 0.030289132 , 0.0 , -0.9995413    ,-5.4375 , 23.625 , -40.9375
427246  , -0.6946377 , 0.23154591 , 9.847511    , 0.07034523 , -0.023448411 , -0.9972472    ,-5.4375 , 23.625 , -40.9375
37841799  , -0.6946377 , 0.23154591 , 9.847511    , 0.07034522 , -0.023448408 , -0.997247    ,-5.4375 , 23.625 , -41.1875
213623  , -0.7218784 , 0.19068487 , 9.80665    , 0.07339868 , -0.019388337 , -0.9971142    ,-5.4375 , 23.625 , -41.1875
38543703  , -0.7218784 , 0.19068487 , 9.80665    , 0.073398665 , -0.019388331 , -0.99711406    ,-5.6875 , 23.375 , -41.4375
274658  , -0.46309182 , 0.3405087 , 9.956474    , 0.046434306 , -0.034142878 , -0.9983376    ,-5.6875 , 23.375 , -41.4375
30914308  , -0.46309182 , 0.3405087 , 9.956474    , 0.046434313 , -0.034142874 , -0.9983377    ,-4.6875 , 23.625 , -41.9375
427246  , -0.10896278 , 0.19068487 , 9.915613    , 0.010986317 , -0.019226056 , -0.9997549    ,-4.6875 , 23.625 , -41.9375
38299562  , -0.10896278 , 0.19068487 , 9.915613    , 0.010986319 , -0.019226057 , -0.99975497    ,-4.6875 , 22.875 , -42.1875
396729  , -0.38136974 , -0.10896278 , 9.997335    , 0.03811715 , 0.010890615 , -0.99921393    ,-4.6875 , 22.875 , -42.1875
39611817  , -0.38136974 , -0.10896278 , 9.997335    , 0.038117144 , 0.010890614 , -0.99921393    ,-4.1875 , 23.125 , -42.1875
488282  , -0.3405087 , 0.313268 , 9.847511    , 0.034540046 , -0.031776838 , -0.9988981    ,-4.1875 , 23.125 , -42.1875
40740967  , -0.3405087 , 0.313268 , 9.847511    , 0.03454004 , -0.031776838 , -0.9988979    ,-4.1875 , 22.625 , -42.4375
213623  , -0.50395286 , 0.38136974 , 9.847511    , 0.051070593 , -0.038648013 , -0.997947    ,-4.1875 , 22.625 , -42.4375
36712647  , -0.50395286 , 0.38136974 , 9.847511    , 0.051070593 , -0.038648024 , -0.99794704    ,-4.9375 , 22.125 , -42.1875
213623  , -0.53119355 , 0.313268 , 10.038197    , 0.05281765 , -0.031148871 , -0.99811816    ,-4.9375 , 22.125 , -42.1875
29785156  , -0.53119355 , 0.313268 , 10.038197    , 0.052817665 , -0.031148875 , -0.99811834    ,-4.9375 , 22.375 , -42.1875
274659  , -0.50395286 , 0.46309182 , 9.656827    , 0.052055594 , -0.047834873 , -0.99749774    ,-4.9375 , 22.375 , -42.1875
29174805  , -0.50395286 , 0.46309182 , 9.656827    , 0.05205559 , -0.04783487 , -0.9974977    ,-5.4375 , 21.875 , -42.1875
244141  , -0.53119355 , 0.14982383 , 9.915613    , 0.053488623 , -0.015086537 , -0.99845433    ,-5.4375 , 21.875 , -42.1875
29754638  , -0.53119355 , 0.14982383 , 9.915613    , 0.05348864 , -0.015086537 , -0.9984546    ,-4.9375 , 21.875 , -42.4375
274658  , -0.61291564 , 0.313268 , 9.997335    , 0.061163094 , -0.03126113 , -0.997638    ,-4.9375 , 21.875 , -42.4375
30609130  , -0.61291564 , 0.313268 , 9.997335    , 0.06116309 , -0.03126114 , -0.99763805    ,-4.4375 , 21.625 , -42.6875
366211  , -0.19068487 , 0.46309182 , 9.915613    , 0.019206291 , -0.04664385 , -0.9987271    ,-4.4375 , 21.625 , -42.6875
38330076  , -0.19068487 , 0.46309182 , 9.915613    , 0.019206285 , -0.04664384 , -0.99872684    ,-4.4375 , 21.625 , -42.4375
366211  , -0.3405087 , 0.23154591 , 9.915613    , 0.034311082 , -0.023331534 , -0.9991388    ,-4.4375 , 21.625 , -42.4375
39825438  , -0.3405087 , 0.23154591 , 9.915613    , 0.034311082 , -0.023331534 , -0.9991387    ,-4.6875 , 21.875 , -42.6875
244141  , -0.8036005 , 0.42223078 , 9.997335    , 0.08005212 , -0.042061284 , -0.9959027    ,-4.6875 , 21.875 , -42.6875
39489748  , -0.8036005 , 0.42223078 , 9.997335    , 0.080052115 , -0.042061284 , -0.99590266    ,-4.9375 , 22.375 , -42.4375
274659  , -1.1849703 , 0.53119355 , 9.915613    , 0.11849364 , -0.053117834 , -0.991533    ,-4.9375 , 22.375 , -42.4375
53985598  , -1.1849703 , 0.53119355 , 9.915613    , 0.11849365 , -0.053117845 , -0.99153304    ,-5.1875 , 22.875 , -42.4375
244141  , -0.9942854 , 0.23154591 , 9.956474    , 0.099342346 , -0.023134528 , -0.9947845    ,-5.1875 , 22.875 , -42.4375
14160157  , -0.9942854 , 0.23154591 , 9.956474    , 0.09934236 , -0.023134524 , -0.99478453    ,-5.1875 , 22.625 , -42.4375
213623  , -0.53119355 , 0.3405087 , 9.997335    , 0.053028014 , -0.033992313 , -0.99801445    ,-5.1875 , 22.625 , -42.4375
39581299  , -0.53119355 , 0.3405087 , 9.997335    , 0.053028014 , -0.033992317 , -0.99801445    ,-4.9375 , 21.875 , -42.1875
244141  , -0.5720546 , 0.313268 , 9.997335    , 0.05709933 , -0.03126868 , -0.99787873    ,-4.9375 , 21.875 , -42.1875
29266358  , -0.5720546 , 0.313268 , 9.997335    , 0.05709934 , -0.031268682 , -0.9978788    ,-4.9375 , 21.375 , -42.1875
305176  , -0.50395286 , 0.19068487 , 9.997335    , 0.05033567 , -0.019045928 , -0.9985508    ,-4.9375 , 21.375 , -42.1875
29815674  , -0.50395286 , 0.19068487 , 9.997335    , 0.05033566 , -0.01904593 , -0.99855083    ,-5.4375 , 21.125 , -42.4375
274658  , -0.7627395 , 0.313268 , 9.997335    , 0.07603609 , -0.031229109 , -0.9966159    ,-5.4375 , 21.125 , -42.4375
39062500  , -0.7627395 , 0.313268 , 9.997335    , 0.07603608 , -0.03122911 , -0.9966159    ,-5.4375 , 20.875 , -43.125
274658  , -0.6946377 , 0.50395286 , 10.038197    , 0.06894794 , -0.050021052 , -0.99636537    ,-5.4375 , 20.875 , -43.125
30273437  , -0.6946377 , 0.50395286 , 10.038197    , 0.06894795 , -0.05002106 , -0.9963655    ,-5.4375 , 21.375 , -42.9375
335693  , -0.50395286 , 0.42223078 , 9.915613    , 0.050712816 , -0.04248912 , -0.997809    ,-5.4375 , 21.375 , -42.9375
39123534  , -0.50395286 , 0.42223078 , 9.915613    , 0.05071282 , -0.04248912 , -0.997809    ,-5.6875 , 21.375 , -42.9375
366211  , -0.5720546 , 0.27240697 , 9.80665    , 0.058211967 , -0.027719982 , -0.99791926    ,-5.6875 , 21.375 , -42.9375
40191649  , -0.5720546 , 0.27240697 , 9.80665    , 0.058211975 , -0.027719986 , -0.9979195    ,-5.6875 , 20.625 , -42.9375
213623  , -0.53119355 , 0.46309182 , 9.80665    , 0.05402735 , -0.047100767 , -0.997428    ,-5.6875 , 20.625 , -42.9375
39031981  , -0.53119355 , 0.46309182 , 9.80665    , 0.05402734 , -0.047100764 , -0.9974278    ,-6.1875 , 20.625 , -42.6875
335693  , -0.5720546 , 0.46309182 , 9.765789    , 0.058411755 , -0.047285702 , -0.997172    ,-6.1875 , 20.625 , -42.6875
39215087  , -0.5720546 , 0.46309182 , 9.765789    , 0.058411755 , -0.047285713 , -0.99717206    ,-6.75 , 20.125 , -43.125
213623  , -0.88532263 , 0.61291564 , 9.956474    , 0.088403806 , -0.061202638 , -0.99420273    ,-6.75 , 20.125 , -43.125
39062498  , -0.88532263 , 0.61291564 , 9.956474    , 0.0884038 , -0.061202623 , -0.99420273    ,-6.75 , 20.375 , -43.125
274658  , -0.7627395 , 0.46309182 , 9.956474    , 0.07630156 , -0.04632594 , -0.9960079    ,-6.75 , 20.375 , -43.125
40496826  , -0.7627395 , 0.46309182 , 9.956474    , 0.07630157 , -0.046325956 , -0.996008    ,-7.25 , 21.125 , -42.9375
335694  , -0.42223078 , 0.6946377 , 9.956474    , 0.042267025 , -0.06953607 , -0.99668366    ,-7.25 , 21.125 , -42.9375
39886476  , -0.42223078 , 0.6946377 , 9.956474    , 0.04226703 , -0.06953607 , -0.9966837    ,-7.0 , 20.875 , -42.6875
457763  , -0.61291564 , 0.7627395 , 9.915613    , 0.061514407 , -0.07655126 , -0.99516624    ,-7.0 , 20.875 , -42.6875
38146975  , -0.61291564 , 0.7627395 , 9.915613    , 0.0615144 , -0.07655125 , -0.9951663    ,-7.0 , 21.375 , -42.4375
213623  , -0.6946377 , 0.7627395 , 9.915613    , 0.069678836 , -0.076510094 , -0.9946312    ,-7.0 , 21.375 , -42.4375
28564454  , -0.6946377 , 0.7627395 , 9.915613    , 0.06967883 , -0.07651007 , -0.9946311    ,-7.25 , 20.875 , -42.4375
213623  , 0.10896278 , 0.6537767 , 9.724928    , -0.0111785475 , -0.067071296 , -0.99768543    ,-7.25 , 20.875 , -42.4375
29144288  , 0.10896278 , 0.6537767 , 9.724928    , -0.011178551 , -0.06707129 , -0.99768543    ,-7.0 , 20.625 , -42.4375
213623  , -0.08172209 , 0.8036005 , 9.656827    , 0.00843317 , -0.0829262 , -0.99652004    ,-7.0 , 20.625 , -42.4375
29418946  , -0.08172209 , 0.8036005 , 9.656827    , 0.008433176 , -0.082926214 , -0.99652004    ,-7.25 , 20.625 , -42.6875
244141  , -0.53119355 , 0.7627395 , 9.847511    , 0.05370321 , -0.07711231 , -0.9955751    ,-7.25 , 20.625 , -42.6875
30364991  , -0.53119355 , 0.7627395 , 9.847511    , 0.05370322 , -0.07711231 , -0.995575    ,-7.0 , 19.875 , -42.6875
244140  , -0.3405087 , 0.6946377 , 9.765789    , 0.034758624 , -0.07090759 , -0.9968773    ,-7.0 , 19.875 , -42.6875
39581299  , -0.3405087 , 0.6946377 , 9.765789    , 0.034758613 , -0.07090756 , -0.9968769    ,-7.25 , 19.875 , -42.9375
335693  , -0.14982383 , 0.3405087 , 9.847511    , 0.015203541 , -0.0345535 , -0.9992871    ,-7.25 , 19.875 , -42.9375
38726807  , -0.14982383 , 0.3405087 , 9.847511    , 0.015203544 , -0.034553505 , -0.99928725    ,-7.5 , 19.875 , -43.375
396729  , -0.27240697 , 0.8036005 , 9.847511    , 0.027560398 , -0.081303164 , -0.9963082    ,-7.5 , 19.875 , -43.375
41320800  , -0.27240697 , 0.8036005 , 9.847511    , 0.0275604 , -0.08130317 , -0.99630845    ,-7.75 , 20.125 , -43.625
213623  , -0.95342433 , 0.38136974 , 10.119919    , 0.093731344 , -0.037492536 , -0.9948913    ,-7.75 , 20.125 , -43.625
53497313  , -0.95342433 , 0.38136974 , 10.119919    , 0.09373133 , -0.037492536 , -0.99489117    ,-7.75 , 20.625 , -43.875
244141  , -0.10896278 , 0.6537767 , 9.847511    , 0.011040026 , -0.06624018 , -0.99774265    ,-7.75 , 20.625 , -43.875
24414062  , -0.42223078 , 0.9942854 , 10.079058    , 0.041653343 , -0.09808691 , -0.9943057    ,-7.75 , 20.625 , -43.875
28778075  , -0.42223078 , 0.9942854 , 10.079058    , 0.041653343 , -0.0980869 , -0.9943056    ,-7.5 , 20.125 , -43.625
244141  , -0.23154591 , 1.0351465 , 10.147159    , 0.022695128 , -0.101460576 , -0.9945805    ,-7.5 , 20.125 , -43.625
29235839  , -0.23154591 , 1.0351465 , 10.147159    , 0.022695132 , -0.101460576 , -0.99458057    ,-7.0 , 20.375 , -43.375
274658  , -0.27240697 , 0.95342433 , 9.956474    , 0.0272251 , -0.09528785 , -0.9950775    ,-7.0 , 20.375 , -43.375
29663085  , -0.27240697 , 0.95342433 , 9.956474    , 0.027225101 , -0.095287845 , -0.9950774    ,-7.5 , 20.625 , -43.125
274658  , -0.53119355 , 0.50395286 , 9.997335    , 0.052991573 , -0.05027406 , -0.9973286    ,-7.5 , 20.625 , -43.125
39794923  , -0.53119355 , 0.50395286 , 9.997335    , 0.052991576 , -0.050274063 , -0.9973287    ,-7.75 , 20.875 , -43.125
488281  , -0.29964766 , 0.5720546 , 9.765789    , 0.03061654 , -0.05844976 , -0.99782085    ,-7.75 , 20.875 , -43.125
40588380  , -0.29964766 , 0.5720546 , 9.765789    , 0.030616537 , -0.05844975 , -0.9978206    ,-8.0 , 21.375 , -43.375
488281  , 0.38136974 , 0.6946377 , 9.697687    , -0.0391952 , -0.071391255 , -0.99667794    ,-8.0 , 21.375 , -43.375
36987306  , 0.38136974 , 0.6946377 , 9.697687    , -0.039195202 , -0.071391255 , -0.99667794    ,-8.5 , 21.375 , -43.375
274659  , -0.23154591 , 0.53119355 , 9.847511    , 0.02347254 , -0.05384877 , -0.9982733    ,-8.5 , 21.375 , -43.375
29937745  , -0.23154591 , 0.53119355 , 9.847511    , 0.02347254 , -0.053848762 , -0.9982733    ,-7.75 , 21.125 , -43.375
213623  , -0.14982383 , 1.2666923 , 10.119919    , 0.01468863 , -0.124185674 , -0.99215025    ,-7.75 , 21.125 , -43.375
39764405  , -0.14982383 , 1.2666923 , 10.119919    , 0.0146886315 , -0.12418568 , -0.9921503    ,-7.25 , 21.125 , -43.375
244140  , 0.50395286 , 1.0351465 , 10.147159    , -0.049347803 , -0.10136308 , -0.99362475    ,-7.25 , 21.125 , -43.375
39489747  , 0.50395286 , 1.0351465 , 10.147159    , -0.049347803 , -0.10136307 , -0.9936247    ,-7.0 , 20.875 , -42.9375
305176  , -0.0 , 0.10896278 , 10.038197    , 2.3283064E-10 , -0.010854175 , -0.999941    ,-7.0 , 20.875 , -42.9375
39184570  , -0.0 , 0.10896278 , 10.038197    , -2.3283064E-10 , -0.010854176 , -0.9999411    ,-6.5 , 20.375 , -42.9375
305176  , -0.29964766 , 0.46309182 , 10.310603    , 0.029020587 , -0.044849996 , -0.99857193    ,-6.5 , 20.375 , -42.9375
38879394  , -0.29964766 , 0.46309182 , 10.310603    , 0.029020593 , -0.044850007 , -0.9985721    ,-6.75 , 20.375 , -43.375
366211  , 0.23154591 , 0.6946377 , 9.724928    , -0.023742326 , -0.07122697 , -0.99717754    ,-6.75 , 20.375 , -43.375
30120849  , 0.23154591 , 0.6946377 , 9.724928    , -0.023742318 , -0.07122697 , -0.9971774    ,-5.9375 , 20.375 , -43.625
305176  , -0.19068487 , 0.38136974 , 9.956474    , 0.01913431 , -0.038268622 , -0.9990843    ,-5.9375 , 20.375 , -43.625
38360595  , -0.19068487 , 0.38136974 , 9.956474    , 0.019134305 , -0.038268615 , -0.99908423    ,-5.9375 , 20.375 , -44.125
244141  , -0.84446156 , 0.46309182 , 9.765789    , 0.086053945 , -0.047190875 , -0.99517226    ,-5.9375 , 20.375 , -44.125
29235839  , -0.84446156 , 0.46309182 , 9.765789    , 0.08605394 , -0.047190882 , -0.9951722    ,-5.6875 , 20.625 , -44.125
244140  , -0.08172209 , 0.53119355 , 9.425281    , 0.008656461 , -0.05626698 , -0.9983783    ,-5.6875 , 20.625 , -44.125
29754638  , -0.08172209 , 0.53119355 , 9.425281    , 0.008656457 , -0.056266975 , -0.99837816    ,-5.4375 , 20.375 , -43.875
213623  , -0.42223078 , 0.50395286 , 9.847511    , 0.04278166 , -0.05106198 , -0.9977787    ,-5.4375 , 20.375 , -43.875
29968261  , -0.42223078 , 0.50395286 , 9.847511    , 0.042781666 , -0.05106198 , -0.99777865    ,-5.9375 , 20.375 , -43.875
274658  , -0.7218784 , 0.5720546 , 9.915613    , 0.07249014 , -0.057445012 , -0.9957136    ,-5.9375 , 20.375 , -43.875
39764403  , -0.7218784 , 0.5720546 , 9.915613    , 0.072490126 , -0.057445012 , -0.99571353    ,-5.6875 , 20.625 , -44.125
335693  , -1.1441092 , 0.50395286 , 10.310603    , 0.11015755 , -0.048521776 , -0.9927293    ,-5.6875 , 20.625 , -44.125
39642336  , -1.1441092 , 0.50395286 , 10.310603    , 0.11015753 , -0.048521765 , -0.99272907    ,-5.4375 , 20.375 , -43.875
366211  , -0.19068487 , 0.8036005 , 9.80665    , 0.019375848 , -0.08165536 , -0.9964722    ,-5.4375 , 20.375 , -43.875
40557863  , -0.19068487 , 0.8036005 , 9.80665    , 0.019375853 , -0.081655376 , -0.99647236    ,-5.6875 , 20.375 , -43.375
213623  , -0.29964766 , 0.5720546 , 9.724928    , 0.030744608 , -0.05869425 , -0.99780226    ,-5.6875 , 20.375 , -43.375
37567140  , -0.29964766 , 0.5720546 , 9.724928    , 0.030744612 , -0.058694255 , -0.9978023    ,-5.4375 , 20.125 , -42.9375
244140  , -0.27240697 , 0.7218784 , 9.724928    , 0.027923454 , -0.07399715 , -0.99686724    ,-5.4375 , 20.125 , -42.9375
54351808  , -0.27240697 , 0.7218784 , 9.724928    , 0.027923461 , -0.07399717 , -0.9968675    ,-5.4375 , 20.125 , -42.4375
244140  , -0.88532263 , 0.84446156 , 9.534244    , 0.09210193 , -0.08785108 , -0.99186695    ,-5.4375 , 20.125 , -42.4375
14862062  , -0.88532263 , 0.84446156 , 9.534244    , 0.09210192 , -0.087851055 , -0.9918667    ,-5.9375 , 20.625 , -42.6875
244141  , -0.61291564 , 0.5720546 , 9.697687    , 0.062967375 , -0.05876956 , -0.9962839    ,-5.9375 , 20.625 , -42.6875
38604737  , -0.61291564 , 0.5720546 , 9.697687    , 0.062967375 , -0.058769558 , -0.9962838    ,-5.1875 , 21.125 , -43.375
213623  , -0.6537767 , 0.38136974 , 9.615966    , 0.067779034 , -0.039537773 , -0.9969167    ,-5.1875 , 21.125 , -43.375
39733886  , -0.6537767 , 0.38136974 , 9.615966    , 0.06777903 , -0.039537765 , -0.99691653    ,-5.1875 , 21.125 , -43.875
366211  , -0.50395286 , -0.23154591 , 9.80665    , 0.05130691 , 0.023573447 , -0.99840486    ,-5.1875 , 21.125 , -43.875
40740966  , -0.50395286 , -0.23154591 , 9.80665    , 0.051306907 , 0.023573445 , -0.99840474    ,-4.9375 , 21.625 , -43.875
396728  , -0.61291564 , 0.6946377 , 9.697687    , 0.06291583 , -0.071304604 , -0.9954683    ,-4.9375 , 21.625 , -43.875
37322998  , -0.61291564 , 0.6946377 , 9.697687    , 0.06291584 , -0.07130463 , -0.99546844    ,-5.1875 , 21.625 , -43.625
274659  , -0.7218784 , 0.313268 , 10.18802    , 0.07064519 , -0.030657353 , -0.9970304    ,-5.1875 , 21.625 , -43.625
29907226  , -0.7218784 , 0.313268 , 10.18802    , 0.07064519 , -0.030657353 , -0.99703026    ,-5.1875 , 21.375 , -43.625
274658  , -0.38136974 , 0.3405087 , 9.888372    , 0.03851605 , -0.034389332 , -0.99866617    ,-5.1875 , 21.375 , -43.625
39337157  , -0.38136974 , 0.3405087 , 9.888372    , 0.038516045 , -0.03438933 , -0.998666    ,-4.9375 , 22.125 , -43.375
305176  , -0.23154591 , 0.14982383 , 10.079058    , 0.022964383 , -0.014859307 , -0.99962604    ,-4.9375 , 22.125 , -43.375
32409666  , -0.23154591 , 0.14982383 , 10.079058    , 0.022964375 , -0.014859304 , -0.99962586    ,-4.9375 , 21.625 , -42.9375
488281  , -0.0 , 0.84446156 , 10.038197    , 0.0 , -0.083828725 , -0.99648017    ,-4.9375 , 21.625 , -42.9375
36254882  , -0.0 , 0.84446156 , 10.038197    , 9.313226E-10 , -0.08382874 , -0.99648035    ,-3.9375 , 21.375 , -42.6875
274659  , -0.38136974 , 0.42223078 , 9.997335    , 0.038085505 , -0.042166095 , -0.9983843    ,-3.9375 , 21.375 , -42.6875
78796391  , -0.38136974 , 0.42223078 , 9.997335    , 0.038085505 , -0.04216609 , -0.99838436    ,-4.1875 , 21.875 , -42.4375
213624  , 0.19068487 , 0.23154591 , 9.997335    , -0.01906499 , -0.023150343 , -0.9995502    ,-4.1875 , 21.875 , -42.4375
30151368  , 0.19068487 , 0.23154591 , 9.997335    , -0.019064987 , -0.023150342 , -0.99955004    ,-3.9375 , 21.625 , -42.1875
274658  , -0.040861044 , 0.5720546 , 10.18802    , 0.004004355 , -0.056060985 , -0.9984194    ,-3.9375 , 21.625 , -42.1875
28991700  , -0.040861044 , 0.5720546 , 10.18802    , 0.0040043537 , -0.05606097 , -0.9984191    ,-3.4375 , 21.625 , -42.4375
305176  , -0.23154591 , 0.95342433 , 10.269742    , 0.022444222 , -0.0924174 , -0.9954674    ,-3.4375 , 21.625 , -42.4375
29296875  , -0.23154591 , 0.95342433 , 10.269742    , 0.022444222 , -0.09241739 , -0.99546725    ,-2.6875 , 21.875 , -42.9375
274658  , -0.19068487 , 0.6946377 , 10.269742    , 0.018522132 , -0.06747347 , -0.99754894    ,-2.6875 , 21.875 , -42.9375
39764405  , -0.19068487 , 0.6946377 , 10.269742    , 0.018522134 , -0.06747349 , -0.9975492    ,-1.875 , 21.875 , -42.6875
274658  , -0.10896278 , 0.23154591 , 9.915613    , 0.010985354 , -0.023343874 , -0.99966717    ,-1.875 , 21.875 , -42.6875
39306641  , -0.10896278 , 0.23154591 , 9.915613    , 0.010985352 , -0.023343872 , -0.99966705    ,-1.875 , 22.125 , -42.9375
335693  , -0.53119355 , 0.50395286 , 10.038197    , 0.052777015 , -0.0500705 , -0.9973503    ,-1.875 , 22.125 , -42.9375
40161132  , -0.53119355 , 0.50395286 , 10.038197    , 0.052777015 , -0.050070502 , -0.9973503    ,-2.4375 , 22.625 , -43.375
335694  , -0.88532263 , 0.38136974 , 10.119919    , 0.08708895 , -0.037515238 , -0.9954937    ,-2.4375 , 22.625 , -43.375
38269043  , -0.88532263 , 0.38136974 , 10.119919    , 0.08708896 , -0.037515253 , -0.99549395    ,-3.1875 , 22.625 , -43.375
366211  , -0.61291564 , 0.53119355 , 10.119919    , 0.060371675 , -0.052322127 , -0.9968035    ,-3.1875 , 22.625 , -43.375
30975341  , -0.61291564 , 0.53119355 , 10.119919    , 0.060371693 , -0.052322138 , -0.9968038    ,-3.9375 , 21.875 , -43.625
732422  , -0.7218784 , 0.53119355 , 9.997335    , 0.07191865 , -0.052921273 , -0.99600565    ,-3.9375 , 21.875 , -43.625
38269042  , -0.7218784 , 0.53119355 , 9.997335    , 0.07191865 , -0.052921273 , -0.99600554    ,-3.9375 , 21.875 , -43.375
213623  , -0.38136974 , 0.6537767 , 9.956474    , 0.0381935 , -0.06547457 , -0.99712306    ,-3.9375 , 21.875 , -43.375
38757323  , -0.38136974 , 0.6537767 , 9.956474    , 0.038193505 , -0.06547457 , -0.9971233    ,-3.9375 , 21.625 , -42.4375
213623  , -1.2666923 , 0.5720546 , 9.275456    , 0.13505608 , -0.060993064 , -0.98895884    ,-3.9375 , 21.625 , -42.4375
43273924  , -1.2666923 , 0.5720546 , 9.275456    , 0.13505608 , -0.06099307 , -0.98895895    ,-3.6875 , 21.625 , -42.1875
244141  , -0.53119355 , 0.08172209 , 9.888372    , 0.05363983 , -0.008252282 , -0.9985261    ,-3.6875 , 21.625 , -42.1875
44219972  , -0.53119355 , 0.08172209 , 9.888372    , 0.05363984 , -0.008252286 , -0.99852633    ,-3.4375 , 21.875 , -42.4375
274658  , 0.19068487 , 1.334794 , 9.997335    , -0.018902425 , -0.13231698 , -0.9910272    ,-3.4375 , 21.875 , -42.4375
