time, x, y, z, orX, orY, orZ, orRowX, orRowY, orRowZ
63414634  , -0.07361111 , -0.8277778 , 0.5777778    , 0.0 , 0.0 , -1.0    ,14.875 , -35.0 , -26.75
182927  , -0.07361111 , -0.8277778 , 0.5777778    , 0.0 , 0.0 , -1.0    ,14.875 , -35.25 , -27.25
45365854  , -0.07083333 , -0.8444445 , 0.5902778    , 0.0 , 0.0 , -1.0    ,14.875 , -35.25 , -27.25
274390  , -0.07083333 , -0.8444445 , 0.5902778    , 0.0 , 0.0 , -1.0    ,14.875 , -35.5 , -27.25
30518293  , -0.07083333 , -0.8444445 , 0.6166667    , 0.0 , 0.0 , -1.0    ,14.875 , -35.5 , -27.25
182927  , -0.07083333 , -0.8444445 , 0.6166667    , 0.0 , 0.0 , -1.0    ,14.5625 , -35.5 , -27.75
29329269  , -0.08194444 , -0.83194447 , 0.6291667    , 0.0 , 0.0 , -1.0    ,14.5625 , -35.5 , -27.75
213414  , -0.08194444 , -0.83194447 , 0.6291667    , 0.0 , 0.0 , -1.0    ,14.5625 , -35.75 , -28.0
29603658  , -0.07361111 , -0.8361111 , 0.63611114    , 0.0 , 0.0 , -1.0    ,14.5625 , -35.75 , -28.0
182927  , -0.07361111 , -0.8361111 , 0.63611114    , 0.0 , 0.0 , -1.0    ,14.875 , -35.75 , -27.5
27042683  , -0.07361111 , -0.82361114 , 0.6333333    , 0.0 , 0.0 , -1.0    ,14.875 , -35.75 , -27.5
182927  , -0.07361111 , -0.82361114 , 0.6333333    , 0.0 , 0.0 , -1.0    ,14.3125 , -35.5 , -28.0
32134146  , -0.07083333 , -0.8277778 , 0.62083334    , 0.0 , 0.0 , -1.0    ,14.3125 , -35.5 , -28.0
213415  , -0.07083333 , -0.8277778 , 0.62083334    , 0.0 , 0.0 , -1.0    ,14.875 , -35.0 , -27.5
43109755  , -0.09027778 , -0.83194447 , 0.6097222    , 0.0 , 0.0 , -1.0    ,14.875 , -35.0 , -27.5
213414  , -0.09027778 , -0.83194447 , 0.6097222    , 0.0 , 0.0 , -1.0    ,15.125 , -35.0 , -27.25
29146341  , -0.08194444 , -0.8444445 , 0.625    , 0.0 , 0.0 , -1.0    ,15.125 , -35.0 , -27.25
213415  , -0.08194444 , -0.8444445 , 0.625    , 0.0 , 0.0 , -1.0    ,15.125 , -35.25 , -27.75
58871951  , -0.09027778 , -0.8361111 , 0.6166667    , 0.0 , 0.0 , -1.0    ,15.125 , -35.25 , -27.75
304878  , -0.09027778 , -0.8361111 , 0.6166667    , 0.0 , 0.0 , -1.0    ,15.875 , -35.5 , -28.0
41798780  , -0.08194444 , -0.8833334 , 0.6055556    , 0.0 , 0.0 , -1.0    ,15.875 , -35.5 , -28.0
182927  , -0.08194444 , -0.8833334 , 0.6055556    , 0.0 , 0.0 , -1.0    ,15.375 , -35.5 , -28.5
38932926  , -0.097222224 , -0.8277778 , 0.6097222    , 0.0 , 0.0 , -1.0    ,15.375 , -35.5 , -28.5
182927  , -0.097222224 , -0.8277778 , 0.6097222    , 0.0 , 0.0 , -1.0    ,15.375 , -35.25 , -28.0
7012196  , -0.097222224 , -0.8361111 , 0.6402778    , 0.0 , 0.0 , -1.0    ,15.375 , -35.25 , -28.0
213415  , -0.097222224 , -0.8361111 , 0.6402778    , 0.0 , 0.0 , -1.0    ,15.375 , -35.0 , -28.0
31097560  , -0.101388894 , -0.81666666 , 0.6402778    , 0.0 , 0.0 , -1.0    ,15.375 , -35.0 , -28.0
1463415  , -0.101388894 , -0.81666666 , 0.6402778    , 0.0 , 0.0 , -1.0    ,15.375 , -34.75 , -27.75
23475610  , -0.094444446 , -0.81666666 , 0.65694445    , 0.0 , 0.0 , -1.0    ,15.375 , -34.75 , -27.75
1554879  , -0.094444446 , -0.81666666 , 0.65694445    , 0.0 , 0.0 , -1.0    ,15.625 , -34.75 , -27.5
24085365  , -0.023611112 , -0.9027778 , 0.5972222    , 0.0 , 0.0 , -1.0    ,15.625 , -34.75 , -27.5
213414  , -0.023611112 , -0.9027778 , 0.5972222    , 0.0 , 0.0 , -1.0    ,15.875 , -34.5 , -28.5
24695122  , -0.019444445 , -0.86388886 , 0.5972222    , 0.0 , 0.0 , -1.0    ,15.875 , -34.5 , -28.5
213415  , -0.019444445 , -0.86388886 , 0.5972222    , 0.0 , 0.0 , -1.0    ,16.625 , -34.25 , -28.5
43689024  , -0.034722224 , -0.8013889 , 0.6402778    , 0.0 , 0.0 , -1.0    ,16.625 , -34.25 , -28.5
213414  , -0.034722224 , -0.8013889 , 0.6402778    , 0.0 , 0.0 , -1.0    ,16.875 , -33.75 , -29.0
45396341  , -0.004166667 , -0.87083334 , 0.8013889    , 0.0 , 0.0 , -1.0    ,16.875 , -33.75 , -29.0
213415  , -0.004166667 , -0.87083334 , 0.8013889    , 0.0 , 0.0 , -1.0    ,17.125 , -33.25 , -29.6875
26249999  , -0.015277779 , -0.8597222 , 0.92916673    , 0.0 , 0.0 , -1.0    ,17.125 , -33.25 , -29.6875
243902  , -0.015277779 , -0.8597222 , 0.92916673    , 0.0 , 0.0 , -1.0    ,17.875 , -32.25 , -29.9375
23841463  , -0.02777778 , -0.7263889 , 0.9527778    , 0.0 , 0.0 , -1.0    ,17.875 , -32.25 , -29.9375
1280487  , -0.02777778 , -0.7263889 , 0.9527778    , 0.0 , 0.0 , -1.0    ,17.875 , -31.0625 , -31.1875
22073170  , -0.07777778 , -0.6291667 , 0.92916673    , 0.0 , 0.0 , -1.0    ,17.875 , -31.0625 , -31.1875
213415  , -0.07777778 , -0.6291667 , 0.92916673    , 0.0 , 0.0 , -1.0    ,18.125 , -29.0625 , -32.375
38292683  , -0.011111111 , -0.6680556 , 0.9333334    , 0.0 , 0.0 , -1.0    ,18.125 , -29.0625 , -32.375
182926  , -0.011111111 , -0.6680556 , 0.9333334    , 0.0 , 0.0 , -1.0    ,18.375 , -26.8125 , -33.625
27530488  , 0.06666667 , -0.71944445 , 0.97638893    , 0.0 , 0.0 , -1.0    ,18.375 , -26.8125 , -33.625
213414  , 0.06666667 , -0.71944445 , 0.97638893    , 0.0 , 0.0 , -1.0    ,18.625 , -24.875 , -35.0625
35609755  , -0.05138889 , -0.5708333 , 0.7777778    , 0.0 , 0.0 , -1.0    ,18.625 , -24.875 , -35.0625
213414  , -0.05138889 , -0.5708333 , 0.7777778    , 0.0 , 0.0 , -1.0    ,19.1875 , -22.125 , -36.3125
27286585  , 0.06666667 , -0.5972222 , 0.75416666    , 0.0 , 0.0 , -1.0    ,19.1875 , -22.125 , -36.3125
213415  , 0.06666667 , -0.5972222 , 0.75416666    , 0.0 , 0.0 , -1.0    ,20.1875 , -19.625 , -37.3125
36859757  , 0.101388894 , -0.59444445 , 0.8833334    , 0.0 , 0.0 , -1.0    ,20.1875 , -19.625 , -37.3125
182927  , 0.101388894 , -0.59444445 , 0.8833334    , 0.0 , 0.0 , -1.0    ,21.4375 , -16.9375 , -38.5
35243902  , -0.011111111 , -0.4097222 , 0.85555553    , 0.0 , 0.0 , -1.0    ,21.4375 , -16.9375 , -38.5
213415  , -0.011111111 , -0.4097222 , 0.85555553    , 0.0 , 0.0 , -1.0    ,21.6875 , -14.1875 , -39.25
25914635  , 0.023611112 , -0.375 , 0.8041667    , 0.0 , 0.0 , -1.0    ,21.6875 , -14.1875 , -39.25
182927  , 0.023611112 , -0.375 , 0.8041667    , 0.0 , 0.0 , -1.0    ,22.4375 , -11.9375 , -39.5
36067074  , 0.097222224 , -0.3638889 , 0.7388889    , 0.0 , 0.0 , -1.0    ,22.4375 , -11.9375 , -39.5
182927  , 0.097222224 , -0.3638889 , 0.7388889    , 0.0 , 0.0 , -1.0    ,23.0 , -9.25 , -39.5
25030488  , 0.08194444 , -0.2847222 , 0.6680556    , 0.0 , 0.0 , -1.0    ,23.0 , -9.25 , -39.5
213414  , 0.08194444 , -0.2847222 , 0.6680556    , 0.0 , 0.0 , -1.0    ,23.75 , -6.5 , -39.25
27774390  , 0.101388894 , -0.24583335 , 0.62083334    , 0.0 , 0.0 , -1.0    ,23.75 , -6.5 , -39.25
182927  , 0.101388894 , -0.24583335 , 0.62083334    , 0.0 , 0.0 , -1.0    ,25.0 , -2.8125 , -39.0
27439024  , 0.034722224 , -0.097222224 , 0.6486111    , 0.0 , 0.0 , -1.0    ,25.0 , -2.8125 , -39.0
182927  , 0.034722224 , -0.097222224 , 0.6486111    , 0.0 , 0.0 , -1.0    ,25.25 , 0.9375 , -39.0
29512195  , -0.03888889 , 0.097222224 , 0.71944445    , 0.0 , 0.0 , -1.0    ,25.25 , 0.9375 , -39.0
243902  , -0.03888889 , 0.097222224 , 0.71944445    , 0.0 , 0.0 , -1.0    ,25.0 , 5.125 , -39.25
29817073  , -0.011111111 , 0.14861111 , 0.73472226    , 0.0 , 0.0 , -1.0    ,25.0 , 5.125 , -39.25
213414  , -0.011111111 , 0.14861111 , 0.73472226    , 0.0 , 0.0 , -1.0    ,23.75 , 9.375 , -39.25
39298780  , 0.008333334 , 0.18333334 , 0.76944447    , 0.0 , 0.0 , -1.0    ,23.75 , 9.375 , -39.25
243902  , 0.008333334 , 0.18333334 , 0.76944447    , 0.0 , 0.0 , -1.0    ,22.1875 , 12.0625 , -39.25
40579269  , -0.05138889 , 0.21111113 , 0.76111114    , 0.0 , 0.0 , -1.0    ,22.1875 , 12.0625 , -39.25
335366  , -0.05138889 , 0.21111113 , 0.76111114    , 0.0 , 0.0 , -1.0    ,20.9375 , 15.0625 , -39.0
39664634  , -0.105555564 , 0.15972222 , 0.9097222    , 0.0 , 0.0 , -1.0    ,20.9375 , 15.0625 , -39.0
426830  , -0.105555564 , 0.15972222 , 0.9097222    , 0.0 , 0.0 , -1.0    ,19.1875 , 17.8125 , -39.25
38292683  , -0.07777778 , 0.15972222 , 1.0472223    , 0.0 , 0.0 , -1.0    ,19.1875 , 17.8125 , -39.25
426830  , -0.07777778 , 0.15972222 , 1.0472223    , 0.0 , 0.0 , -1.0    ,17.875 , 19.5 , -39.5
39146342  , -0.13611111 , 0.09305556 , 1.0430555    , 0.0 , 0.0 , -1.0    ,17.875 , 19.5 , -39.5
426829  , -0.13611111 , 0.09305556 , 1.0430555    , 0.0 , 0.0 , -1.0    ,16.125 , 20.25 , -39.75
39512195  , -0.16388889 , -0.008333334 , 0.9805556    , 0.0 , 0.0 , -1.0    ,16.125 , 20.25 , -39.75
213415  , -0.16388889 , -0.008333334 , 0.9805556    , 0.0 , 0.0 , -1.0    ,13.8125 , 20.25 , -40.6875
39115854  , -0.23472224 , -0.06666667 , 1.1791667    , 0.0 , 0.0 , -1.0    ,13.8125 , 20.25 , -40.6875
304878  , -0.23472224 , -0.06666667 , 1.1791667    , 0.0 , 0.0 , -1.0    ,12.0625 , 18.0 , -41.6875
39268293  , -0.36666667 , -0.15972222 , 1.3125    , 0.0 , 0.0 , -1.0    ,12.0625 , 18.0 , -41.6875
304878  , -0.36666667 , -0.15972222 , 1.3125    , 0.0 , 0.0 , -1.0    ,9.5 , 15.0625 , -42.6875
39878049  , -0.34722224 , -0.21527778 , 1.2194444    , 0.0 , 0.0 , -1.0    ,9.5 , 15.0625 , -42.6875
335366  , -0.34722224 , -0.21527778 , 1.2194444    , 0.0 , 0.0 , -1.0    ,7.25 , 12.0625 , -44.125
39329268  , -0.34722224 , -0.29722223 , 1.0777779    , 0.0 , 0.0 , -1.0    ,7.25 , 12.0625 , -44.125
426829  , -0.34722224 , -0.29722223 , 1.0777779    , 0.0 , 0.0 , -1.0    ,4.9375 , 8.625 , -44.875
39054878  , -0.35555556 , -0.39444447 , 1.1680557    , 0.0 , 0.0 , -1.0    ,4.9375 , 8.625 , -44.875
396341  , -0.35555556 , -0.39444447 , 1.1680557    , 0.0 , 0.0 , -1.0    ,2.6875 , 4.875 , -45.375
38597561  , -0.37083334 , -0.46944448 , 1.1680557    , 0.0 , 0.0 , -1.0    ,2.6875 , 4.875 , -45.375
426829  , -0.37083334 , -0.46944448 , 1.1680557    , 0.0 , 0.0 , -1.0    ,1.375 , 2.1875 , -45.375
39207317  , -0.38333336 , -0.5083333 , 1.0861111    , 0.0 , 0.0 , -1.0    ,1.375 , 2.1875 , -45.375
426829  , -0.38333336 , -0.5083333 , 1.0861111    , 0.0 , 0.0 , -1.0    ,-0.375 , -0.0625 , -45.375
38963415  , -0.36666667 , -0.5777778 , 1.0541667    , 0.0 , 0.0 , -1.0    ,-0.375 , -0.0625 , -45.375
426829  , -0.36666667 , -0.5777778 , 1.0541667    , 0.0 , 0.0 , -1.0    ,-1.125 , -3.5625 , -45.375
39359757  , -0.37083334 , -0.65694445 , 0.9805556    , 0.0 , 0.0 , -1.0    ,-1.125 , -3.5625 , -45.375
426829  , -0.37083334 , -0.65694445 , 0.9805556    , 0.0 , 0.0 , -1.0    ,-1.875 , -5.5 , -45.125
38871951  , -0.3638889 , -0.71944445 , 0.9527778    , 0.0 , 0.0 , -1.0    ,-1.875 , -5.5 , -45.125
182927  , -0.3638889 , -0.71944445 , 0.9527778    , 0.0 , 0.0 , -1.0    ,-2.6875 , -8.5 , -44.875
39725610  , -0.37083334 , -0.7583333 , 0.9611111    , 0.0 , 0.0 , -1.0    ,-2.6875 , -8.5 , -44.875
274390  , -0.37083334 , -0.7583333 , 0.9611111    , 0.0 , 0.0 , -1.0    ,-2.4375 , -11.6875 , -43.875
39908537  , -0.34722224 , -0.81250006 , 0.92222226    , 0.0 , 0.0 , -1.0    ,-2.4375 , -11.6875 , -43.875
426830  , -0.34722224 , -0.81250006 , 0.92222226    , 0.0 , 0.0 , -1.0    ,-3.1875 , -14.4375 , -42.9375
38871951  , -0.3638889 , -0.8277778 , 0.9333334    , 0.0 , 0.0 , -1.0    ,-3.1875 , -14.4375 , -42.9375
426829  , -0.3638889 , -0.8277778 , 0.9333334    , 0.0 , 0.0 , -1.0    ,-3.4375 , -17.6875 , -41.4375
39115853  , -0.2888889 , -0.89861107 , 0.8791667    , 0.0 , 0.0 , -1.0    ,-3.4375 , -17.6875 , -41.4375
426829  , -0.2888889 , -0.89861107 , 0.8791667    , 0.0 , 0.0 , -1.0    ,-3.4375 , -19.875 , -40.6875
85030487  , -0.21944445 , -0.9027778 , 0.7416667    , 0.0 , 0.0 , -1.0    ,-3.4375 , -19.875 , -40.6875
487805  , -0.21944445 , -0.9027778 , 0.7416667    , 0.0 , 0.0 , -1.0    ,-3.4375 , -22.125 , -40.0
34542683  , -0.21111113 , -0.8791667 , 0.7972222    , 0.0 , 0.0 , -1.0    ,-3.4375 , -22.125 , -40.0
182927  , -0.21111113 , -0.8791667 , 0.7972222    , 0.0 , 0.0 , -1.0    ,-2.1875 , -23.125 , -39.25
22134146  , -0.21944445 , -0.85555553 , 0.8833334    , 0.0 , 0.0 , -1.0    ,-2.1875 , -23.125 , -39.25
213415  , -0.21944445 , -0.85555553 , 0.8833334    , 0.0 , 0.0 , -1.0    ,-1.375 , -23.375 , -39.0
22987805  , -0.19166668 , -0.76111114 , 0.7972222    , 0.0 , 0.0 , -1.0    ,-1.375 , -23.375 , -39.0
182927  , -0.19166668 , -0.76111114 , 0.7972222    , 0.0 , 0.0 , -1.0    ,-0.875 , -23.625 , -38.75
23810976  , -0.17638889 , -0.7416667 , 0.75416666    , 0.0 , 0.0 , -1.0    ,-0.875 , -23.625 , -38.75
213414  , -0.17638889 , -0.7416667 , 0.75416666    , 0.0 , 0.0 , -1.0    ,-0.625 , -22.375 , -39.75
24054878  , -0.1875 , -0.75416666 , 0.7972222    , 0.0 , 0.0 , -1.0    ,-0.625 , -22.375 , -39.75
243903  , -0.1875 , -0.75416666 , 0.7972222    , 0.0 , 0.0 , -1.0    ,-0.625 , -20.375 , -40.6875
31798780  , -0.06666667 , -0.69861114 , 0.7736111    , 0.0 , 0.0 , -1.0    ,-0.625 , -20.375 , -40.6875
182926  , -0.06666667 , -0.69861114 , 0.7736111    , 0.0 , 0.0 , -1.0    ,-0.125 , -17.6875 , -42.9375
42835365  , -0.13611111 , -0.58194447 , 0.7111111    , 0.0 , 0.0 , -1.0    ,-0.125 , -17.6875 , -42.9375
182927  , -0.13611111 , -0.58194447 , 0.7111111    , 0.0 , 0.0 , -1.0    ,0.375 , -13.6875 , -44.375
26920732  , -0.07777778 , -0.45694444 , 0.75    , 0.0 , 0.0 , -1.0    ,0.375 , -13.6875 , -44.375
365854  , -0.07777778 , -0.45694444 , 0.75    , 0.0 , 0.0 , -1.0    ,1.125 , -9.25 , -45.125
25121952  , -0.07777778 , -0.4027778 , 0.6291667    , 0.0 , 0.0 , -1.0    ,1.125 , -9.25 , -45.125
213414  , -0.07777778 , -0.4027778 , 0.6291667    , 0.0 , 0.0 , -1.0    ,2.1875 , -4.75 , -45.625
30091463  , -0.031944446 , -0.35555556 , 0.53888893    , 0.0 , 0.0 , -1.0    ,2.1875 , -4.75 , -45.625
182927  , -0.031944446 , -0.35555556 , 0.53888893    , 0.0 , 0.0 , -1.0    ,2.9375 , -0.3125 , -44.875
29908536  , -0.03888889 , -0.17222223 , 0.57361114    , 0.0 , 0.0 , -1.0    ,2.9375 , -0.3125 , -44.875
213415  , -0.03888889 , -0.17222223 , 0.57361114    , 0.0 , 0.0 , -1.0    ,3.9375 , 4.125 , -44.625
39542683  , -0.11388889 , 0.03888889 , 0.53194445    , 0.0 , 0.0 , -1.0    ,3.9375 , 4.125 , -44.625
213415  , -0.11388889 , 0.03888889 , 0.53194445    , 0.0 , 0.0 , -1.0    ,4.4375 , 8.875 , -43.875
40609756  , -0.07777778 , 0.21805556 , 0.63611114    , 0.0 , 0.0 , -1.0    ,4.4375 , 8.875 , -43.875
426829  , -0.07777778 , 0.21805556 , 0.63611114    , 0.0 , 0.0 , -1.0    ,4.9375 , 13.0625 , -43.625
38475609  , -0.015277779 , 0.16805556 , 0.7111111    , 0.0 , 0.0 , -1.0    ,4.9375 , 13.0625 , -43.625
426829  , -0.015277779 , 0.16805556 , 0.7111111    , 0.0 , 0.0 , -1.0    ,4.9375 , 16.8125 , -42.4375
39207318  , 0.03888889 , 0.101388894 , 0.8208333    , 0.0 , 0.0 , -1.0    ,4.9375 , 16.8125 , -42.4375
426829  , 0.03888889 , 0.101388894 , 0.8208333    , 0.0 , 0.0 , -1.0    ,4.4375 , 19.25 , -41.4375
39115854  , 0.08194444 , 0.047222223 , 0.8444445    , 0.0 , 0.0 , -1.0    ,4.4375 , 19.25 , -41.4375
426829  , 0.08194444 , 0.047222223 , 0.8444445    , 0.0 , 0.0 , -1.0    ,5.1875 , 20.25 , -41.1875
39085366  , 0.06666667 , 0.08611111 , 0.89861107    , 0.0 , 0.0 , -1.0    ,5.1875 , 20.25 , -41.1875
426829  , 0.06666667 , 0.08611111 , 0.89861107    , 0.0 , 0.0 , -1.0    ,4.9375 , 21.75 , -40.0
39024390  , 0.08194444 , 0.12916666 , 0.8666667    , 0.0 , 0.0 , -1.0    ,4.9375 , 21.75 , -40.0
396342  , 0.08194444 , 0.12916666 , 0.8666667    , 0.0 , 0.0 , -1.0    ,5.6875 , 23.0 , -39.5
39115854  , 0.09027778 , 0.15277778 , 0.88611114    , 0.0 , 0.0 , -1.0    ,5.6875 , 23.0 , -39.5
396342  , 0.09027778 , 0.15277778 , 0.88611114    , 0.0 , 0.0 , -1.0    ,6.1875 , 24.9375 , -38.5
39054878  , 0.05138889 , 0.21111113 , 0.92916673    , 0.0 , 0.0 , -1.0    ,6.1875 , 24.9375 , -38.5
426830  , 0.05138889 , 0.21111113 , 0.92916673    , 0.0 , 0.0 , -1.0    ,5.6875 , 27.6875 , -36.8125
39512195  , 0.13333334 , 0.32083333 , 0.9180556    , 0.0 , 0.0 , -1.0    ,5.6875 , 27.6875 , -36.8125
426829  , 0.13333334 , 0.32083333 , 0.9180556    , 0.0 , 0.0 , -1.0    ,5.4375 , 29.9375 , -34.625
39573170  , 0.14444445 , 0.35555556 , 0.90694445    , 0.0 , 0.0 , -1.0    ,5.4375 , 29.9375 , -34.625
426829  , 0.14444445 , 0.35555556 , 0.90694445    , 0.0 , 0.0 , -1.0    ,4.6875 , 32.375 , -32.375
38536586  , 0.12916666 , 0.41805556 , 0.78194445    , 0.0 , 0.0 , -1.0    ,4.6875 , 32.375 , -32.375
426829  , 0.12916666 , 0.41805556 , 0.78194445    , 0.0 , 0.0 , -1.0    ,4.4375 , 33.875 , -30.1875
39054878  , 0.07777778 , 0.3986111 , 0.78472227    , 0.0 , 0.0 , -1.0    ,4.4375 , 33.875 , -30.1875
426829  , 0.07777778 , 0.3986111 , 0.78472227    , 0.0 , 0.0 , -1.0    ,3.6875 , 34.875 , -28.75
48140244  , 0.058333337 , 0.3013889 , 0.99583334    , 0.0 , 0.0 , -1.0    ,3.6875 , 34.875 , -28.75
213415  , 0.058333337 , 0.3013889 , 0.99583334    , 0.0 , 0.0 , -1.0    ,3.1875 , 35.375 , -29.1875
19725610  , 0.058333337 , 0.23472224 , 1.1208334    , 0.0 , 0.0 , -1.0    ,3.1875 , 35.375 , -29.1875
213415  , 0.058333337 , 0.23472224 , 1.1208334    , 0.0 , 0.0 , -1.0    ,2.4375 , 34.625 , -30.1875
39176829  , -0.02777778 , 0.17916667 , 1.1013889    , 0.0 , 0.0 , -1.0    ,2.4375 , 34.625 , -30.1875
213415  , -0.02777778 , 0.17916667 , 1.1013889    , 0.0 , 0.0 , -1.0    ,1.375 , 33.875 , -31.875
40274391  , -0.0625 , 0.12916666 , 1.1833333    , 0.0 , 0.0 , -1.0    ,1.375 , 33.875 , -31.875
396342  , -0.0625 , 0.12916666 , 1.1833333    , 0.0 , 0.0 , -1.0    ,-0.125 , 31.9375 , -33.375
39176830  , -0.13611111 , 0.101388894 , 1.3041667    , 0.0 , 0.0 , -1.0    ,-0.125 , 31.9375 , -33.375
426829  , -0.13611111 , 0.101388894 , 1.3041667    , 0.0 , 0.0 , -1.0    ,-2.1875 , 29.6875 , -34.375
39390244  , -0.12083334 , 0.008333334 , 1.301389    , 0.0 , 0.0 , -1.0    ,-2.1875 , 29.6875 , -34.375
426829  , -0.12083334 , 0.008333334 , 1.301389    , 0.0 , 0.0 , -1.0    ,-3.6875 , 27.1875 , -35.8125
39024390  , -0.13333334 , -0.0625 , 1.2652777    , 0.0 , 0.0 , -1.0    ,-3.6875 , 27.1875 , -35.8125
426830  , -0.13333334 , -0.0625 , 1.2652777    , 0.0 , 0.0 , -1.0    ,-5.9375 , 24.25 , -37.0625
38963415  , -0.17638889 , -0.14027779 , 1.3236111    , 0.0 , 0.0 , -1.0    ,-5.9375 , 24.25 , -37.0625
426829  , -0.17638889 , -0.14027779 , 1.3236111    , 0.0 , 0.0 , -1.0    ,-7.75 , 21.75 , -38.0
38719512  , -0.25416666 , -0.18333334 , 1.4611111    , 0.0 , 0.0 , -1.0    ,-7.75 , 21.75 , -38.0
213414  , -0.25416666 , -0.18333334 , 1.4611111    , 0.0 , 0.0 , -1.0    ,-9.25 , 19.0 , -39.5
40000000  , -0.29305556 , -0.21111113 , 1.4333334    , 0.0 , 0.0 , -1.0    ,-9.25 , 19.0 , -39.5
213414  , -0.29305556 , -0.21111113 , 1.4333334    , 0.0 , 0.0 , -1.0    ,-11.0625 , 16.3125 , -40.4375
38993902  , -0.23055556 , -0.23888889 , 1.2847222    , 0.0 , 0.0 , -1.0    ,-11.0625 , 16.3125 , -40.4375
213415  , -0.23055556 , -0.23888889 , 1.2847222    , 0.0 , 0.0 , -1.0    ,-12.0625 , 13.5625 , -41.4375
39908537  , -0.21944445 , -0.2847222 , 1.2652777    , 0.0 , 0.0 , -1.0    ,-12.0625 , 13.5625 , -41.4375
304878  , -0.21944445 , -0.2847222 , 1.2652777    , 0.0 , 0.0 , -1.0    ,-12.8125 , 9.875 , -42.4375
39298780  , -0.21944445 , -0.31666666 , 1.1986111    , 0.0 , 0.0 , -1.0    ,-12.8125 , 9.875 , -42.4375
426829  , -0.21944445 , -0.31666666 , 1.1986111    , 0.0 , 0.0 , -1.0    ,-12.5625 , 6.125 , -43.375
39115854  , -0.14444445 , -0.39444447 , 1.1333333    , 0.0 , 0.0 , -1.0    ,-12.5625 , 6.125 , -43.375
426830  , -0.14444445 , -0.39444447 , 1.1333333    , 0.0 , 0.0 , -1.0    ,-12.5625 , 2.1875 , -43.875
39085366  , -0.12083334 , -0.4416667 , 1.0513889    , 0.0 , 0.0 , -1.0    ,-12.5625 , 2.1875 , -43.875
426829  , -0.12083334 , -0.4416667 , 1.0513889    , 0.0 , 0.0 , -1.0    ,-11.8125 , -1.8125 , -43.875
39146342  , -0.10972223 , -0.48055556 , 1.0    , 0.0 , 0.0 , -1.0    ,-11.8125 , -1.8125 , -43.875
396342  , -0.10972223 , -0.48055556 , 1.0    , 0.0 , 0.0 , -1.0    ,-10.5625 , -5.25 , -44.375
39420732  , -0.101388894 , -0.53888893 , 0.9847223    , 0.0 , 0.0 , -1.0    ,-10.5625 , -5.25 , -44.375
426829  , -0.101388894 , -0.53888893 , 0.9847223    , 0.0 , 0.0 , -1.0    ,-10.25 , -8.25 , -43.625
38689024  , -0.07361111 , -0.6166667 , 1.0819445    , 0.0 , 0.0 , -1.0    ,-10.25 , -8.25 , -43.625
426830  , -0.07361111 , -0.6166667 , 1.0819445    , 0.0 , 0.0 , -1.0    ,-9.25 , -10.6875 , -43.125
39207317  , -0.054166667 , -0.61388886 , 0.97638893    , 0.0 , 0.0 , -1.0    ,-9.25 , -10.6875 , -43.125
426829  , -0.054166667 , -0.61388886 , 0.97638893    , 0.0 , 0.0 , -1.0    ,-8.5 , -11.9375 , -43.125
39359757  , -0.10972223 , -0.51944447 , 0.875    , 0.0 , 0.0 , -1.0    ,-8.5 , -11.9375 , -43.125
426829  , -0.10972223 , -0.51944447 , 0.875    , 0.0 , 0.0 , -1.0    ,-7.25 , -11.6875 , -42.9375
39237805  , -0.08611111 , -0.4916667 , 0.8944445    , 0.0 , 0.0 , -1.0    ,-7.25 , -11.6875 , -42.9375
426830  , -0.08611111 , -0.4916667 , 0.8944445    , 0.0 , 0.0 , -1.0    ,-5.6875 , -10.0 , -43.875
23750001  , 0.034722224 , -0.48472223 , 0.84027785    , 0.0 , 0.0 , -1.0    ,-5.6875 , -10.0 , -43.875
426829  , 0.034722224 , -0.48472223 , 0.84027785    , 0.0 , 0.0 , -1.0    ,-5.1875 , -6.25 , -44.875
38323171  , 0.09305556 , -0.39027777 , 0.73472226    , 0.0 , 0.0 , -1.0    ,-5.1875 , -6.25 , -44.875
213414  , 0.09305556 , -0.39027777 , 0.73472226    , 0.0 , 0.0 , -1.0    ,-4.4375 , -1.3125 , -45.125
35701219  , 0.13333334 , -0.33611113 , 0.59444445    , 0.0 , 0.0 , -1.0    ,-4.4375 , -1.3125 , -45.125
274390  , 0.13333334 , -0.33611113 , 0.59444445    , 0.0 , 0.0 , -1.0    ,-3.6875 , 3.875 , -45.375
33750000  , 0.17638889 , -0.30833334 , 0.6166667    , 0.0 , 0.0 , -1.0    ,-3.6875 , 3.875 , -45.375
274390  , 0.17638889 , -0.30833334 , 0.6166667    , 0.0 , 0.0 , -1.0    ,-2.4375 , 8.625 , -44.875
40335365  , 0.08194444 , -0.14444445 , 0.7972222    , 0.0 , 0.0 , -1.0    ,-2.4375 , 8.625 , -44.875
396341  , 0.08194444 , -0.14444445 , 0.7972222    , 0.0 , 0.0 , -1.0    ,-0.375 , 12.0625 , -44.375
39024390  , 0.008333334 , 0.05138889 , 0.8791667    , 0.0 , 0.0 , -1.0    ,-0.375 , 12.0625 , -44.375
426830  , 0.008333334 , 0.05138889 , 0.8791667    , 0.0 , 0.0 , -1.0    ,1.375 , 14.3125 , -44.125
38780488  , 0.054166667 , -0.008333334 , 0.8597222    , 0.0 , 0.0 , -1.0    ,1.375 , 14.3125 , -44.125
426830  , 0.054166667 , -0.008333334 , 0.8597222    , 0.0 , 0.0 , -1.0    ,2.4375 , 16.5625 , -43.375
39390244  , 0.13333334 , 0.011111111 , 0.79305553    , 0.0 , 0.0 , -1.0    ,2.4375 , 16.5625 , -43.375
457317  , 0.13333334 , 0.011111111 , 0.79305553    , 0.0 , 0.0 , -1.0    ,3.1875 , 19.25 , -41.6875
38810976  , 0.12916666 , 0.16388889 , 0.6166667    , 0.0 , 0.0 , -1.0    ,3.1875 , 19.25 , -41.6875
396342  , 0.12916666 , 0.16388889 , 0.6166667    , 0.0 , 0.0 , -1.0    ,4.4375 , 23.25 , -39.75
39359756  , 0.07777778 , 0.21527778 , 0.5513889    , 0.0 , 0.0 , -1.0    ,4.4375 , 23.25 , -39.75
426830  , 0.07777778 , 0.21527778 , 0.5513889    , 0.0 , 0.0 , -1.0    ,5.6875 , 26.6875 , -37.3125
38810976  , 0.16388889 , 0.11388889 , 0.7416667    , 0.0 , 0.0 , -1.0    ,5.6875 , 26.6875 , -37.3125
426830  , 0.16388889 , 0.11388889 , 0.7416667    , 0.0 , 0.0 , -1.0    ,6.75 , 29.6875 , -35.5625
39085366  , 0.17638889 , 0.10972223 , 0.85555553    , 0.0 , 0.0 , -1.0    ,6.75 , 29.6875 , -35.5625
426830  , 0.17638889 , 0.10972223 , 0.85555553    , 0.0 , 0.0 , -1.0    ,7.5 , 31.4375 , -34.625
39298781  , 0.15277778 , 0.23888889 , 0.6597222    , 0.0 , 0.0 , -1.0    ,7.5 , 31.4375 , -34.625
426829  , 0.15277778 , 0.23888889 , 0.6597222    , 0.0 , 0.0 , -1.0    ,7.25 , 31.6875 , -33.625
38902439  , 0.15972222 , 0.2888889 , 0.7152778    , 0.0 , 0.0 , -1.0    ,7.25 , 31.6875 , -33.625
396342  , 0.15972222 , 0.2888889 , 0.7152778    , 0.0 , 0.0 , -1.0    ,6.1875 , 32.375 , -32.875
39176830  , 0.058333337 , 0.25 , 0.84027785    , 0.0 , 0.0 , -1.0    ,6.1875 , 32.375 , -32.875
426829  , 0.058333337 , 0.25 , 0.84027785    , 0.0 , 0.0 , -1.0    ,5.4375 , 32.625 , -32.125
39207317  , 0.0625 , 0.29722223 , 0.84722227    , 0.0 , 0.0 , -1.0    ,5.4375 , 32.625 , -32.125
426830  , 0.0625 , 0.29722223 , 0.84722227    , 0.0 , 0.0 , -1.0    ,4.4375 , 33.125 , -31.6875
39176829  , 0.15555556 , 0.29722223 , 0.93750006    , 0.0 , 0.0 , -1.0    ,4.4375 , 33.125 , -31.6875
426829  , 0.15555556 , 0.29722223 , 0.93750006    , 0.0 , 0.0 , -1.0    ,3.4375 , 33.875 , -31.1875
38841463  , 0.15277778 , 0.29305556 , 0.82361114    , 0.0 , 0.0 , -1.0    ,3.4375 , 33.875 , -31.1875
457317  , 0.15277778 , 0.29305556 , 0.82361114    , 0.0 , 0.0 , -1.0    ,2.4375 , 33.875 , -30.6875
39298781  , 0.08611111 , 0.4263889 , 0.8833334    , 0.0 , 0.0 , -1.0    ,2.4375 , 33.875 , -30.6875
426829  , 0.08611111 , 0.4263889 , 0.8833334    , 0.0 , 0.0 , -1.0    ,0.875 , 34.625 , -30.4375
38871951  , 0.07361111 , 0.42916667 , 1.0041667    , 0.0 , 0.0 , -1.0    ,0.875 , 34.625 , -30.4375
426830  , 0.07361111 , 0.42916667 , 1.0041667    , 0.0 , 0.0 , -1.0    ,0.125 , 34.875 , -29.9375
39085366  , 0.07083333 , 0.37083334 , 1.0708334    , 0.0 , 0.0 , -1.0    ,0.125 , 34.875 , -29.9375
426829  , 0.07083333 , 0.37083334 , 1.0708334    , 0.0 , 0.0 , -1.0    ,-1.375 , 34.375 , -29.6875
39054878  , 0.011111111 , 0.30416667 , 1.0347222    , 0.0 , 0.0 , -1.0    ,-1.375 , 34.375 , -29.6875
426829  , 0.011111111 , 0.30416667 , 1.0347222    , 0.0 , 0.0 , -1.0    ,-2.6875 , 34.375 , -30.9375
39237805  , -0.031944446 , 0.21111113 , 1.1833333    , 0.0 , 0.0 , -1.0    ,-2.6875 , 34.375 , -30.9375
396341  , -0.031944446 , 0.21111113 , 1.1833333    , 0.0 , 0.0 , -1.0    ,-3.9375 , 33.125 , -31.875
39939024  , -0.047222223 , 0.116666675 , 1.2694445    , 0.0 , 0.0 , -1.0    ,-3.9375 , 33.125 , -31.875
182927  , -0.047222223 , 0.116666675 , 1.2694445    , 0.0 , 0.0 , -1.0    ,-5.6875 , 30.9375 , -33.875
45579269  , -0.094444446 , 0.058333337 , 1.1986111    , 0.0 , 0.0 , -1.0    ,-5.6875 , 30.9375 , -33.875
182927  , -0.094444446 , 0.058333337 , 1.1986111    , 0.0 , 0.0 , -1.0    ,-6.75 , 27.4375 , -36.3125
22134146  , -0.15694445 , -0.034722224 , 1.3666667    , 0.0 , 0.0 , -1.0    ,-6.75 , 27.4375 , -36.3125
213415  , -0.15694445 , -0.034722224 , 1.3666667    , 0.0 , 0.0 , -1.0    ,-7.75 , 23.25 , -39.0
39756097  , -0.16388889 , -0.094444446 , 1.4958333    , 0.0 , 0.0 , -1.0    ,-7.75 , 23.25 , -39.0
213415  , -0.16388889 , -0.094444446 , 1.4958333    , 0.0 , 0.0 , -1.0    ,-8.5 , 18.75 , -41.1875
39451220  , -0.15277778 , -0.22638889 , 1.5513889    , 0.0 , 0.0 , -1.0    ,-8.5 , 18.75 , -41.1875
365853  , -0.15277778 , -0.22638889 , 1.5513889    , 0.0 , 0.0 , -1.0    ,-9.5 , 14.5625 , -42.6875
39298781  , -0.034722224 , -0.42916667 , 1.426389    , 0.0 , 0.0 , -1.0    ,-9.5 , 14.5625 , -42.6875
426829  , -0.034722224 , -0.42916667 , 1.426389    , 0.0 , 0.0 , -1.0    ,-10.25 , 11.5625 , -43.875
39054878  , -0.08194444 , -0.35555556 , 1.3444445    , 0.0 , 0.0 , -1.0    ,-10.25 , 11.5625 , -43.875
426829  , -0.08194444 , -0.35555556 , 1.3444445    , 0.0 , 0.0 , -1.0    ,-10.5625 , 8.875 , -43.875
39390244  , -0.101388894 , -0.31666666 , 1.3083333    , 0.0 , 0.0 , -1.0    ,-10.5625 , 8.875 , -43.875
426829  , -0.101388894 , -0.31666666 , 1.3083333    , 0.0 , 0.0 , -1.0    ,-10.5625 , 6.375 , -44.375
38841463  , -0.034722224 , -0.39444447 , 1.2694445    , 0.0 , 0.0 , -1.0    ,-10.5625 , 6.375 , -44.375
426829  , -0.034722224 , -0.39444447 , 1.2694445    , 0.0 , 0.0 , -1.0    ,-10.5625 , 4.625 , -45.125
39024390  , -0.047222223 , -0.39027777 , 1.2583334    , 0.0 , 0.0 , -1.0    ,-10.5625 , 4.625 , -45.125
457317  , -0.047222223 , -0.39027777 , 1.2583334    , 0.0 , 0.0 , -1.0    ,-10.0 , 2.6875 , -45.375
39024391  , -0.06666667 , -0.37083334 , 1.1958333    , 0.0 , 0.0 , -1.0    ,-10.0 , 2.6875 , -45.375
426829  , -0.06666667 , -0.37083334 , 1.1958333    , 0.0 , 0.0 , -1.0    ,-9.75 , 0.6875 , -45.375
39207317  , -0.058333337 , -0.36666667 , 1.1361111    , 0.0 , 0.0 , -1.0    ,-9.75 , 0.6875 , -45.375
426829  , -0.058333337 , -0.36666667 , 1.1361111    , 0.0 , 0.0 , -1.0    ,-9.5 , -1.0625 , -45.625
39268293  , -0.047222223 , -0.4263889 , 1.0430555    , 0.0 , 0.0 , -1.0    ,-9.5 , -1.0625 , -45.625
426829  , -0.047222223 , -0.4263889 , 1.0430555    , 0.0 , 0.0 , -1.0    ,-8.75 , -3.0625 , -45.375
39054878  , -0.03888889 , -0.4652778 , 1.0472223    , 0.0 , 0.0 , -1.0    ,-8.75 , -3.0625 , -45.375
426829  , -0.03888889 , -0.4652778 , 1.0472223    , 0.0 , 0.0 , -1.0    ,-8.5 , -4.75 , -44.875
39207317  , 0.015277779 , -0.5236111 , 0.96944445    , 0.0 , 0.0 , -1.0    ,-8.5 , -4.75 , -44.875
426829  , 0.015277779 , -0.5236111 , 0.96944445    , 0.0 , 0.0 , -1.0    ,-7.75 , -6.25 , -45.125
39176829  , -0.008333334 , -0.50416666 , 0.80833334    , 0.0 , 0.0 , -1.0    ,-7.75 , -6.25 , -45.125
426829  , -0.008333334 , -0.50416666 , 0.80833334    , 0.0 , 0.0 , -1.0    ,-6.75 , -6.5 , -44.625
38810975  , 0.004166667 , -0.53472227 , 0.8597222    , 0.0 , 0.0 , -1.0    ,-6.75 , -6.5 , -44.625
426829  , 0.004166667 , -0.53472227 , 0.8597222    , 0.0 , 0.0 , -1.0    ,-6.1875 , -6.0 , -44.125
39085366  , 0.015277779 , -0.4763889 , 0.9027778    , 0.0 , 0.0 , -1.0    ,-6.1875 , -6.0 , -44.125
396341  , 0.015277779 , -0.4763889 , 0.9027778    , 0.0 , 0.0 , -1.0    ,-5.4375 , -4.75 , -44.625
39237805  , 0.03888889 , -0.4027778 , 0.8361111    , 0.0 , 0.0 , -1.0    ,-5.4375 , -4.75 , -44.625
426829  , 0.03888889 , -0.4027778 , 0.8361111    , 0.0 , 0.0 , -1.0    ,-4.9375 , -3.0625 , -44.875
39024390  , 0.023611112 , -0.3513889 , 0.8041667    , 0.0 , 0.0 , -1.0    ,-4.9375 , -3.0625 , -44.875
426830  , 0.023611112 , -0.3513889 , 0.8041667    , 0.0 , 0.0 , -1.0    ,-4.4375 , -1.5625 , -45.125
39268293  , 0.023611112 , -0.28194445 , 0.81250006    , 0.0 , 0.0 , -1.0    ,-4.4375 , -1.5625 , -45.125
426830  , 0.023611112 , -0.28194445 , 0.81250006    , 0.0 , 0.0 , -1.0    ,-3.6875 , 0.4375 , -45.625
39298781  , -0.004166667 , -0.22638889 , 0.75    , 0.0 , 0.0 , -1.0    ,-3.6875 , 0.4375 , -45.625
548780  , -0.004166667 , -0.22638889 , 0.75    , 0.0 , 0.0 , -1.0    ,-2.6875 , 2.4375 , -45.8125
38506097  , 0.008333334 , -0.23055556 , 0.82361114    , 0.0 , 0.0 , -1.0    ,-2.6875 , 2.4375 , -45.8125
426829  , 0.008333334 , -0.23055556 , 0.82361114    , 0.0 , 0.0 , -1.0    ,-1.875 , 4.125 , -46.0625
38323171  , 0.07777778 , -0.24166667 , 0.8208333    , 0.0 , 0.0 , -1.0    ,-1.875 , 4.125 , -46.0625
213415  , 0.07777778 , -0.24166667 , 0.8208333    , 0.0 , 0.0 , -1.0    ,-1.125 , 6.375 , -46.0625
29451220  , 0.15555556 , -0.23888889 , 0.7027778    , 0.0 , 0.0 , -1.0    ,-1.125 , 6.375 , -46.0625
243902  , 0.15555556 , -0.23888889 , 0.7027778    , 0.0 , 0.0 , -1.0    ,-0.125 , 8.375 , -45.625
39908536  , 0.16805556 , -0.23055556 , 0.73472226    , 0.0 , 0.0 , -1.0    ,-0.125 , 8.375 , -45.625
213415  , 0.16805556 , -0.23055556 , 0.73472226    , 0.0 , 0.0 , -1.0    ,0.125 , 10.625 , -44.625
40091464  , 0.08194444 , -0.13333334 , 0.8041667    , 0.0 , 0.0 , -1.0    ,0.125 , 10.625 , -44.625
335366  , 0.08194444 , -0.13333334 , 0.8041667    , 0.0 , 0.0 , -1.0    ,0.625 , 13.0625 , -43.625
39176829  , 0.011111111 , -0.09027778 , 0.75416666    , 0.0 , 0.0 , -1.0    ,0.625 , 13.0625 , -43.625
426829  , 0.011111111 , -0.09027778 , 0.75416666    , 0.0 , 0.0 , -1.0    ,0.875 , 14.8125 , -42.6875
39176830  , 0.023611112 , -0.08611111 , 0.8513889    , 0.0 , 0.0 , -1.0    ,0.875 , 14.8125 , -42.6875
426829  , 0.023611112 , -0.08611111 , 0.8513889    , 0.0 , 0.0 , -1.0    ,0.875 , 15.8125 , -42.1875
38079269  , -0.054166667 , -0.031944446 , 0.9097222    , 0.0 , 0.0 , -1.0    ,0.875 , 15.8125 , -42.1875
243902  , -0.054166667 , -0.031944446 , 0.9097222    , 0.0 , 0.0 , -1.0    ,0.875 , 16.5625 , -42.4375
29969512  , 0.004166667 , -0.105555564 , 0.9027778    , 0.0 , 0.0 , -1.0    ,0.875 , 16.5625 , -42.4375
243902  , 0.004166667 , -0.105555564 , 0.9027778    , 0.0 , 0.0 , -1.0    ,0.875 , 17.3125 , -42.1875
29573171  , 0.047222223 , -0.12916666 , 0.8277778    , 0.0 , 0.0 , -1.0    ,0.875 , 17.3125 , -42.1875
243902  , 0.047222223 , -0.12916666 , 0.8277778    , 0.0 , 0.0 , -1.0    ,0.625 , 18.0 , -42.4375
39847561  , 0.047222223 , -0.11388889 , 0.7652778    , 0.0 , 0.0 , -1.0    ,0.625 , 18.0 , -42.4375
335365  , 0.047222223 , -0.11388889 , 0.7652778    , 0.0 , 0.0 , -1.0    ,0.625 , 19.25 , -42.4375
39542683  , 0.08611111 , -0.101388894 , 0.75416666    , 0.0 , 0.0 , -1.0    ,0.625 , 19.25 , -42.4375
396342  , 0.08611111 , -0.101388894 , 0.75416666    , 0.0 , 0.0 , -1.0    ,1.375 , 20.75 , -41.1875
38445122  , 0.011111111 , 0.058333337 , 0.84722227    , 0.0 , 0.0 , -1.0    ,1.375 , 20.75 , -41.1875
457317  , 0.011111111 , 0.058333337 , 0.84722227    , 0.0 , 0.0 , -1.0    ,1.375 , 22.0 , -40.4375
39115854  , 0.043055557 , 0.116666675 , 0.69861114    , 0.0 , 0.0 , -1.0    ,1.375 , 22.0 , -40.4375
426830  , 0.043055557 , 0.116666675 , 0.69861114    , 0.0 , 0.0 , -1.0    ,1.625 , 23.0 , -39.5
39115854  , 0.07083333 , 0.15277778 , 0.73055553    , 0.0 , 0.0 , -1.0    ,1.625 , 23.0 , -39.5
426829  , 0.07083333 , 0.15277778 , 0.73055553    , 0.0 , 0.0 , -1.0    ,1.375 , 24.5 , -38.75
39176829  , 0.034722224 , 0.20694445 , 0.8513889    , 0.0 , 0.0 , -1.0    ,1.375 , 24.5 , -38.75
426829  , 0.034722224 , 0.20694445 , 0.8513889    , 0.0 , 0.0 , -1.0    ,0.125 , 25.9375 , -38.25
38993903  , 0.019444445 , 0.2736111 , 0.88611114    , 0.0 , 0.0 , -1.0    ,0.125 , 25.9375 , -38.25
426829  , 0.019444445 , 0.2736111 , 0.88611114    , 0.0 , 0.0 , -1.0    ,-0.625 , 27.4375 , -36.8125
39207317  , 0.030555557 , 0.28055558 , 0.96944445    , 0.0 , 0.0 , -1.0    ,-0.625 , 27.4375 , -36.8125
426829  , 0.030555557 , 0.28055558 , 0.96944445    , 0.0 , 0.0 , -1.0    ,-1.875 , 28.9375 , -36.0625
39024390  , -0.101388894 , 0.3861111 , 0.9527778    , 0.0 , 0.0 , -1.0    ,-1.875 , 28.9375 , -36.0625
426829  , -0.101388894 , 0.3861111 , 0.9527778    , 0.0 , 0.0 , -1.0    ,-3.4375 , 29.4375 , -35.3125
39237805  , -0.22638889 , 0.4486111 , 1.0319445    , 0.0 , 0.0 , -1.0    ,-3.4375 , 29.4375 , -35.3125
426829  , -0.22638889 , 0.4486111 , 1.0319445    , 0.0 , 0.0 , -1.0    ,-5.1875 , 29.1875 , -35.0625
38932926  , -0.17222223 , 0.25 , 1.0861111    , 0.0 , 0.0 , -1.0    ,-5.1875 , 29.1875 , -35.0625
426829  , -0.17222223 , 0.25 , 1.0861111    , 0.0 , 0.0 , -1.0    ,-7.0 , 28.9375 , -35.8125
39024391  , -0.09027778 , 0.023611112 , 1.2541667    , 0.0 , 0.0 , -1.0    ,-7.0 , 28.9375 , -35.8125
426829  , -0.09027778 , 0.023611112 , 1.2541667    , 0.0 , 0.0 , -1.0    ,-8.25 , 27.9375 , -36.8125
39451220  , -0.125 , -0.12083334 , 1.1763889    , 0.0 , 0.0 , -1.0    ,-8.25 , 27.9375 , -36.8125
426829  , -0.125 , -0.12083334 , 1.1763889    , 0.0 , 0.0 , -1.0    ,-9.0 , 26.4375 , -38.25
38567073  , -0.15277778 , -0.14861111 , 1.1527778    , 0.0 , 0.0 , -1.0    ,-9.0 , 26.4375 , -38.25
213415  , -0.15277778 , -0.14861111 , 1.1527778    , 0.0 , 0.0 , -1.0    ,-9.5 , 24.25 , -39.75
39420732  , -0.19861111 , -0.21111113 , 1.2027779    , 0.0 , 0.0 , -1.0    ,-9.5 , 24.25 , -39.75
243902  , -0.19861111 , -0.21111113 , 1.2027779    , 0.0 , 0.0 , -1.0    ,-9.75 , 20.75 , -41.6875
29176829  , -0.25416666 , -0.19583334 , 1.2736111    , 0.0 , 0.0 , -1.0    ,-9.75 , 20.75 , -41.6875
213415  , -0.25416666 , -0.19583334 , 1.2736111    , 0.0 , 0.0 , -1.0    ,-10.0 , 17.3125 , -42.9375
39329268  , -0.32083333 , -0.1875 , 1.2347223    , 0.0 , 0.0 , -1.0    ,-10.0 , 17.3125 , -42.9375
243902  , -0.32083333 , -0.1875 , 1.2347223    , 0.0 , 0.0 , -1.0    ,-11.0625 , 13.8125 , -43.625
40274390  , -0.23472224 , -0.35972223 , 1.3472223    , 0.0 , 0.0 , -1.0    ,-11.0625 , 13.8125 , -43.625
396341  , -0.23472224 , -0.35972223 , 1.3472223    , 0.0 , 0.0 , -1.0    ,-11.3125 , 10.125 , -44.375
38993902  , -0.15694445 , -0.5 , 1.2347223    , 0.0 , 0.0 , -1.0    ,-11.3125 , 10.125 , -44.375
426829  , -0.15694445 , -0.5 , 1.2347223    , 0.0 , 0.0 , -1.0    ,-11.8125 , 7.125 , -44.375
39176830  , -0.15277778 , -0.5625 , 1.301389    , 0.0 , 0.0 , -1.0    ,-11.8125 , 7.125 , -44.375
426829  , -0.15277778 , -0.5625 , 1.301389    , 0.0 , 0.0 , -1.0    ,-12.3125 , 4.625 , -44.375
39207317  , -0.19583334 , -0.5513889 , 1.2611111    , 0.0 , 0.0 , -1.0    ,-12.3125 , 4.625 , -44.375
426829  , -0.19583334 , -0.5513889 , 1.2611111    , 0.0 , 0.0 , -1.0    ,-12.0625 , 1.6875 , -44.625
38963415  , -0.15277778 , -0.5902778 , 1.2583334    , 0.0 , 0.0 , -1.0    ,-12.0625 , 1.6875 , -44.625
426829  , -0.15277778 , -0.5902778 , 1.2583334    , 0.0 , 0.0 , -1.0    ,-12.3125 , -0.8125 , -44.375
39298780  , -0.14027779 , -0.54305553 , 1.125    , 0.0 , 0.0 , -1.0    ,-12.3125 , -0.8125 , -44.375
396342  , -0.14027779 , -0.54305553 , 1.125    , 0.0 , 0.0 , -1.0    ,-11.8125 , -3.5625 , -44.375
38810976  , -0.13611111 , -0.57361114 , 1.0736111    , 0.0 , 0.0 , -1.0    ,-11.8125 , -3.5625 , -44.375
396342  , -0.13611111 , -0.57361114 , 1.0736111    , 0.0 , 0.0 , -1.0    ,-11.8125 , -6.75 , -44.375
39115854  , -0.08611111 , -0.6680556 , 1.0819445    , 0.0 , 0.0 , -1.0    ,-11.8125 , -6.75 , -44.375
426829  , -0.08611111 , -0.6680556 , 1.0819445    , 0.0 , 0.0 , -1.0    ,-11.3125 , -8.75 , -43.875
39085366  , -0.054166667 , -0.69861114 , 1.0972222    , 0.0 , 0.0 , -1.0    ,-11.3125 , -8.75 , -43.875
396341  , -0.054166667 , -0.69861114 , 1.0972222    , 0.0 , 0.0 , -1.0    ,-10.5625 , -10.25 , -43.875
39359756  , -0.105555564 , -0.6402778 , 1.0388889    , 0.0 , 0.0 , -1.0    ,-10.5625 , -10.25 , -43.875
426830  , -0.105555564 , -0.6402778 , 1.0388889    , 0.0 , 0.0 , -1.0    ,-10.25 , -11.1875 , -43.875
38871952  , -0.105555564 , -0.5472222 , 0.9097222    , 0.0 , 0.0 , -1.0    ,-10.25 , -11.1875 , -43.875
426829  , -0.105555564 , -0.5472222 , 0.9097222    , 0.0 , 0.0 , -1.0    ,-9.25 , -10.9375 , -43.375
39146341  , -0.047222223 , -0.60138893 , 0.83194447    , 0.0 , 0.0 , -1.0    ,-9.25 , -10.9375 , -43.375
426829  , -0.047222223 , -0.60138893 , 0.83194447    , 0.0 , 0.0 , -1.0    ,-9.0 , -10.5 , -43.625
39329268  , 0.023611112 , -0.6527778 , 0.9138889    , 0.0 , 0.0 , -1.0    ,-9.0 , -10.5 , -43.625
426829  , 0.023611112 , -0.6527778 , 0.9138889    , 0.0 , 0.0 , -1.0    ,-8.5 , -9.25 , -43.875
38902439  , -0.07083333 , -0.5541667 , 0.93750006    , 0.0 , 0.0 , -1.0    ,-8.5 , -9.25 , -43.875
396342  , -0.07083333 , -0.5541667 , 0.93750006    , 0.0 , 0.0 , -1.0    ,-8.5 , -8.0 , -44.125
39695122  , -0.105555564 , -0.375 , 1.0472223    , 0.0 , 0.0 , -1.0    ,-8.5 , -8.0 , -44.125
396341  , -0.105555564 , -0.375 , 1.0472223    , 0.0 , 0.0 , -1.0    ,-8.75 , -6.75 , -45.125
38262195  , -0.13333334 , -0.3402778 , 1.0513889    , 0.0 , 0.0 , -1.0    ,-8.75 , -6.75 , -45.125
182927  , -0.13333334 , -0.3402778 , 1.0513889    , 0.0 , 0.0 , -1.0    ,-8.0 , -6.0 , -45.375
39603659  , -0.0625 , -0.44583336 , 0.89027786    , 0.0 , 0.0 , -1.0    ,-8.0 , -6.0 , -45.375
274390  , -0.0625 , -0.44583336 , 0.89027786    , 0.0 , 0.0 , -1.0    ,-7.75 , -4.5 , -46.0625
39359756  , 0.043055557 , -0.46111113 , 0.8041667    , 0.0 , 0.0 , -1.0    ,-7.75 , -4.5 , -46.0625
365853  , 0.043055557 , -0.46111113 , 0.8041667    , 0.0 , 0.0 , -1.0    ,-7.0 , -2.3125 , -46.5625
39176829  , -0.047222223 , -0.31666666 , 0.7972222    , 0.0 , 0.0 , -1.0    ,-7.0 , -2.3125 , -46.5625
304878  , -0.047222223 , -0.31666666 , 0.7972222    , 0.0 , 0.0 , -1.0    ,-5.4375 , 0.1875 , -46.5625
39176829  , -0.06666667 , -0.29305556 , 0.7152778    , 0.0 , 0.0 , -1.0    ,-5.4375 , 0.1875 , -46.5625
213415  , -0.06666667 , -0.29305556 , 0.7152778    , 0.0 , 0.0 , -1.0    ,-4.6875 , 3.4375 , -46.8125
39512195  , 0.097222224 , -0.25833333 , 0.71944445    , 0.0 , 0.0 , -1.0    ,-4.6875 , 3.4375 , -46.8125
213414  , 0.097222224 , -0.25833333 , 0.71944445    , 0.0 , 0.0 , -1.0    ,-3.4375 , 6.125 , -46.3125
39939025  , 0.034722224 , -0.12916666 , 0.7111111    , 0.0 , 0.0 , -1.0    ,-3.4375 , 6.125 , -46.3125
304878  , 0.034722224 , -0.12916666 , 0.7111111    , 0.0 , 0.0 , -1.0    ,-2.6875 , 9.125 , -45.8125
39329269  , 0.019444445 , -0.058333337 , 0.7152778    , 0.0 , 0.0 , -1.0    ,-2.6875 , 9.125 , -45.8125
457317  , 0.019444445 , -0.058333337 , 0.7152778    , 0.0 , 0.0 , -1.0    ,-2.6875 , 11.5625 , -45.125
39085366  , 0.03888889 , -0.08194444 , 0.6055556    , 0.0 , 0.0 , -1.0    ,-2.6875 , 11.5625 , -45.125
426829  , 0.03888889 , -0.08194444 , 0.6055556    , 0.0 , 0.0 , -1.0    ,-2.1875 , 14.3125 , -44.625
39146342  , 0.07777778 , -0.08194444 , 0.62083334    , 0.0 , 0.0 , -1.0    ,-2.1875 , 14.3125 , -44.625
426829  , 0.07777778 , -0.08194444 , 0.62083334    , 0.0 , 0.0 , -1.0    ,-1.375 , 16.3125 , -44.375
39298781  , 0.008333334 , -0.0 , 0.6166667    , 0.0 , 0.0 , -1.0    ,-1.375 , 16.3125 , -44.375
426829  , 0.008333334 , -0.0 , 0.6166667    , 0.0 , 0.0 , -1.0    ,-0.875 , 17.8125 , -43.875
38993902  , 0.02777778 , -0.004166667 , 0.6597222    , 0.0 , 0.0 , -1.0    ,-0.875 , 17.8125 , -43.875
426829  , 0.02777778 , -0.004166667 , 0.6597222    , 0.0 , 0.0 , -1.0    ,-0.125 , 19.75 , -43.625
38719513  , 0.047222223 , -0.054166667 , 0.74583334    , 0.0 , 0.0 , -1.0    ,-0.125 , 19.75 , -43.625
426829  , 0.047222223 , -0.054166667 , 0.74583334    , 0.0 , 0.0 , -1.0    ,-0.125 , 20.75 , -42.9375
39146341  , 0.019444445 , 0.011111111 , 0.76111114    , 0.0 , 0.0 , -1.0    ,-0.125 , 20.75 , -42.9375
457317  , 0.019444445 , 0.011111111 , 0.76111114    , 0.0 , 0.0 , -1.0    ,-0.375 , 22.25 , -41.6875
39085366  , 0.02777778 , 0.07361111 , 0.8791667    , 0.0 , 0.0 , -1.0    ,-0.375 , 22.25 , -41.6875
426829  , 0.02777778 , 0.07361111 , 0.8791667    , 0.0 , 0.0 , -1.0    ,-0.125 , 23.5 , -41.1875
39024391  , 0.030555557 , 0.19861111 , 0.875    , 0.0 , 0.0 , -1.0    ,-0.125 , 23.5 , -41.1875
426829  , 0.030555557 , 0.19861111 , 0.875    , 0.0 , 0.0 , -1.0    ,-0.125 , 24.5 , -40.4375
39359756  , 0.05138889 , 0.30833334 , 0.86388886    , 0.0 , 0.0 , -1.0    ,-0.125 , 24.5 , -40.4375
426829  , 0.05138889 , 0.30833334 , 0.86388886    , 0.0 , 0.0 , -1.0    ,0.125 , 26.6875 , -39.75
38993902  , 0.07777778 , 0.4138889 , 0.99583334    , 0.0 , 0.0 , -1.0    ,0.125 , 26.6875 , -39.75
457317  , 0.07777778 , 0.4138889 , 0.99583334    , 0.0 , 0.0 , -1.0    ,0.125 , 28.4375 , -38.5
39237805  , 0.03888889 , 0.45694444 , 1.0041667    , 0.0 , 0.0 , -1.0    ,0.125 , 28.4375 , -38.5
426830  , 0.03888889 , 0.45694444 , 1.0041667    , 0.0 , 0.0 , -1.0    ,0.375 , 30.1875 , -37.0625
38750000  , 0.08194444 , 0.37083334 , 0.99583334    , 0.0 , 0.0 , -1.0    ,0.375 , 30.1875 , -37.0625
426829  , 0.08194444 , 0.37083334 , 0.99583334    , 0.0 , 0.0 , -1.0    ,0.125 , 31.9375 , -35.5625
39207318  , 0.13333334 , 0.35972223 , 1.0430555    , 0.0 , 0.0 , -1.0    ,0.125 , 31.9375 , -35.5625
426829  , 0.13333334 , 0.35972223 , 1.0430555    , 0.0 , 0.0 , -1.0    ,-0.625 , 32.875 , -33.875
39390244  , 0.047222223 , 0.42916667 , 1.0708334    , 0.0 , 0.0 , -1.0    ,-0.625 , 32.875 , -33.875
426829  , 0.047222223 , 0.42916667 , 1.0708334    , 0.0 , 0.0 , -1.0    ,-1.375 , 34.125 , -33.375
38871951  , 0.004166667 , 0.4416667 , 0.9138889    , 0.0 , 0.0 , -1.0    ,-1.375 , 34.125 , -33.375
426829  , 0.004166667 , 0.4416667 , 0.9138889    , 0.0 , 0.0 , -1.0    ,-2.6875 , 34.875 , -32.875
39176829  , -0.03888889 , 0.35972223 , 1.0041667    , 0.0 , 0.0 , -1.0    ,-2.6875 , 34.875 , -32.875
426829  , -0.03888889 , 0.35972223 , 1.0041667    , 0.0 , 0.0 , -1.0    ,-3.6875 , 34.125 , -33.375
39237804  , -0.08194444 , 0.1875 , 1.2694445    , 0.0 , 0.0 , -1.0    ,-3.6875 , 34.125 , -33.375
396341  , -0.08194444 , 0.1875 , 1.2694445    , 0.0 , 0.0 , -1.0    ,-5.4375 , 32.375 , -35.3125
38750000  , -0.14027779 , 0.105555564 , 1.301389    , 0.0 , 0.0 , -1.0    ,-5.4375 , 32.375 , -35.3125
396342  , -0.14027779 , 0.105555564 , 1.301389    , 0.0 , 0.0 , -1.0    ,-7.75 , 29.1875 , -37.3125
38902439  , -0.12083334 , 0.023611112 , 1.1361111    , 0.0 , 0.0 , -1.0    ,-7.75 , 29.1875 , -37.3125
213414  , -0.12083334 , 0.023611112 , 1.1361111    , 0.0 , 0.0 , -1.0    ,-9.5 , 25.4375 , -39.5
35335365  , -0.21527778 , -0.094444446 , 1.2416667    , 0.0 , 0.0 , -1.0    ,-9.5 , 25.4375 , -39.5
213415  , -0.21527778 , -0.094444446 , 1.2416667    , 0.0 , 0.0 , -1.0    ,-11.0625 , 21.75 , -41.6875
33414635  , -0.08194444 , -0.2888889 , 1.2847222    , 0.0 , 0.0 , -1.0    ,-11.0625 , 21.75 , -41.6875
213414  , -0.08194444 , -0.2888889 , 1.2847222    , 0.0 , 0.0 , -1.0    ,-11.5625 , 18.0 , -42.6875
39298780  , -0.16388889 , -0.37083334 , 1.2263889    , 0.0 , 0.0 , -1.0    ,-11.5625 , 18.0 , -42.6875
182927  , -0.16388889 , -0.37083334 , 1.2263889    , 0.0 , 0.0 , -1.0    ,-12.0625 , 14.8125 , -43.875
40640244  , -0.15972222 , -0.43333334 , 1.2930557    , 0.0 , 0.0 , -1.0    ,-12.0625 , 14.8125 , -43.875
365854  , -0.15972222 , -0.43333334 , 1.2930557    , 0.0 , 0.0 , -1.0    ,-12.3125 , 11.3125 , -44.875
39634146  , -0.21944445 , -0.37083334 , 1.2458334    , 0.0 , 0.0 , -1.0    ,-12.3125 , 11.3125 , -44.875
426829  , -0.21944445 , -0.37083334 , 1.2458334    , 0.0 , 0.0 , -1.0    ,-12.5625 , 7.875 , -45.375
38475610  , -0.15277778 , -0.46111113 , 1.2027779    , 0.0 , 0.0 , -1.0    ,-12.5625 , 7.875 , -45.375
426829  , -0.15277778 , -0.46111113 , 1.2027779    , 0.0 , 0.0 , -1.0    ,-12.3125 , 4.875 , -46.0625
39115853  , -0.15277778 , -0.51944447 , 1.1569445    , 0.0 , 0.0 , -1.0    ,-12.3125 , 4.875 , -46.0625
426829  , -0.15277778 , -0.51944447 , 1.1569445    , 0.0 , 0.0 , -1.0    ,-12.3125 , 1.6875 , -46.0625
38993903  , -0.12916666 , -0.57361114 , 1.1402777    , 0.0 , 0.0 , -1.0    ,-12.3125 , 1.6875 , -46.0625
396341  , -0.12916666 , -0.57361114 , 1.1402777    , 0.0 , 0.0 , -1.0    ,-12.3125 , -1.0625 , -46.0625
39115854  , -0.12916666 , -0.57361114 , 1.0944444    , 0.0 , 0.0 , -1.0    ,-12.3125 , -1.0625 , -46.0625
426829  , -0.12916666 , -0.57361114 , 1.0944444    , 0.0 , 0.0 , -1.0    ,-12.3125 , -3.0625 , -45.8125
39298780  , -0.097222224 , -0.5513889 , 1.0625    , 0.0 , 0.0 , -1.0    ,-12.3125 , -3.0625 , -45.8125
426829  , -0.097222224 , -0.5513889 , 1.0625    , 0.0 , 0.0 , -1.0    ,-12.3125 , -5.25 , -45.625
38841463  , -0.13611111 , -0.5083333 , 1.0583334    , 0.0 , 0.0 , -1.0    ,-12.3125 , -5.25 , -45.625
426830  , -0.13611111 , -0.5083333 , 1.0583334    , 0.0 , 0.0 , -1.0    ,-11.3125 , -7.5 , -45.625
39329269  , -0.11388889 , -0.5513889 , 1.0666667    , 0.0 , 0.0 , -1.0    ,-11.3125 , -7.5 , -45.625
426829  , -0.11388889 , -0.5513889 , 1.0666667    , 0.0 , 0.0 , -1.0    ,-10.8125 , -9.25 , -45.625
38871951  , -0.058333337 , -0.5902778 , 1.0319445    , 0.0 , 0.0 , -1.0    ,-10.8125 , -9.25 , -45.625
426830  , -0.058333337 , -0.5902778 , 1.0319445    , 0.0 , 0.0 , -1.0    ,-10.25 , -10.6875 , -45.625
39176830  , -0.08611111 , -0.5625 , 0.94166666    , 0.0 , 0.0 , -1.0    ,-10.25 , -10.6875 , -45.625
396341  , -0.08611111 , -0.5625 , 0.94166666    , 0.0 , 0.0 , -1.0    ,-9.75 , -11.4375 , -45.625
40030488  , -0.07083333 , -0.5152778 , 0.9611111    , 0.0 , 0.0 , -1.0    ,-9.75 , -11.4375 , -45.625
426829  , -0.07083333 , -0.5152778 , 0.9611111    , 0.0 , 0.0 , -1.0    ,-9.5 , -11.6875 , -45.625
38140244  , -0.019444445 , -0.6055556 , 0.86388886    , 0.0 , 0.0 , -1.0    ,-9.5 , -11.6875 , -45.625
426829  , -0.019444445 , -0.6055556 , 0.86388886    , 0.0 , 0.0 , -1.0    ,-9.0 , -12.1875 , -45.125
39268293  , -0.034722224 , -0.60138893 , 0.78888893    , 0.0 , 0.0 , -1.0    ,-9.0 , -12.1875 , -45.125
426829  , -0.034722224 , -0.60138893 , 0.78888893    , 0.0 , 0.0 , -1.0    ,-8.5 , -12.6875 , -44.875
38963415  , -0.008333334 , -0.5902778 , 0.81666666    , 0.0 , 0.0 , -1.0    ,-8.5 , -12.6875 , -44.875
426829  , -0.008333334 , -0.5902778 , 0.81666666    , 0.0 , 0.0 , -1.0    ,-8.25 , -12.9375 , -45.125
39329268  , -0.058333337 , -0.53194445 , 0.86388886    , 0.0 , 0.0 , -1.0    ,-8.25 , -12.9375 , -45.125
426829  , -0.058333337 , -0.53194445 , 0.86388886    , 0.0 , 0.0 , -1.0    ,-7.75 , -12.4375 , -45.125
39817073  , -0.0625 , -0.51111114 , 0.8791667    , 0.0 , 0.0 , -1.0    ,-7.75 , -12.4375 , -45.125
396342  , -0.0625 , -0.51111114 , 0.8791667    , 0.0 , 0.0 , -1.0    ,-7.5 , -11.1875 , -45.375
38292683  , -0.019444445 , -0.5277778 , 0.8944445    , 0.0 , 0.0 , -1.0    ,-7.5 , -11.1875 , -45.375
579269  , -0.019444445 , -0.5277778 , 0.8944445    , 0.0 , 0.0 , -1.0    ,-6.75 , -9.25 , -46.0625
38932927  , 0.023611112 , -0.4763889 , 0.9263889    , 0.0 , 0.0 , -1.0    ,-6.75 , -9.25 , -46.0625
182926  , 0.023611112 , -0.4763889 , 0.9263889    , 0.0 , 0.0 , -1.0    ,-5.4375 , -6.75 , -46.3125
38780488  , -0.031944446 , -0.3402778 , 0.8513889    , 0.0 , 0.0 , -1.0    ,-5.4375 , -6.75 , -46.3125
243902  , -0.031944446 , -0.3402778 , 0.8513889    , 0.0 , 0.0 , -1.0    ,-4.1875 , -3.5625 , -47.0625
39847561  , 0.0 , -0.22222224 , 0.6680556    , 0.0 , 0.0 , -1.0    ,-4.1875 , -3.5625 , -47.0625
243902  , 0.0 , -0.22222224 , 0.6680556    , 0.0 , 0.0 , -1.0    ,-2.4375 , 0.1875 , -47.3125
40975610  , 0.004166667 , -0.12083334 , 0.57361114    , 0.0 , 0.0 , -1.0    ,-2.4375 , 0.1875 , -47.3125
243903  , 0.004166667 , -0.12083334 , 0.57361114    , 0.0 , 0.0 , -1.0    ,-1.125 , 4.625 , -47.3125
39939024  , 0.05138889 , -0.23888889 , 0.79305553    , 0.0 , 0.0 , -1.0    ,-1.125 , 4.625 , -47.3125
335366  , 0.05138889 , -0.23888889 , 0.79305553    , 0.0 , 0.0 , -1.0    ,0.125 , 8.625 , -47.3125
37987805  , 0.14861111 , -0.2847222 , 0.8013889    , 0.0 , 0.0 , -1.0    ,0.125 , 8.625 , -47.3125
396342  , 0.14861111 , -0.2847222 , 0.8013889    , 0.0 , 0.0 , -1.0    ,1.375 , 12.3125 , -46.8125
39176830  , 0.20694445 , -0.21111113 , 0.5625    , 0.0 , 0.0 , -1.0    ,1.375 , 12.3125 , -46.8125
426829  , 0.20694445 , -0.21111113 , 0.5625    , 0.0 , 0.0 , -1.0    ,2.6875 , 15.5625 , -46.5625
38780488  , 0.14027779 , -0.0625 , 0.57361114    , 0.0 , 0.0 , -1.0    ,2.6875 , 15.5625 , -46.5625
426829  , 0.14027779 , -0.0625 , 0.57361114    , 0.0 , 0.0 , -1.0    ,4.1875 , 18.0 , -46.0625
39481707  , 0.15972222 , 0.0625 , 0.5625    , 0.0 , 0.0 , -1.0    ,4.1875 , 18.0 , -46.0625
426830  , 0.15972222 , 0.0625 , 0.5625    , 0.0 , 0.0 , -1.0    ,5.6875 , 20.25 , -44.625
38719513  , 0.054166667 , 0.16805556 , 0.58194447    , 0.0 , 0.0 , -1.0    ,5.6875 , 20.25 , -44.625
426829  , 0.054166667 , 0.16805556 , 0.58194447    , 0.0 , 0.0 , -1.0    ,6.1875 , 22.0 , -43.125
39085366  , 0.105555564 , 0.15555556 , 0.7152778    , 0.0 , 0.0 , -1.0    ,6.1875 , 22.0 , -43.125
426829  , 0.105555564 , 0.15555556 , 0.7152778    , 0.0 , 0.0 , -1.0    ,6.5 , 23.75 , -42.1875
39146342  , 0.15277778 , 0.12083334 , 0.69166666    , 0.0 , 0.0 , -1.0    ,6.5 , 23.75 , -42.1875
2896341  , 0.15277778 , 0.12083334 , 0.69166666    , 0.0 , 0.0 , -1.0    ,6.5 , 25.1875 , -40.6875
36493903  , 0.15277778 , 0.17916667 , 0.8041667    , 0.0 , 0.0 , -1.0    ,6.5 , 25.1875 , -40.6875
426830  , 0.15277778 , 0.17916667 , 0.8041667    , 0.0 , 0.0 , -1.0    ,4.9375 , 27.1875 , -39.75
39298781  , 0.06666667 , 0.26527777 , 0.97638893    , 0.0 , 0.0 , -1.0    ,4.9375 , 27.1875 , -39.75
426829  , 0.06666667 , 0.26527777 , 0.97638893    , 0.0 , 0.0 , -1.0    ,4.1875 , 28.9375 , -39.0
39024390  , 0.023611112 , 0.37916666 , 0.9097222    , 0.0 , 0.0 , -1.0    ,4.1875 , 28.9375 , -39.0
426830  , 0.023611112 , 0.37916666 , 0.9097222    , 0.0 , 0.0 , -1.0    ,2.9375 , 30.6875 , -37.75
39268293  , -0.019444445 , 0.4375 , 0.8666667    , 0.0 , 0.0 , -1.0    ,2.9375 , 30.6875 , -37.75
426830  , -0.019444445 , 0.4375 , 0.8666667    , 0.0 , 0.0 , -1.0    ,0.875 , 31.6875 , -37.0625
39024390  , 0.011111111 , 0.37916666 , 1.0277778    , 0.0 , 0.0 , -1.0    ,0.875 , 31.6875 , -37.0625
426829  , 0.011111111 , 0.37916666 , 1.0277778    , 0.0 , 0.0 , -1.0    ,-0.875 , 31.9375 , -37.0625
38841463  , -0.02777778 , 0.3013889 , 1.1791667    , 0.0 , 0.0 , -1.0    ,-0.875 , 31.9375 , -37.0625
426829  , -0.02777778 , 0.3013889 , 1.1791667    , 0.0 , 0.0 , -1.0    ,-3.1875 , 31.1875 , -37.0625
39420732  , -0.031944446 , 0.26944447 , 1.0777779    , 0.0 , 0.0 , -1.0    ,-3.1875 , 31.1875 , -37.0625
396342  , -0.031944446 , 0.26944447 , 1.0777779    , 0.0 , 0.0 , -1.0    ,-5.4375 , 29.4375 , -38.0
38780488  , -0.17222223 , 0.15277778 , 1.301389    , 0.0 , 0.0 , -1.0    ,-5.4375 , 29.4375 , -38.0
426829  , -0.17222223 , 0.15277778 , 1.301389    , 0.0 , 0.0 , -1.0    ,-7.25 , 27.4375 , -39.0
39329268  , -0.06666667 , -0.019444445 , 1.1333333    , 0.0 , 0.0 , -1.0    ,-7.25 , 27.4375 , -39.0
426829  , -0.06666667 , -0.019444445 , 1.1333333    , 0.0 , 0.0 , -1.0    ,-8.5 , 24.5 , -40.4375
38902439  , -0.12916666 , -0.101388894 , 1.0472223    , 0.0 , 0.0 , -1.0    ,-8.5 , 24.5 , -40.4375
426829  , -0.12916666 , -0.101388894 , 1.0472223    , 0.0 , 0.0 , -1.0    ,-9.75 , 22.0 , -42.1875
38902439  , -0.07083333 , -0.30833334 , 1.0944444    , 0.0 , 0.0 , -1.0    ,-9.75 , 22.0 , -42.1875
396341  , -0.07083333 , -0.30833334 , 1.0944444    , 0.0 , 0.0 , -1.0    ,-11.0625 , 18.5 , -43.125
39268293  , -0.14861111 , -0.45277777 , 1.1875    , 0.0 , 0.0 , -1.0    ,-11.0625 , 18.5 , -43.125
213414  , -0.14861111 , -0.45277777 , 1.1875    , 0.0 , 0.0 , -1.0    ,-12.5625 , 14.8125 , -44.375
43993902  , -0.1875 , -0.5513889 , 1.2819445    , 0.0 , 0.0 , -1.0    ,-12.5625 , 14.8125 , -44.375
213415  , -0.1875 , -0.5513889 , 1.2819445    , 0.0 , 0.0 , -1.0    ,-13.3125 , 10.8125 , -45.375
25243903  , -0.23472224 , -0.57361114 , 1.1402777    , 0.0 , 0.0 , -1.0    ,-13.3125 , 10.8125 , -45.375
213415  , -0.23472224 , -0.57361114 , 1.1402777    , 0.0 , 0.0 , -1.0    ,-13.5625 , 6.375 , -45.8125
38810976  , -0.23472224 , -0.625 , 1.1402777    , 0.0 , 0.0 , -1.0    ,-13.5625 , 6.375 , -45.8125
243903  , -0.23472224 , -0.625 , 1.1402777    , 0.0 , 0.0 , -1.0    ,-13.5625 , 2.6875 , -46.0625
40213415  , -0.23055556 , -0.69861114 , 1.1361111    , 0.0 , 0.0 , -1.0    ,-13.5625 , 2.6875 , -46.0625
335366  , -0.23055556 , -0.69861114 , 1.1361111    , 0.0 , 0.0 , -1.0    ,-13.3125 , -1.3125 , -45.8125
39390244  , -0.16805556 , -0.8277778 , 1.1166667    , 0.0 , 0.0 , -1.0    ,-13.3125 , -1.3125 , -45.8125
426829  , -0.16805556 , -0.8277778 , 1.1166667    , 0.0 , 0.0 , -1.0    ,-14.0625 , -4.75 , -45.625
39207317  , -0.14027779 , -0.875 , 1.1527778    , 0.0 , 0.0 , -1.0    ,-14.0625 , -4.75 , -45.625
426830  , -0.14027779 , -0.875 , 1.1527778    , 0.0 , 0.0 , -1.0    ,-15.125 , -7.75 , -45.125
38750000  , -0.19861111 , -0.8013889 , 1.1208334    , 0.0 , 0.0 , -1.0    ,-15.125 , -7.75 , -45.125
426829  , -0.19861111 , -0.8013889 , 1.1208334    , 0.0 , 0.0 , -1.0    ,-15.375 , -10.25 , -44.625
39146342  , -0.19861111 , -0.76944447 , 1.0    , 0.0 , 0.0 , -1.0    ,-15.375 , -10.25 , -44.625
426829  , -0.19861111 , -0.76944447 , 1.0    , 0.0 , 0.0 , -1.0    ,-15.125 , -12.1875 , -44.625
39237805  , -0.14861111 , -0.7652778 , 0.92916673    , 0.0 , 0.0 , -1.0    ,-15.125 , -12.1875 , -44.625
396342  , -0.14861111 , -0.7652778 , 0.92916673    , 0.0 , 0.0 , -1.0    ,-14.3125 , -13.4375 , -44.125
38932927  , -0.08611111 , -0.7652778 , 0.9027778    , 0.0 , 0.0 , -1.0    ,-14.3125 , -13.4375 , -44.125
426830  , -0.08611111 , -0.7652778 , 0.9027778    , 0.0 , 0.0 , -1.0    ,-13.3125 , -14.1875 , -44.125
39237805  , -0.09027778 , -0.75 , 0.92222226    , 0.0 , 0.0 , -1.0    ,-13.3125 , -14.1875 , -44.125
426829  , -0.09027778 , -0.75 , 0.92222226    , 0.0 , 0.0 , -1.0    ,-12.8125 , -15.4375 , -44.625
38902439  , -0.05138889 , -0.69861114 , 1.0    , 0.0 , 0.0 , -1.0    ,-12.8125 , -15.4375 , -44.625
396341  , -0.05138889 , -0.69861114 , 1.0    , 0.0 , 0.0 , -1.0    ,-12.3125 , -15.9375 , -44.625
39237805  , -0.06666667 , -0.6291667 , 0.99583334    , 0.0 , 0.0 , -1.0    ,-12.3125 , -15.9375 , -44.625
426829  , -0.06666667 , -0.6291667 , 0.99583334    , 0.0 , 0.0 , -1.0    ,-11.3125 , -16.4375 , -44.375
38932927  , -0.043055557 , -0.5861111 , 0.8791667    , 0.0 , 0.0 , -1.0    ,-11.3125 , -16.4375 , -44.375
426829  , -0.043055557 , -0.5861111 , 0.8791667    , 0.0 , 0.0 , -1.0    ,-10.5625 , -16.6875 , -44.375
39207317  , 0.030555557 , -0.6166667 , 0.85555553    , 0.0 , 0.0 , -1.0    ,-10.5625 , -16.6875 , -44.375
396341  , 0.030555557 , -0.6166667 , 0.85555553    , 0.0 , 0.0 , -1.0    ,-9.5 , -15.9375 , -44.625
39298780  , 0.02777778 , -0.625 , 0.89861107    , 0.0 , 0.0 , -1.0    ,-9.5 , -15.9375 , -44.625
396341  , 0.02777778 , -0.625 , 0.89861107    , 0.0 , 0.0 , -1.0    ,-8.25 , -15.4375 , -45.625
38993902  , -0.015277779 , -0.46944448 , 0.9027778    , 0.0 , 0.0 , -1.0    ,-8.25 , -15.4375 , -45.625
426830  , -0.015277779 , -0.46944448 , 0.9027778    , 0.0 , 0.0 , -1.0    ,-7.25 , -14.1875 , -46.3125
38932927  , 0.004166667 , -0.39444447 , 0.75416666    , 0.0 , 0.0 , -1.0    ,-7.25 , -14.1875 , -46.3125
426830  , 0.004166667 , -0.39444447 , 0.75416666    , 0.0 , 0.0 , -1.0    ,-5.9375 , -12.4375 , -47.0625
39085366  , 0.05138889 , -0.4027778 , 0.8041667    , 0.0 , 0.0 , -1.0    ,-5.9375 , -12.4375 , -47.0625
426829  , 0.05138889 , -0.4027778 , 0.8041667    , 0.0 , 0.0 , -1.0    ,-4.9375 , -10.6875 , -47.5625
39207318  , 0.07083333 , -0.45277777 , 0.90694445    , 0.0 , 0.0 , -1.0    ,-4.9375 , -10.6875 , -47.5625
426829  , 0.07083333 , -0.45277777 , 0.90694445    , 0.0 , 0.0 , -1.0    ,-4.4375 , -8.0 , -47.5625
39146341  , 0.047222223 , -0.4263889 , 0.8944445    , 0.0 , 0.0 , -1.0    ,-4.4375 , -8.0 , -47.5625
579268  , 0.047222223 , -0.4263889 , 0.8944445    , 0.0 , 0.0 , -1.0    ,-4.1875 , -5.0 , -48.3125
38810976  , 0.06666667 , -0.33611113 , 0.7652778    , 0.0 , 0.0 , -1.0    ,-4.1875 , -5.0 , -48.3125
426829  , 0.06666667 , -0.33611113 , 0.7652778    , 0.0 , 0.0 , -1.0    ,-3.4375 , -1.5625 , -48.75
38262195  , 0.07083333 , -0.23472224 , 0.71944445    , 0.0 , 0.0 , -1.0    ,-3.4375 , -1.5625 , -48.75
213415  , 0.07083333 , -0.23472224 , 0.71944445    , 0.0 , 0.0 , -1.0    ,-2.6875 , 3.1875 , -49.0
39512196  , -0.004166667 , -0.1875 , 0.7972222    , 0.0 , 0.0 , -1.0    ,-2.6875 , 3.1875 , -49.0
213415  , -0.004166667 , -0.1875 , 0.7972222    , 0.0 , 0.0 , -1.0    ,-2.1875 , 7.125 , -49.0
30030488  , 0.011111111 , -0.20277779 , 0.7777778    , 0.0 , 0.0 , -1.0    ,-2.1875 , 7.125 , -49.0
243903  , 0.011111111 , -0.20277779 , 0.7777778    , 0.0 , 0.0 , -1.0    ,-1.125 , 10.625 , -48.5625
39725610  , 0.07083333 , -0.22222224 , 0.69861114    , 0.0 , 0.0 , -1.0    ,-1.125 , 10.625 , -48.5625
304878  , 0.07083333 , -0.22222224 , 0.69861114    , 0.0 , 0.0 , -1.0    ,0.375 , 13.3125 , -48.0625
39420732  , 0.13611111 , -0.16805556 , 0.6333333    , 0.0 , 0.0 , -1.0    ,0.375 , 13.3125 , -48.0625
426829  , 0.13611111 , -0.16805556 , 0.6333333    , 0.0 , 0.0 , -1.0    ,1.375 , 15.0625 , -47.3125
39268293  , 0.09305556 , -0.043055557 , 0.6763889    , 0.0 , 0.0 , -1.0    ,1.375 , 15.0625 , -47.3125
426829  , 0.09305556 , -0.043055557 , 0.6763889    , 0.0 , 0.0 , -1.0    ,2.9375 , 17.3125 , -47.3125
38993902  , 0.043055557 , 0.058333337 , 0.7111111    , 0.0 , 0.0 , -1.0    ,2.9375 , 17.3125 , -47.3125
426829  , 0.043055557 , 0.058333337 , 0.7111111    , 0.0 , 0.0 , -1.0    ,4.1875 , 19.5 , -46.8125
39268293  , 0.15972222 , 0.058333337 , 0.625    , 0.0 , 0.0 , -1.0    ,4.1875 , 19.5 , -46.8125
426830  , 0.15972222 , 0.058333337 , 0.625    , 0.0 , 0.0 , -1.0    ,5.1875 , 21.75 , -46.3125
38780488  , 0.17916667 , 0.105555564 , 0.6097222    , 0.0 , 0.0 , -1.0    ,5.1875 , 21.75 , -46.3125
426830  , 0.17916667 , 0.105555564 , 0.6097222    , 0.0 , 0.0 , -1.0    ,5.9375 , 24.25 , -45.125
39298781  , 0.19861111 , 0.15277778 , 0.6486111    , 0.0 , 0.0 , -1.0    ,5.9375 , 24.25 , -45.125
426829  , 0.19861111 , 0.15277778 , 0.6486111    , 0.0 , 0.0 , -1.0    ,7.0 , 26.4375 , -43.125
38841463  , 0.23055556 , 0.21527778 , 0.7652778    , 0.0 , 0.0 , -1.0    ,7.0 , 26.4375 , -43.125
426829  , 0.23055556 , 0.21527778 , 0.7652778    , 0.0 , 0.0 , -1.0    ,7.0 , 28.9375 , -41.1875
39115854  , 0.25416666 , 0.32777777 , 0.78888893    , 0.0 , 0.0 , -1.0    ,7.0 , 28.9375 , -41.1875
426830  , 0.25416666 , 0.32777777 , 0.78888893    , 0.0 , 0.0 , -1.0    ,5.9375 , 31.1875 , -38.75
39420732  , 0.20694445 , 0.42916667 , 0.68333334    , 0.0 , 0.0 , -1.0    ,5.9375 , 31.1875 , -38.75
426830  , 0.20694445 , 0.42916667 , 0.68333334    , 0.0 , 0.0 , -1.0    ,4.4375 , 33.125 , -37.5
38750000  , 0.09027778 , 0.40555558 , 0.92222226    , 0.0 , 0.0 , -1.0    ,4.4375 , 33.125 , -37.5
457317  , 0.09027778 , 0.40555558 , 0.92222226    , 0.0 , 0.0 , -1.0    ,2.1875 , 34.375 , -36.8125
39176830  , 0.008333334 , 0.35972223 , 1.2611111    , 0.0 , 0.0 , -1.0    ,2.1875 , 34.375 , -36.8125
426829  , 0.008333334 , 0.35972223 , 1.2611111    , 0.0 , 0.0 , -1.0    ,-0.125 , 34.375 , -37.5
38993902  , -0.023611112 , 0.26527777 , 1.2930557    , 0.0 , 0.0 , -1.0    ,-0.125 , 34.375 , -37.5
426829  , -0.023611112 , 0.26527777 , 1.2930557    , 0.0 , 0.0 , -1.0    ,-2.4375 , 33.375 , -38.5
39085366  , -0.031944446 , 0.23472224 , 1.2694445    , 0.0 , 0.0 , -1.0    ,-2.4375 , 33.375 , -38.5
426829  , -0.031944446 , 0.23472224 , 1.2694445    , 0.0 , 0.0 , -1.0    ,-3.6875 , 32.125 , -39.75
39085366  , -0.054166667 , 0.16805556 , 1.2263889    , 0.0 , 0.0 , -1.0    ,-3.6875 , 32.125 , -39.75
426830  , -0.054166667 , 0.16805556 , 1.2263889    , 0.0 , 0.0 , -1.0    ,-5.1875 , 30.4375 , -40.25
39237805  , -0.004166667 , 0.14444445 , 1.2027779    , 0.0 , 0.0 , -1.0    ,-5.1875 , 30.4375 , -40.25
426829  , -0.004166667 , 0.14444445 , 1.2027779    , 0.0 , 0.0 , -1.0    ,-6.1875 , 29.1875 , -40.4375
38841464  , -0.058333337 , 0.14027779 , 1.1958333    , 0.0 , 0.0 , -1.0    ,-6.1875 , 29.1875 , -40.4375
396341  , -0.058333337 , 0.14027779 , 1.1958333    , 0.0 , 0.0 , -1.0    ,-7.25 , 28.6875 , -40.4375
39146341  , -0.008333334 , 0.125 , 1.0861111    , 0.0 , 0.0 , -1.0    ,-7.25 , 28.6875 , -40.4375
426829  , -0.008333334 , 0.125 , 1.0861111    , 0.0 , 0.0 , -1.0    ,-8.5 , 27.9375 , -39.75
39512196  , -0.06666667 , 0.13611111 , 1.0111111    , 0.0 , 0.0 , -1.0    ,-8.5 , 27.9375 , -39.75
426829  , -0.06666667 , 0.13611111 , 1.0111111    , 0.0 , 0.0 , -1.0    ,-9.5 , 27.1875 , -40.25
38414634  , -0.08194444 , 0.047222223 , 1.0583334    , 0.0 , 0.0 , -1.0    ,-9.5 , 27.1875 , -40.25
243903  , -0.08194444 , 0.047222223 , 1.0583334    , 0.0 , 0.0 , -1.0    ,-10.0 , 25.9375 , -40.6875
39451220  , -0.09027778 , -0.09027778 , 1.0972222    , 0.0 , 0.0 , -1.0    ,-10.0 , 25.9375 , -40.6875
213414  , -0.09027778 , -0.09027778 , 1.0972222    , 0.0 , 0.0 , -1.0    ,-11.0625 , 24.5 , -42.1875
39176829  , -0.16805556 , -0.16388889 , 1.3861111    , 0.0 , 0.0 , -1.0    ,-11.0625 , 24.5 , -42.1875
243903  , -0.16805556 , -0.16388889 , 1.3861111    , 0.0 , 0.0 , -1.0    ,-12.3125 , 21.75 , -43.625
40823170  , -0.21111113 , -0.22222224 , 1.2194444    , 0.0 , 0.0 , -1.0    ,-12.3125 , 21.75 , -43.625
457317  , -0.21111113 , -0.22222224 , 1.2194444    , 0.0 , 0.0 , -1.0    ,-13.8125 , 18.75 , -44.875
38597561  , -0.18333334 , -0.26527777 , 1.1291666    , 0.0 , 0.0 , -1.0    ,-13.8125 , 18.75 , -44.875
457317  , -0.18333334 , -0.26527777 , 1.1291666    , 0.0 , 0.0 , -1.0    ,-16.375 , 14.8125 , -45.375
38932926  , -0.2847222 , -0.37916666 , 1.3041667    , 0.0 , 0.0 , -1.0    ,-16.375 , 14.8125 , -45.375
426829  , -0.2847222 , -0.37916666 , 1.3041667    , 0.0 , 0.0 , -1.0    ,-18.125 , 10.625 , -45.625
39420732  , -0.23055556 , -0.46111113 , 1.2347223    , 0.0 , 0.0 , -1.0    ,-18.125 , 10.625 , -45.625
426829  , -0.23055556 , -0.46111113 , 1.2347223    , 0.0 , 0.0 , -1.0    ,-19.9375 , 6.375 , -45.8125
38689025  , -0.28194445 , -0.48055556 , 1.2458334    , 0.0 , 0.0 , -1.0    ,-19.9375 , 6.375 , -45.8125
426829  , -0.28194445 , -0.48055556 , 1.2458334    , 0.0 , 0.0 , -1.0    ,-21.1875 , 2.4375 , -45.8125
39176829  , -0.2777778 , -0.53472227 , 1.1097223    , 0.0 , 0.0 , -1.0    ,-21.1875 , 2.4375 , -45.8125
396341  , -0.2777778 , -0.53472227 , 1.1097223    , 0.0 , 0.0 , -1.0    ,-21.6875 , -0.8125 , -45.625
39207318  , -0.23888889 , -0.61388886 , 1.1527778    , 0.0 , 0.0 , -1.0    ,-21.6875 , -0.8125 , -45.625
426829  , -0.23888889 , -0.61388886 , 1.1527778    , 0.0 , 0.0 , -1.0    ,-22.1875 , -3.75 , -45.625
39085366  , -0.22638889 , -0.68333334 , 1.0083333    , 0.0 , 0.0 , -1.0    ,-22.1875 , -3.75 , -45.625
426829  , -0.22638889 , -0.68333334 , 1.0083333    , 0.0 , 0.0 , -1.0    ,-21.4375 , -6.0 , -45.8125
39085366  , -0.19861111 , -0.7027778 , 0.92916673    , 0.0 , 0.0 , -1.0    ,-21.4375 , -6.0 , -45.8125
426829  , -0.19861111 , -0.7027778 , 0.92916673    , 0.0 , 0.0 , -1.0    ,-20.4375 , -8.5 , -45.625
39054878  , -0.21944445 , -0.6791667 , 0.9027778    , 0.0 , 0.0 , -1.0    ,-20.4375 , -8.5 , -45.625
426829  , -0.21944445 , -0.6791667 , 0.9027778    , 0.0 , 0.0 , -1.0    ,-19.1875 , -10.25 , -46.0625
39237805  , -0.14861111 , -0.70694447 , 0.8791667    , 0.0 , 0.0 , -1.0    ,-19.1875 , -10.25 , -46.0625
426829  , -0.14861111 , -0.70694447 , 0.8791667    , 0.0 , 0.0 , -1.0    ,-17.125 , -12.4375 , -46.0625
39146341  , -0.116666675 , -0.76111114 , 0.90694445    , 0.0 , 0.0 , -1.0    ,-17.125 , -12.4375 , -46.0625
426829  , -0.116666675 , -0.76111114 , 0.90694445    , 0.0 , 0.0 , -1.0    ,-15.875 , -14.1875 , -45.625
39115853  , -0.10972223 , -0.72222227 , 0.9027778    , 0.0 , 0.0 , -1.0    ,-15.875 , -14.1875 , -45.625
396341  , -0.10972223 , -0.72222227 , 0.9027778    , 0.0 , 0.0 , -1.0    ,-15.125 , -14.6875 , -45.625
38841463  , -0.16805556 , -0.5777778 , 0.8013889    , 0.0 , 0.0 , -1.0    ,-15.125 , -14.6875 , -45.625
426830  , -0.16805556 , -0.5777778 , 0.8013889    , 0.0 , 0.0 , -1.0    ,-14.3125 , -14.6875 , -45.8125
39085366  , -0.17222223 , -0.4652778 , 0.70694447    , 0.0 , 0.0 , -1.0    ,-14.3125 , -14.6875 , -45.8125
426829  , -0.17222223 , -0.4652778 , 0.70694447    , 0.0 , 0.0 , -1.0    ,-14.3125 , -12.4375 , -46.5625
39207318  , -0.0625 , -0.4486111 , 0.84722227    , 0.0 , 0.0 , -1.0    ,-14.3125 , -12.4375 , -46.5625
426829  , -0.0625 , -0.4486111 , 0.84722227    , 0.0 , 0.0 , -1.0    ,-14.0625 , -8.5 , -48.0625
39085366  , -0.015277779 , -0.3986111 , 0.7388889    , 0.0 , 0.0 , -1.0    ,-14.0625 , -8.5 , -48.0625
396341  , -0.015277779 , -0.3986111 , 0.7388889    , 0.0 , 0.0 , -1.0    ,-12.8125 , -3.75 , -49.5
39329268  , -0.019444445 , -0.3402778 , 0.57361114    , 0.0 , 0.0 , -1.0    ,-12.8125 , -3.75 , -49.5
426829  , -0.019444445 , -0.3402778 , 0.57361114    , 0.0 , 0.0 , -1.0    ,-10.8125 , 2.9375 , -50.0
40701218  , -0.058333337 , -0.15277778 , 0.43333334    , 0.0 , 0.0 , -1.0    ,-10.8125 , 2.9375 , -50.0
518293  , -0.058333337 , -0.15277778 , 0.43333334    , 0.0 , 0.0 , -1.0    ,-8.75 , 9.875 , -49.25
37286585  , 0.034722224 , -0.004166667 , 0.6166667    , 0.0 , 0.0 , -1.0    ,-8.75 , 9.875 , -49.25
213415  , 0.034722224 , -0.004166667 , 0.6166667    , 0.0 , 0.0 , -1.0    ,-6.5 , 16.3125 , -47.8125
38963415  , -0.023611112 , 0.19861111 , 0.62083334    , 0.0 , 0.0 , -1.0    ,-6.5 , 16.3125 , -47.8125
182927  , -0.023611112 , 0.19861111 , 0.62083334    , 0.0 , 0.0 , -1.0    ,-4.4375 , 23.5 , -45.375
39939024  , 0.023611112 , 0.23472224 , 0.45277777    , 0.0 , 0.0 , -1.0    ,-4.4375 , 23.5 , -45.375
304878  , 0.023611112 , 0.23472224 , 0.45277777    , 0.0 , 0.0 , -1.0    ,-3.1875 , 28.9375 , -42.9375
40030488  , 0.22638889 , 0.28055558 , 0.46944448    , 0.0 , 0.0 , -1.0    ,-3.1875 , 28.9375 , -42.9375
396341  , 0.22638889 , 0.28055558 , 0.46944448    , 0.0 , 0.0 , -1.0    ,-1.375 , 33.125 , -40.25
39176829  , 0.25833333 , 0.29722223 , 0.55833334    , 0.0 , 0.0 , -1.0    ,-1.375 , 33.125 , -40.25
426829  , 0.25833333 , 0.29722223 , 0.55833334    , 0.0 , 0.0 , -1.0    ,-0.375 , 36.625 , -37.75
38536585  , 0.14861111 , 0.39027777 , 0.73472226    , 0.0 , 0.0 , -1.0    ,-0.375 , 36.625 , -37.75
426829  , 0.14861111 , 0.39027777 , 0.73472226    , 0.0 , 0.0 , -1.0    ,-0.375 , 38.625 , -35.3125
38871951  , 0.10972223 , 0.42916667 , 0.875    , 0.0 , 0.0 , -1.0    ,-0.375 , 38.625 , -35.3125
426830  , 0.10972223 , 0.42916667 , 0.875    , 0.0 , 0.0 , -1.0    ,-1.125 , 40.3125 , -33.125
39390244  , 0.054166667 , 0.45694444 , 0.92222226    , 0.0 , 0.0 , -1.0    ,-1.125 , 40.3125 , -33.125
426830  , 0.054166667 , 0.45694444 , 0.92222226    , 0.0 , 0.0 , -1.0    ,-2.9375 , 41.0625 , -31.875
38810976  , 0.0 , 0.5236111 , 0.87083334    , 0.0 , 0.0 , -1.0    ,-2.9375 , 41.0625 , -31.875
426830  , 0.0 , 0.5236111 , 0.87083334    , 0.0 , 0.0 , -1.0    ,-4.1875 , 41.5625 , -30.6875
39237805  , -0.019444445 , 0.4375 , 0.90694445    , 0.0 , 0.0 , -1.0    ,-4.1875 , 41.5625 , -30.6875
426829  , -0.019444445 , 0.4375 , 0.90694445    , 0.0 , 0.0 , -1.0    ,-5.6875 , 41.8125 , -30.6875
39207317  , 0.07361111 , 0.2847222 , 1.0666667    , 0.0 , 0.0 , -1.0    ,-5.6875 , 41.8125 , -30.6875
426829  , 0.07361111 , 0.2847222 , 1.0666667    , 0.0 , 0.0 , -1.0    ,-7.25 , 41.0625 , -30.9375
38963414  , 0.05138889 , 0.3402778 , 1.0472223    , 0.0 , 0.0 , -1.0    ,-7.25 , 41.0625 , -30.9375
426829  , 0.05138889 , 0.3402778 , 1.0472223    , 0.0 , 0.0 , -1.0    ,-8.75 , 40.5625 , -31.4375
38963414  , -0.105555564 , 0.33194444 , 1.0708334    , 0.0 , 0.0 , -1.0    ,-8.75 , 40.5625 , -31.4375
426830  , -0.105555564 , 0.33194444 , 1.0708334    , 0.0 , 0.0 , -1.0    ,-10.8125 , 38.875 , -33.125
39420732  , -0.14444445 , 0.30416667 , 1.1958333    , 0.0 , 0.0 , -1.0    ,-10.8125 , 38.875 , -33.125
426830  , -0.14444445 , 0.30416667 , 1.1958333    , 0.0 , 0.0 , -1.0    ,-12.8125 , 36.375 , -34.375
38780488  , -0.21944445 , 0.17222223 , 1.3041667    , 0.0 , 0.0 , -1.0    ,-12.8125 , 36.375 , -34.375
396342  , -0.21944445 , 0.17222223 , 1.3041667    , 0.0 , 0.0 , -1.0    ,-14.3125 , 33.625 , -36.5625
39390244  , -0.1875 , 0.004166667 , 1.4375001    , 0.0 , 0.0 , -1.0    ,-14.3125 , 33.625 , -36.5625
426830  , -0.1875 , 0.004166667 , 1.4375001    , 0.0 , 0.0 , -1.0    ,-15.125 , 29.4375 , -38.75
38810976  , -0.14861111 , -0.15694445 , 1.488889    , 0.0 , 0.0 , -1.0    ,-15.125 , 29.4375 , -38.75
396342  , -0.14861111 , -0.15694445 , 1.488889    , 0.0 , 0.0 , -1.0    ,-15.875 , 25.1875 , -40.6875
39085366  , -0.116666675 , -0.25416666 , 1.2458334    , 0.0 , 0.0 , -1.0    ,-15.875 , 25.1875 , -40.6875
426829  , -0.116666675 , -0.25416666 , 1.2458334    , 0.0 , 0.0 , -1.0    ,-15.625 , 22.0 , -42.6875
39298781  , -0.10972223 , -0.18333334 , 1.1527778    , 0.0 , 0.0 , -1.0    ,-15.625 , 22.0 , -42.6875
426829  , -0.10972223 , -0.18333334 , 1.1527778    , 0.0 , 0.0 , -1.0    ,-15.375 , 18.75 , -43.875
39115854  , -0.14444445 , -0.14861111 , 1.1763889    , 0.0 , 0.0 , -1.0    ,-15.375 , 18.75 , -43.875
426829  , -0.14444445 , -0.14861111 , 1.1763889    , 0.0 , 0.0 , -1.0    ,-15.625 , 16.3125 , -45.375
38750000  , -0.14444445 , -0.23055556 , 1.2263889    , 0.0 , 0.0 , -1.0    ,-15.625 , 16.3125 , -45.375
426829  , -0.14444445 , -0.23055556 , 1.2263889    , 0.0 , 0.0 , -1.0    ,-15.375 , 13.5625 , -46.0625
39146342  , -0.19166668 , -0.3402778 , 1.2583334    , 0.0 , 0.0 , -1.0    ,-15.375 , 13.5625 , -46.0625
396342  , -0.19166668 , -0.3402778 , 1.2583334    , 0.0 , 0.0 , -1.0    ,-15.125 , 8.875 , -46.8125
39329269  , -0.14027779 , -0.4375 , 1.0472223    , 0.0 , 0.0 , -1.0    ,-15.125 , 8.875 , -46.8125
426829  , -0.14027779 , -0.4375 , 1.0472223    , 0.0 , 0.0 , -1.0    ,-15.875 , 3.875 , -47.3125
39176829  , -0.14444445 , -0.53472227 , 0.9805556    , 0.0 , 0.0 , -1.0    ,-15.875 , 3.875 , -47.3125
396342  , -0.14444445 , -0.53472227 , 0.9805556    , 0.0 , 0.0 , -1.0    ,-16.375 , -1.3125 , -47.0625
43292683  , -0.13333334 , -0.6486111 , 1.0819445    , 0.0 , 0.0 , -1.0    ,-16.375 , -1.3125 , -47.0625
182927  , -0.13333334 , -0.6486111 , 1.0819445    , 0.0 , 0.0 , -1.0    ,-16.625 , -6.25 , -46.5625
24390245  , -0.15694445 , -0.73472226 , 0.9916667    , 0.0 , 0.0 , -1.0    ,-16.625 , -6.25 , -46.5625
304878  , -0.15694445 , -0.73472226 , 0.9916667    , 0.0 , 0.0 , -1.0    ,-17.875 , -10.5 , -45.8125
38719512  , -0.13333334 , -0.78472227 , 0.9097222    , 0.0 , 0.0 , -1.0    ,-17.875 , -10.5 , -45.8125
213414  , -0.13333334 , -0.78472227 , 0.9097222    , 0.0 , 0.0 , -1.0    ,-18.375 , -14.6875 , -44.625
40060975  , -0.18333334 , -0.78194445 , 0.8361111    , 0.0 , 0.0 , -1.0    ,-18.375 , -14.6875 , -44.625
304878  , -0.18333334 , -0.78194445 , 0.8361111    , 0.0 , 0.0 , -1.0    ,-18.375 , -18.125 , -43.125
39573171  , -0.14861111 , -0.78472227 , 0.7416667    , 0.0 , 0.0 , -1.0    ,-18.375 , -18.125 , -43.125
426830  , -0.14861111 , -0.78472227 , 0.7416667    , 0.0 , 0.0 , -1.0    ,-19.1875 , -20.875 , -42.1875
38750000  , -0.18333334 , -0.7416667 , 0.6638889    , 0.0 , 0.0 , -1.0    ,-19.1875 , -20.875 , -42.1875
426829  , -0.18333334 , -0.7416667 , 0.6638889    , 0.0 , 0.0 , -1.0    ,-18.375 , -23.375 , -40.9375
39451220  , -0.17638889 , -0.78888893 , 0.68333334    , 0.0 , 0.0 , -1.0    ,-18.375 , -23.375 , -40.9375
426830  , -0.17638889 , -0.78888893 , 0.68333334    , 0.0 , 0.0 , -1.0    ,-16.875 , -24.625 , -40.6875
38902439  , -0.20277779 , -0.7652778 , 0.6680556    , 0.0 , 0.0 , -1.0    ,-16.875 , -24.625 , -40.6875
426829  , -0.20277779 , -0.7652778 , 0.6680556    , 0.0 , 0.0 , -1.0    ,-15.625 , -25.5625 , -40.9375
38963415  , -0.16805556 , -0.76111114 , 0.7152778    , 0.0 , 0.0 , -1.0    ,-15.625 , -25.5625 , -40.9375
426830  , -0.16805556 , -0.76111114 , 0.7152778    , 0.0 , 0.0 , -1.0    ,-14.0625 , -25.8125 , -41.4375
39176830  , -0.10972223 , -0.7972222 , 0.7263889    , 0.0 , 0.0 , -1.0    ,-14.0625 , -25.8125 , -41.4375
396341  , -0.10972223 , -0.7972222 , 0.7263889    , 0.0 , 0.0 , -1.0    ,-12.0625 , -24.625 , -42.9375
39146341  , -0.02777778 , -0.8208333 , 0.76111114    , 0.0 , 0.0 , -1.0    ,-12.0625 , -24.625 , -42.9375
426830  , -0.02777778 , -0.8208333 , 0.76111114    , 0.0 , 0.0 , -1.0    ,-10.8125 , -23.125 , -44.875
38932927  , -0.015277779 , -0.68333334 , 0.78888893    , 0.0 , 0.0 , -1.0    ,-10.8125 , -23.125 , -44.875
396342  , -0.015277779 , -0.68333334 , 0.78888893    , 0.0 , 0.0 , -1.0    ,-9.0 , -19.875 , -46.5625
39085366  , -0.011111111 , -0.50416666 , 0.7263889    , 0.0 , 0.0 , -1.0    ,-9.0 , -19.875 , -46.5625
426829  , -0.011111111 , -0.50416666 , 0.7263889    , 0.0 , 0.0 , -1.0    ,-6.1875 , -15.4375 , -48.5625
39085366  , 0.0625 , -0.46944448 , 0.67222226    , 0.0 , 0.0 , -1.0    ,-6.1875 , -15.4375 , -48.5625
426829  , 0.0625 , -0.46944448 , 0.67222226    , 0.0 , 0.0 , -1.0    ,-4.4375 , -9.75 , -50.0
38658537  , 0.08194444 , -0.44583336 , 0.625    , 0.0 , 0.0 , -1.0    ,-4.4375 , -9.75 , -50.0
213415  , 0.08194444 , -0.44583336 , 0.625    , 0.0 , 0.0 , -1.0    ,-1.625 , -3.3125 , -50.5
39756098  , 0.1875 , -0.4097222 , 0.53194445    , 0.0 , 0.0 , -1.0    ,-1.625 , -3.3125 , -50.5
274390  , 0.1875 , -0.4097222 , 0.53194445    , 0.0 , 0.0 , -1.0    ,1.375 , 3.875 , -50.75
40182927  , 0.25416666 , -0.20277779 , 0.41805556    , 0.0 , 0.0 , -1.0    ,1.375 , 3.875 , -50.75
426830  , 0.25416666 , -0.20277779 , 0.41805556    , 0.0 , 0.0 , -1.0    ,3.6875 , 10.625 , -49.75
38597561  , 0.25833333 , -0.10972223 , 0.5513889    , 0.0 , 0.0 , -1.0    ,3.6875 , 10.625 , -49.75
396342  , 0.25833333 , -0.10972223 , 0.5513889    , 0.0 , 0.0 , -1.0    ,5.4375 , 16.8125 , -48.0625
40091464  , 0.23472224 , -0.031944446 , 0.6791667    , 0.0 , 0.0 , -1.0    ,5.4375 , 16.8125 , -48.0625
396341  , 0.23472224 , -0.031944446 , 0.6791667    , 0.0 , 0.0 , -1.0    ,6.1875 , 22.25 , -46.0625
38048780  , 0.19861111 , 0.08611111 , 0.62083334    , 0.0 , 0.0 , -1.0    ,6.1875 , 22.25 , -46.0625
426829  , 0.19861111 , 0.08611111 , 0.62083334    , 0.0 , 0.0 , -1.0    ,6.1875 , 25.9375 , -44.125
39512195  , 0.19166668 , 0.19583334 , 0.63611114    , 0.0 , 0.0 , -1.0    ,6.1875 , 25.9375 , -44.125
426829  , 0.19166668 , 0.19583334 , 0.63611114    , 0.0 , 0.0 , -1.0    ,5.1875 , 29.1875 , -42.1875
38780488  , 0.15555556 , 0.2736111 , 0.6291667    , 0.0 , 0.0 , -1.0    ,5.1875 , 29.1875 , -42.1875
426829  , 0.15555556 , 0.2736111 , 0.6291667    , 0.0 , 0.0 , -1.0    ,4.4375 , 31.4375 , -40.0
38231707  , 0.17916667 , 0.33611113 , 0.7152778    , 0.0 , 0.0 , -1.0    ,4.4375 , 31.4375 , -40.0
213414  , 0.17916667 , 0.33611113 , 0.7152778    , 0.0 , 0.0 , -1.0    ,3.6875 , 33.375 , -37.75
29603659  , 0.17222223 , 0.42916667 , 0.73055553    , 0.0 , 0.0 , -1.0    ,3.6875 , 33.375 , -37.75
243902  , 0.17222223 , 0.42916667 , 0.73055553    , 0.0 , 0.0 , -1.0    ,2.1875 , 35.875 , -35.5625
39817073  , 0.08611111 , 0.4652778 , 0.73472226    , 0.0 , 0.0 , -1.0    ,2.1875 , 35.875 , -35.5625
213414  , 0.08611111 , 0.4652778 , 0.73472226    , 0.0 , 0.0 , -1.0    ,0.875 , 37.625 , -33.375
40091463  , 0.16805556 , 0.46111113 , 0.8013889    , 0.0 , 0.0 , -1.0    ,0.875 , 37.625 , -33.375
365854  , 0.16805556 , 0.46111113 , 0.8013889    , 0.0 , 0.0 , -1.0    ,-0.625 , 39.125 , -32.125
39024390  , 0.019444445 , 0.625 , 0.9263889    , 0.0 , 0.0 , -1.0    ,-0.625 , 39.125 , -32.125
426830  , 0.019444445 , 0.625 , 0.9263889    , 0.0 , 0.0 , -1.0    ,-2.9375 , 40.0625 , -30.9375
39329269  , -0.17916667 , 0.6791667 , 1.0194445    , 0.0 , 0.0 , -1.0    ,-2.9375 , 40.0625 , -30.9375
426829  , -0.17916667 , 0.6791667 , 1.0194445    , 0.0 , 0.0 , -1.0    ,-4.9375 , 40.0625 , -29.9375
38902439  , -0.14861111 , 0.5902778 , 1.1597223    , 0.0 , 0.0 , -1.0    ,-4.9375 , 40.0625 , -29.9375
426829  , -0.14861111 , 0.5902778 , 1.1597223    , 0.0 , 0.0 , -1.0    ,-7.0 , 40.0625 , -29.6875
39024390  , -0.08611111 , 0.55833334 , 1.1208334    , 0.0 , 0.0 , -1.0    ,-7.0 , 40.0625 , -29.6875
426829  , -0.08611111 , 0.55833334 , 1.1208334    , 0.0 , 0.0 , -1.0    ,-9.25 , 39.5625 , -29.1875
40304879  , -0.11388889 , 0.58194447 , 1.0972222    , 0.0 , 0.0 , -1.0    ,-9.25 , 39.5625 , -29.1875
426829  , -0.11388889 , 0.58194447 , 1.0972222    , 0.0 , 0.0 , -1.0    ,-10.25 , 39.125 , -29.4375
37896341  , -0.13611111 , 0.5541667 , 1.1527778    , 0.0 , 0.0 , -1.0    ,-10.25 , 39.125 , -29.4375
426830  , -0.13611111 , 0.5541667 , 1.1527778    , 0.0 , 0.0 , -1.0    ,-11.3125 , 38.875 , -29.6875
39146342  , -0.125 , 0.4652778 , 1.1166667    , 0.0 , 0.0 , -1.0    ,-11.3125 , 38.875 , -29.6875
426829  , -0.125 , 0.4652778 , 1.1166667    , 0.0 , 0.0 , -1.0    ,-12.3125 , 38.125 , -29.9375
39237805  , -0.116666675 , 0.33194444 , 1.0708334    , 0.0 , 0.0 , -1.0    ,-12.3125 , 38.125 , -29.9375
426829  , -0.116666675 , 0.33194444 , 1.0708334    , 0.0 , 0.0 , -1.0    ,-12.8125 , 37.125 , -31.4375
38902439  , -0.19861111 , 0.16805556 , 1.1569445    , 0.0 , 0.0 , -1.0    ,-12.8125 , 37.125 , -31.4375
426830  , -0.19861111 , 0.16805556 , 1.1569445    , 0.0 , 0.0 , -1.0    ,-13.5625 , 35.625 , -32.875
39420732  , -0.22638889 , 0.034722224 , 1.1833333    , 0.0 , 0.0 , -1.0    ,-13.5625 , 35.625 , -32.875
396342  , -0.22638889 , 0.034722224 , 1.1833333    , 0.0 , 0.0 , -1.0    ,-14.875 , 32.125 , -34.625
38719512  , -0.32777777 , -0.09027778 , 1.2152778    , 0.0 , 0.0 , -1.0    ,-14.875 , 32.125 , -34.625
396341  , -0.32777777 , -0.09027778 , 1.2152778    , 0.0 , 0.0 , -1.0    ,-16.625 , 27.9375 , -37.3125
39207318  , -0.43333334 , -0.21944445 , 1.4138889    , 0.0 , 0.0 , -1.0    ,-16.625 , 27.9375 , -37.3125
426829  , -0.43333334 , -0.21944445 , 1.4138889    , 0.0 , 0.0 , -1.0    ,-18.625 , 22.25 , -39.5
39054878  , -0.43333334 , -0.3236111 , 1.3555555    , 0.0 , 0.0 , -1.0    ,-18.625 , 22.25 , -39.5
426830  , -0.43333334 , -0.3236111 , 1.3555555    , 0.0 , 0.0 , -1.0    ,-20.9375 , 16.0625 , -41.1875
39115854  , -0.3986111 , -0.3986111 , 1.1166667    , 0.0 , 0.0 , -1.0    ,-20.9375 , 16.0625 , -41.1875
426830  , -0.3986111 , -0.3986111 , 1.1166667    , 0.0 , 0.0 , -1.0    ,-22.6875 , 10.375 , -42.6875
39085366  , -0.32083333 , -0.5 , 1.0666667    , 0.0 , 0.0 , -1.0    ,-22.6875 , 10.375 , -42.6875
426830  , -0.32083333 , -0.5 , 1.0666667    , 0.0 , 0.0 , -1.0    ,-23.5 , 4.125 , -42.6875
39146342  , -0.3861111 , -0.54305553 , 1.0541667    , 0.0 , 0.0 , -1.0    ,-23.5 , 4.125 , -42.6875
426829  , -0.3861111 , -0.54305553 , 1.0541667    , 0.0 , 0.0 , -1.0    ,-24.5 , -0.8125 , -42.4375
39725610  , -0.375 , -0.6486111 , 1.0513889    , 0.0 , 0.0 , -1.0    ,-24.5 , -0.8125 , -42.4375
426830  , -0.375 , -0.6486111 , 1.0513889    , 0.0 , 0.0 , -1.0    ,-24.75 , -5.75 , -41.6875
38628049  , -0.33194444 , -0.73055553 , 0.8833334    , 0.0 , 0.0 , -1.0    ,-24.75 , -5.75 , -41.6875
396342  , -0.33194444 , -0.73055553 , 0.8833334    , 0.0 , 0.0 , -1.0    ,-24.25 , -10.0 , -41.1875
39024391  , -0.3013889 , -0.78472227 , 0.75416666    , 0.0 , 0.0 , -1.0    ,-24.25 , -10.0 , -41.1875
396341  , -0.3013889 , -0.78472227 , 0.75416666    , 0.0 , 0.0 , -1.0    ,-23.75 , -13.6875 , -40.6875
38841463  , -0.3013889 , -0.81666666 , 0.7152778    , 0.0 , 0.0 , -1.0    ,-23.75 , -13.6875 , -40.6875
182927  , -0.3013889 , -0.81666666 , 0.7152778    , 0.0 , 0.0 , -1.0    ,-22.6875 , -17.875 , -39.5
39054878  , -0.28194445 , -0.84027785 , 0.7027778    , 0.0 , 0.0 , -1.0    ,-22.6875 , -17.875 , -39.5
213414  , -0.28194445 , -0.84027785 , 0.7027778    , 0.0 , 0.0 , -1.0    ,-21.4375 , -20.875 , -38.5
40609756  , -0.28194445 , -0.8833334 , 0.75416666    , 0.0 , 0.0 , -1.0    ,-21.4375 , -20.875 , -38.5
304878  , -0.28194445 , -0.8833334 , 0.75416666    , 0.0 , 0.0 , -1.0    ,-20.6875 , -24.375 , -37.0625
39664634  , -0.2888889 , -0.88611114 , 0.73472226    , 0.0 , 0.0 , -1.0    ,-20.6875 , -24.375 , -37.0625
396342  , -0.2888889 , -0.88611114 , 0.73472226    , 0.0 , 0.0 , -1.0    ,-19.9375 , -27.0625 , -36.0625
38902439  , -0.26527777 , -0.875 , 0.6875    , 0.0 , 0.0 , -1.0    ,-19.9375 , -27.0625 , -36.0625
426829  , -0.26527777 , -0.875 , 0.6875    , 0.0 , 0.0 , -1.0    ,-19.4375 , -28.3125 , -35.5625
38810975  , -0.24166667 , -0.80833334 , 0.6527778    , 0.0 , 0.0 , -1.0    ,-19.4375 , -28.3125 , -35.5625
426829  , -0.24166667 , -0.80833334 , 0.6527778    , 0.0 , 0.0 , -1.0    ,-18.625 , -29.5625 , -36.0625
39390244  , -0.125 , -0.78472227 , 0.5902778    , 0.0 , 0.0 , -1.0    ,-18.625 , -29.5625 , -36.0625
426829  , -0.125 , -0.78472227 , 0.5902778    , 0.0 , 0.0 , -1.0    ,-17.375 , -29.3125 , -37.5
38750000  , -0.07777778 , -0.6875 , 0.5708333    , 0.0 , 0.0 , -1.0    ,-17.375 , -29.3125 , -37.5
396341  , -0.07777778 , -0.6875 , 0.5708333    , 0.0 , 0.0 , -1.0    ,-15.875 , -27.5625 , -39.0
39329268  , -0.05138889 , -0.6402778 , 0.59444445    , 0.0 , 0.0 , -1.0    ,-15.875 , -27.5625 , -39.0
426829  , -0.05138889 , -0.6402778 , 0.59444445    , 0.0 , 0.0 , -1.0    ,-13.5625 , -25.5625 , -41.4375
38780488  , -0.06666667 , -0.68333334 , 0.7416667    , 0.0 , 0.0 , -1.0    ,-13.5625 , -25.5625 , -41.4375
426829  , -0.06666667 , -0.68333334 , 0.7416667    , 0.0 , 0.0 , -1.0    ,-11.8125 , -22.125 , -43.875
39115854  , -0.023611112 , -0.7027778 , 0.84027785    , 0.0 , 0.0 , -1.0    ,-11.8125 , -22.125 , -43.875
426829  , -0.023611112 , -0.7027778 , 0.84027785    , 0.0 , 0.0 , -1.0    ,-9.5 , -17.1875 , -46.0625
39085366  , 0.008333334 , -0.62083334 , 0.7263889    , 0.0 , 0.0 , -1.0    ,-9.5 , -17.1875 , -46.0625
426829  , 0.008333334 , -0.62083334 , 0.7263889    , 0.0 , 0.0 , -1.0    ,-6.75 , -11.1875 , -48.0625
39207317  , 0.043055557 , -0.46111113 , 0.50416666    , 0.0 , 0.0 , -1.0    ,-6.75 , -11.1875 , -48.0625
426829  , 0.043055557 , -0.46111113 , 0.50416666    , 0.0 , 0.0 , -1.0    ,-3.4375 , -3.75 , -49.0
39176829  , 0.19861111 , -0.2736111 , 0.3236111    , 0.0 , 0.0 , -1.0    ,-3.4375 , -3.75 , -49.0
426829  , 0.19861111 , -0.2736111 , 0.3236111    , 0.0 , 0.0 , -1.0    ,0.125 , 4.125 , -49.0
39146341  , 0.23472224 , -0.03888889 , 0.29305556    , 0.0 , 0.0 , -1.0    ,0.125 , 4.125 , -49.0
396342  , 0.23472224 , -0.03888889 , 0.29305556    , 0.0 , 0.0 , -1.0    ,3.1875 , 11.3125 , -48.5625
39176829  , 0.24166667 , 0.023611112 , 0.32083333    , 0.0 , 0.0 , -1.0    ,3.1875 , 11.3125 , -48.5625
426829  , 0.24166667 , 0.023611112 , 0.32083333    , 0.0 , 0.0 , -1.0    ,5.6875 , 16.5625 , -47.8125
38932926  , 0.22222224 , -0.004166667 , 0.46111113    , 0.0 , 0.0 , -1.0    ,5.6875 , 16.5625 , -47.8125
426829  , 0.22222224 , -0.004166667 , 0.46111113    , 0.0 , 0.0 , -1.0    ,7.25 , 19.75 , -47.3125
38902439  , 0.23888889 , -0.15694445 , 0.7027778    , 0.0 , 0.0 , -1.0    ,7.25 , 19.75 , -47.3125
426829  , 0.23888889 , -0.15694445 , 0.7027778    , 0.0 , 0.0 , -1.0    ,7.0 , 20.0 , -47.0625
39146341  , 0.15555556 , -0.0625 , 0.8361111    , 0.0 , 0.0 , -1.0    ,7.0 , 20.0 , -47.0625
426829  , 0.15555556 , -0.0625 , 0.8361111    , 0.0 , 0.0 , -1.0    ,5.4375 , 19.0 , -47.0625
39085366  , 0.07777778 , 0.043055557 , 0.92916673    , 0.0 , 0.0 , -1.0    ,5.4375 , 19.0 , -47.0625
426829  , 0.07777778 , 0.043055557 , 0.92916673    , 0.0 , 0.0 , -1.0    ,3.6875 , 17.8125 , -47.8125
39512194  , 0.034722224 , 0.07083333 , 1.0472223    , 0.0 , 0.0 , -1.0    ,3.6875 , 17.8125 , -47.8125
426830  , 0.034722224 , 0.07083333 , 1.0472223    , 0.0 , 0.0 , -1.0    ,1.625 , 17.0625 , -48.0625
38567074  , 0.08194444 , -0.0625 , 1.2069445    , 0.0 , 0.0 , -1.0    ,1.625 , 17.0625 , -48.0625
182927  , 0.08194444 , -0.0625 , 1.2069445    , 0.0 , 0.0 , -1.0    ,0.125 , 16.5625 , -48.3125
39725610  , 0.101388894 , -0.14444445 , 1.2027779    , 0.0 , 0.0 , -1.0    ,0.125 , 16.5625 , -48.3125
182927  , 0.101388894 , -0.14444445 , 1.2027779    , 0.0 , 0.0 , -1.0    ,-0.375 , 15.8125 , -48.5625
39512195  , 0.011111111 , -0.19861111 , 0.97222227    , 0.0 , 0.0 , -1.0    ,-0.375 , 15.8125 , -48.5625
304878  , 0.011111111 , -0.19861111 , 0.97222227    , 0.0 , 0.0 , -1.0    ,0.125 , 15.8125 , -48.3125
39634147  , 0.043055557 , -0.17916667 , 0.9458333    , 0.0 , 0.0 , -1.0    ,0.125 , 15.8125 , -48.3125
396342  , 0.043055557 , -0.17916667 , 0.9458333    , 0.0 , 0.0 , -1.0    ,0.375 , 15.0625 , -48.3125
39207317  , 0.14027779 , -0.35555556 , 1.0666667    , 0.0 , 0.0 , -1.0    ,0.375 , 15.0625 , -48.3125
426829  , 0.14027779 , -0.35555556 , 1.0666667    , 0.0 , 0.0 , -1.0    ,0.625 , 14.8125 , -48.3125
38841463  , -0.004166667 , -0.3513889 , 1.2583334    , 0.0 , 0.0 , -1.0    ,0.625 , 14.8125 , -48.3125
426830  , -0.004166667 , -0.3513889 , 1.2583334    , 0.0 , 0.0 , -1.0    ,0.375 , 14.5625 , -48.5625
39085366  , -0.06666667 , -0.23472224 , 1.2111112    , 0.0 , 0.0 , -1.0    ,0.375 , 14.5625 , -48.5625
396342  , -0.06666667 , -0.23472224 , 1.2111112    , 0.0 , 0.0 , -1.0    ,-1.625 , 13.5625 , -48.5625
39329268  , -0.10972223 , -0.4375 , 1.0041667    , 0.0 , 0.0 , -1.0    ,-1.625 , 13.5625 , -48.5625
457317  , -0.10972223 , -0.4375 , 1.0041667    , 0.0 , 0.0 , -1.0    ,-2.4375 , 12.5625 , -48.3125
39115853  , -0.023611112 , -0.6333333 , 1.1569445    , 0.0 , 0.0 , -1.0    ,-2.4375 , 12.5625 , -48.3125
426830  , -0.023611112 , -0.6333333 , 1.1569445    , 0.0 , 0.0 , -1.0    ,-3.6875 , 11.8125 , -48.5625
38719513  , -0.20277779 , -0.3986111 , 1.3597223    , 0.0 , 0.0 , -1.0    ,-3.6875 , 11.8125 , -48.5625
396341  , -0.20277779 , -0.3986111 , 1.3597223    , 0.0 , 0.0 , -1.0    ,-5.1875 , 10.8125 , -48.5625
39146341  , -0.11388889 , -0.31666666 , 1.3208333    , 0.0 , 0.0 , -1.0    ,-5.1875 , 10.8125 , -48.5625
426829  , -0.11388889 , -0.31666666 , 1.3208333    , 0.0 , 0.0 , -1.0    ,-6.1875 , 10.625 , -48.75
39115854  , -0.034722224 , -0.21527778 , 0.9805556    , 0.0 , 0.0 , -1.0    ,-6.1875 , 10.625 , -48.75
396342  , -0.034722224 , -0.21527778 , 0.9805556    , 0.0 , 0.0 , -1.0    ,-7.25 , 11.0625 , -48.5625
39054878  , -0.06666667 , -0.12083334 , 0.7583333    , 0.0 , 0.0 , -1.0    ,-7.25 , 11.0625 , -48.5625
1341463  , -0.06666667 , -0.12083334 , 0.7583333    , 0.0 , 0.0 , -1.0    ,-7.0 , 11.0625 , -48.3125
38445122  , -0.031944446 , -0.2888889 , 1.1097223    , 0.0 , 0.0 , -1.0    ,-7.0 , 11.0625 , -48.3125
426829  , -0.031944446 , -0.2888889 , 1.1097223    , 0.0 , 0.0 , -1.0    ,-5.9375 , 11.8125 , -47.8125
38841463  , -0.058333337 , -0.3125 , 1.125    , 0.0 , 0.0 , -1.0    ,-5.9375 , 11.8125 , -47.8125
396341  , -0.058333337 , -0.3125 , 1.125    , 0.0 , 0.0 , -1.0    ,-5.1875 , 11.8125 , -47.5625
39115854  , -0.047222223 , -0.29722223 , 1.113889    , 0.0 , 0.0 , -1.0    ,-5.1875 , 11.8125 , -47.5625
426829  , -0.047222223 , -0.29722223 , 1.113889    , 0.0 , 0.0 , -1.0    ,-5.4375 , 11.3125 , -47.8125
39085366  , -0.015277779 , -0.2736111 , 1.1013889    , 0.0 , 0.0 , -1.0    ,-5.4375 , 11.3125 , -47.8125
426829  , -0.015277779 , -0.2736111 , 1.1013889    , 0.0 , 0.0 , -1.0    ,-5.6875 , 11.3125 , -47.5625
39146341  , -0.008333334 , -0.17916667 , 1.0388889    , 0.0 , 0.0 , -1.0    ,-5.6875 , 11.3125 , -47.5625
426829  , -0.008333334 , -0.17916667 , 1.0388889    , 0.0 , 0.0 , -1.0    ,-5.9375 , 11.8125 , -47.8125
39176830  , -0.05138889 , -0.17222223 , 0.94166666    , 0.0 , 0.0 , -1.0    ,-5.9375 , 11.8125 , -47.8125
457317  , -0.05138889 , -0.17222223 , 0.94166666    , 0.0 , 0.0 , -1.0    ,-5.4375 , 11.8125 , -47.5625
40152439  , -0.10972223 , -0.21944445 , 1.0944444    , 0.0 , 0.0 , -1.0    ,-5.4375 , 11.8125 , -47.5625
579269  , -0.10972223 , -0.21944445 , 1.0944444    , 0.0 , 0.0 , -1.0    ,-5.1875 , 12.0625 , -47.8125
38079268  , -0.05138889 , -0.19583334 , 1.0430555    , 0.0 , 0.0 , -1.0    ,-5.1875 , 12.0625 , -47.8125
487805  , -0.05138889 , -0.19583334 , 1.0430555    , 0.0 , 0.0 , -1.0    ,-4.4375 , 12.5625 , -47.8125
39695122  , -0.05138889 , -0.20277779 , 1.0388889    , 0.0 , 0.0 , -1.0    ,-4.4375 , 12.5625 , -47.8125
304878  , -0.05138889 , -0.20277779 , 1.0388889    , 0.0 , 0.0 , -1.0    ,-3.9375 , 12.3125 , -47.5625
38231707  , -0.031944446 , -0.19166668 , 1.0513889    , 0.0 , 0.0 , -1.0    ,-3.9375 , 12.3125 , -47.5625
365853  , -0.031944446 , -0.19166668 , 1.0513889    , 0.0 , 0.0 , -1.0    ,-3.9375 , 12.8125 , -47.8125
40121951  , -0.02777778 , -0.21111113 , 1.0666667    , 0.0 , 0.0 , -1.0    ,-3.9375 , 12.8125 , -47.8125
396342  , -0.02777778 , -0.21111113 , 1.0666667    , 0.0 , 0.0 , -1.0    ,-2.9375 , 13.0625 , -47.8125
38871951  , -0.023611112 , -0.1875 , 1.0430555    , 0.0 , 0.0 , -1.0    ,-2.9375 , 13.0625 , -47.8125
182927  , -0.023611112 , -0.1875 , 1.0430555    , 0.0 , 0.0 , -1.0    ,-2.6875 , 13.3125 , -47.8125
38750000  , -0.023611112 , -0.19583334 , 1.0388889    , 0.0 , 0.0 , -1.0    ,-2.6875 , 13.3125 , -47.8125
243902  , -0.023611112 , -0.19583334 , 1.0388889    , 0.0 , 0.0 , -1.0    ,-2.4375 , 13.0625 , -47.8125
39878049  , -0.019444445 , -0.18333334 , 1.0083333    , 0.0 , 0.0 , -1.0    ,-2.4375 , 13.0625 , -47.8125
335366  , -0.019444445 , -0.18333334 , 1.0083333    , 0.0 , 0.0 , -1.0    ,-1.875 , 13.3125 , -47.8125
40731707  , -0.004166667 , -0.17222223 , 1.0194445    , 0.0 , 0.0 , -1.0    ,-1.875 , 13.3125 , -47.8125
426829  , -0.004166667 , -0.17222223 , 1.0194445    , 0.0 , 0.0 , -1.0    ,-2.1875 , 13.3125 , -48.0625
38079268  , -0.008333334 , -0.20277779 , 1.0194445    , 0.0 , 0.0 , -1.0    ,-2.1875 , 13.3125 , -48.0625
365854  , -0.008333334 , -0.20277779 , 1.0194445    , 0.0 , 0.0 , -1.0    ,-2.1875 , 12.5625 , -47.8125
