time, x, y, z, orX, orY, orZ, orRowX, orRowY, orRowZ
118810975  , 0.9680556 , -0.17638889 , 0.33194444    , 0.0 , 0.0 , -1.0    ,47.5625 , -0.4375 , 6.75
274390  , 0.9680556 , -0.17638889 , 0.33194444    , 0.0 , 0.0 , -1.0    ,48.125 , 0.0625 , 6.75
16585366  , 0.97222227 , -0.13611111 , 0.3236111    , 0.0 , 0.0 , -1.0    ,48.125 , 0.0625 , 6.75
1493903  , 0.97222227 , -0.13611111 , 0.3236111    , 0.0 , 0.0 , -1.0    ,48.625 , 0.0625 , 7.1875
37896341  , 0.9680556 , -0.13333334 , 0.31666666    , 0.0 , 0.0 , -1.0    ,48.625 , 0.0625 , 7.1875
3018292  , 0.9680556 , -0.13333334 , 0.31666666    , 0.0 , 0.0 , -1.0    ,48.875 , -0.1875 , 7.6875
47530488  , 0.97638893 , -0.125 , 0.29722223    , 0.0 , 0.0 , -1.0    ,48.875 , -0.1875 , 7.6875
213415  , 0.97638893 , -0.125 , 0.29722223    , 0.0 , 0.0 , -1.0    ,49.375 , 0.3125 , 7.1875
48689025  , 0.97222227 , -0.116666675 , 0.30833334    , 0.0 , 0.0 , -1.0    ,49.375 , 0.3125 , 7.1875
182927  , 0.97222227 , -0.116666675 , 0.30833334    , 0.0 , 0.0 , -1.0    ,48.875 , 0.0625 , 7.1875
213415  , 0.97222227 , -0.125 , 0.3236111    , 0.0 , 0.0 , -1.0    ,48.875 , 0.0625 , 7.1875
213415  , 0.97222227 , -0.125 , 0.3236111    , 0.0 , 0.0 , -1.0    ,48.625 , 0.0625 , 6.9375
44878049  , 0.97222227 , -0.12916666 , 0.3236111    , 0.0 , 0.0 , -1.0    ,48.625 , 0.0625 , 6.9375
1524390  , 0.97222227 , -0.12916666 , 0.3236111    , 0.0 , 0.0 , -1.0    ,48.625 , 0.3125 , 6.75
43932926  , 0.97222227 , -0.13333334 , 0.31666666    , 0.0 , 0.0 , -1.0    ,48.625 , 0.3125 , 6.75
213415  , 0.97222227 , -0.13333334 , 0.31666666    , 0.0 , 0.0 , -1.0    ,48.375 , 0.3125 , 6.75
182927  , 0.9652778 , -0.13333334 , 0.3125    , 0.0 , 0.0 , -1.0    ,48.375 , 0.3125 , 6.75
1737805  , 0.9652778 , -0.13333334 , 0.3125    , 0.0 , 0.0 , -1.0    ,48.375 , 0.0625 , 6.5
44207317  , 0.97222227 , -0.14027779 , 0.31666666    , 0.0 , 0.0 , -1.0    ,48.375 , 0.0625 , 6.5
213415  , 0.97222227 , -0.14027779 , 0.31666666    , 0.0 , 0.0 , -1.0    ,48.625 , 0.0625 , 6.5
43109756  , 0.97638893 , -0.14027779 , 0.3236111    , 0.0 , 0.0 , -1.0    ,48.625 , 0.0625 , 6.5
213415  , 0.97638893 , -0.14027779 , 0.3236111    , 0.0 , 0.0 , -1.0    ,48.625 , -0.4375 , 6.5
274391  , 0.97638893 , -0.14861111 , 0.3236111    , 0.0 , 0.0 , -1.0    ,48.625 , -0.4375 , 6.5
182927  , 0.97638893 , -0.14861111 , 0.3236111    , 0.0 , 0.0 , -1.0    ,48.125 , -0.6875 , 6.75
42134147  , 0.97222227 , -0.14027779 , 0.31666666    , 0.0 , 0.0 , -1.0    ,48.125 , -0.6875 , 6.75
182927  , 0.97222227 , -0.14027779 , 0.31666666    , 0.0 , 0.0 , -1.0    ,48.375 , -0.6875 , 7.4375
30060976  , 0.9680556 , -0.13611111 , 0.31666666    , 0.0 , 0.0 , -1.0    ,48.375 , -0.6875 , 7.4375
213414  , 0.9680556 , -0.13611111 , 0.31666666    , 0.0 , 0.0 , -1.0    ,48.625 , -0.9375 , 6.9375
182927  , 0.9680556 , -0.14444445 , 0.3125    , 0.0 , 0.0 , -1.0    ,48.625 , -0.9375 , 6.9375
1036585  , 0.9680556 , -0.14444445 , 0.3125    , 0.0 , 0.0 , -1.0    ,48.375 , -0.9375 , 6.9375
57743902  , 0.97222227 , -0.13333334 , 0.30833334    , 0.0 , 0.0 , -1.0    ,48.375 , -0.9375 , 6.9375
182927  , 0.97222227 , -0.13333334 , 0.30833334    , 0.0 , 0.0 , -1.0    ,48.125 , -0.6875 , 6.75
26798781  , 0.9847223 , -0.12083334 , 0.29722223    , 0.0 , 0.0 , -1.0    ,48.125 , -0.6875 , 6.75
213415  , 0.9847223 , -0.12083334 , 0.29722223    , 0.0 , 0.0 , -1.0    ,48.125 , -0.4375 , 6.0
38658537  , 0.9680556 , -0.13333334 , 0.29305556    , 0.0 , 0.0 , -1.0    ,48.125 , -0.4375 , 6.0
182927  , 0.9680556 , -0.13333334 , 0.29305556    , 0.0 , 0.0 , -1.0    ,47.8125 , 0.0625 , 6.75
31402439  , 0.9652778 , -0.14444445 , 0.3125    , 0.0 , 0.0 , -1.0    ,47.8125 , 0.0625 , 6.75
182927  , 0.9652778 , -0.14444445 , 0.3125    , 0.0 , 0.0 , -1.0    ,48.625 , 0.0625 , 6.75
51371951  , 0.9680556 , -0.15694445 , 0.33611113    , 0.0 , 0.0 , -1.0    ,48.625 , 0.0625 , 6.75
182927  , 0.9680556 , -0.15694445 , 0.33611113    , 0.0 , 0.0 , -1.0    ,49.125 , -0.4375 , 6.75
26371951  , 0.9805556 , -0.15694445 , 0.3125    , 0.0 , 0.0 , -1.0    ,49.125 , -0.4375 , 6.75
182927  , 0.9805556 , -0.15694445 , 0.3125    , 0.0 , 0.0 , -1.0    ,48.625 , -0.6875 , 7.4375
23993903  , 0.9847223 , -0.15277778 , 0.32777777    , 0.0 , 0.0 , -1.0    ,48.625 , -0.6875 , 7.4375
182927  , 0.9847223 , -0.15277778 , 0.32777777    , 0.0 , 0.0 , -1.0    ,48.125 , -0.6875 , 7.1875
30030487  , 0.98888886 , -0.14444445 , 0.3236111    , 0.0 , 0.0 , -1.0    ,48.125 , -0.6875 , 7.1875
213415  , 0.98888886 , -0.14444445 , 0.3236111    , 0.0 , 0.0 , -1.0    ,47.5625 , -0.4375 , 7.4375
39542683  , 0.9916667 , -0.13611111 , 0.32083333    , 0.0 , 0.0 , -1.0    ,47.5625 , -0.4375 , 7.4375
182926  , 0.9916667 , -0.13611111 , 0.32083333    , 0.0 , 0.0 , -1.0    ,47.0625 , -0.4375 , 8.1875
33536585  , 0.97222227 , -0.11388889 , 0.3125    , 0.0 , 0.0 , -1.0    ,47.0625 , -0.4375 , 8.1875
243902  , 0.97222227 , -0.11388889 , 0.3125    , 0.0 , 0.0 , -1.0    ,47.5625 , -0.4375 , 7.9375
25518293  , 1.0 , -0.125 , 0.3402778    , 0.0 , 0.0 , -1.0    ,47.5625 , -0.4375 , 7.9375
243902  , 1.0 , -0.125 , 0.3402778    , 0.0 , 0.0 , -1.0    ,48.375 , -0.6875 , 7.9375
23902438  , 0.9652778 , -0.13333334 , 0.32777777    , 0.0 , 0.0 , -1.0    ,48.375 , -0.6875 , 7.9375
213414  , 0.9652778 , -0.13333334 , 0.32777777    , 0.0 , 0.0 , -1.0    ,48.375 , -0.6875 , 7.4375
21737805  , 0.9652778 , -0.12083334 , 0.31666666    , 0.0 , 0.0 , -1.0    ,48.375 , -0.6875 , 7.4375
243903  , 0.9652778 , -0.12083334 , 0.31666666    , 0.0 , 0.0 , -1.0    ,49.125 , -0.4375 , 6.9375
42225610  , 0.9652778 , -0.10972223 , 0.30416667    , 0.0 , 0.0 , -1.0    ,49.125 , -0.4375 , 6.9375
46280487  , 0.97222227 , -0.11388889 , 0.29722223    , 0.0 , 0.0 , -1.0    ,49.125 , -0.4375 , 6.9375
213414  , 0.97222227 , -0.11388889 , 0.29722223    , 0.0 , 0.0 , -1.0    ,48.625 , -0.4375 , 7.4375
21280487  , 0.95694447 , -0.12916666 , 0.2888889    , 0.0 , 0.0 , -1.0    ,48.625 , -0.4375 , 7.4375
274390  , 0.95694447 , -0.12916666 , 0.2888889    , 0.0 , 0.0 , -1.0    ,48.375 , -0.4375 , 7.9375
26707318  , 0.9458333 , -0.15694445 , 0.28194445    , 0.0 , 0.0 , -1.0    ,48.375 , -0.4375 , 7.9375
213414  , 0.9458333 , -0.15694445 , 0.28194445    , 0.0 , 0.0 , -1.0    ,48.125 , -0.9375 , 8.4375
11463414  , 0.9333334 , -0.19166668 , 0.24583335    , 0.0 , 0.0 , -1.0    ,48.125 , -0.9375 , 8.4375
213414  , 0.9333334 , -0.19166668 , 0.24583335    , 0.0 , 0.0 , -1.0    ,47.5625 , -1.6875 , 8.9375
29756097  , 0.9611111 , -0.19166668 , 0.25833333    , 0.0 , 0.0 , -1.0    ,47.5625 , -1.6875 , 8.9375
213415  , 0.9611111 , -0.19166668 , 0.25833333    , 0.0 , 0.0 , -1.0    ,47.5625 , -2.4375 , 8.6875
39146342  , 0.97638893 , -0.17222223 , 0.2847222    , 0.0 , 0.0 , -1.0    ,47.5625 , -2.4375 , 8.6875
274390  , 0.97638893 , -0.17222223 , 0.2847222    , 0.0 , 0.0 , -1.0    ,47.5625 , -3.4375 , 9.1875
30548781  , 0.9805556 , -0.2888889 , 0.24583335    , 0.0 , 0.0 , -1.0    ,47.5625 , -3.4375 , 9.1875
365854  , 0.9805556 , -0.2888889 , 0.24583335    , 0.0 , 0.0 , -1.0    ,47.0625 , -4.375 , 9.6875
38963415  , 0.95694447 , -0.3125 , 0.23888889    , 0.0 , 0.0 , -1.0    ,47.0625 , -4.375 , 9.6875
426829  , 0.95694447 , -0.3125 , 0.23888889    , 0.0 , 0.0 , -1.0    ,47.5625 , -4.875 , 9.6875
39207317  , 0.93750006 , -0.2736111 , 0.20694445    , 0.0 , 0.0 , -1.0    ,47.5625 , -4.875 , 9.6875
426829  , 0.93750006 , -0.2736111 , 0.20694445    , 0.0 , 0.0 , -1.0    ,47.8125 , -5.625 , 10.625
39024390  , 0.94166666 , -0.30416667 , 0.20277779    , 0.0 , 0.0 , -1.0    ,47.8125 , -5.625 , 10.625
426829  , 0.94166666 , -0.30416667 , 0.20277779    , 0.0 , 0.0 , -1.0    ,47.8125 , -6.125 , 10.875
39268293  , 0.94166666 , -0.2888889 , 0.21944445    , 0.0 , 0.0 , -1.0    ,47.8125 , -6.125 , 10.875
426830  , 0.94166666 , -0.2888889 , 0.21944445    , 0.0 , 0.0 , -1.0    ,48.125 , -6.625 , 11.125
39024391  , 0.9611111 , -0.26527777 , 0.20277779    , 0.0 , 0.0 , -1.0    ,48.125 , -6.625 , 11.125
426829  , 0.9611111 , -0.26527777 , 0.20277779    , 0.0 , 0.0 , -1.0    ,47.8125 , -7.375 , 11.875
39054878  , 1.0347222 , -0.3638889 , 0.23472224    , 0.0 , 0.0 , -1.0    ,47.8125 , -7.375 , 11.875
426829  , 1.0347222 , -0.3638889 , 0.23472224    , 0.0 , 0.0 , -1.0    ,47.0625 , -7.875 , 11.625
39085366  , 1.0625 , -0.3513889 , 0.22222224    , 0.0 , 0.0 , -1.0    ,47.0625 , -7.875 , 11.625
426829  , 1.0625 , -0.3513889 , 0.22222224    , 0.0 , 0.0 , -1.0    ,46.8125 , -8.875 , 11.875
38993903  , 1.0777779 , -0.3236111 , 0.24166667    , 0.0 , 0.0 , -1.0    ,46.8125 , -8.875 , 11.875
426829  , 1.0777779 , -0.3236111 , 0.24166667    , 0.0 , 0.0 , -1.0    ,46.3125 , -8.875 , 12.375
39207317  , 1.0777779 , -0.33194444 , 0.22222224    , 0.0 , 0.0 , -1.0    ,46.3125 , -8.875 , 12.375
457317  , 1.0777779 , -0.33194444 , 0.22222224    , 0.0 , 0.0 , -1.0    ,46.3125 , -9.125 , 12.375
38506097  , 1.0708334 , -0.375 , 0.19583334    , 0.0 , 0.0 , -1.0    ,46.3125 , -9.125 , 12.375
213415  , 1.0708334 , -0.375 , 0.19583334    , 0.0 , 0.0 , -1.0    ,46.8125 , -8.875 , 12.375
40518293  , 1.0277778 , -0.37916666 , 0.18333334    , 0.0 , 0.0 , -1.0    ,46.8125 , -8.875 , 12.375
213415  , 1.0277778 , -0.37916666 , 0.18333334    , 0.0 , 0.0 , -1.0    ,46.5625 , -8.125 , 12.5625
39054878  , 0.9611111 , -0.35972223 , 0.19166668    , 0.0 , 0.0 , -1.0    ,46.5625 , -8.125 , 12.5625
274390  , 0.9611111 , -0.35972223 , 0.19166668    , 0.0 , 0.0 , -1.0    ,47.0625 , -7.375 , 12.5625
40030488  , 0.9333334 , -0.375 , 0.094444446    , 0.0 , 0.0 , -1.0    ,47.0625 , -7.375 , 12.5625
396341  , 0.9333334 , -0.375 , 0.094444446    , 0.0 , 0.0 , -1.0    ,46.8125 , -6.125 , 12.8125
38902439  , 0.88611114 , -0.26944447 , 0.08194444    , 0.0 , 0.0 , -1.0    ,46.8125 , -6.125 , 12.8125
426829  , 0.88611114 , -0.26944447 , 0.08194444    , 0.0 , 0.0 , -1.0    ,46.5625 , -4.625 , 14.0625
38750000  , 0.875 , -0.23472224 , 0.21527778    , 0.0 , 0.0 , -1.0    ,46.5625 , -4.625 , 14.0625
426829  , 0.875 , -0.23472224 , 0.21527778    , 0.0 , 0.0 , -1.0    ,46.5625 , -2.6875 , 14.3125
38902439  , 0.85555553 , -0.13611111 , 0.20277779    , 0.0 , 0.0 , -1.0    ,46.5625 , -2.6875 , 14.3125
213415  , 0.85555553 , -0.13611111 , 0.20277779    , 0.0 , 0.0 , -1.0    ,46.0625 , 0.0625 , 14.0625
39695122  , 0.8430556 , -0.0625 , 0.21111113    , 0.0 , 0.0 , -1.0    ,46.0625 , 0.0625 , 14.0625
274390  , 0.8430556 , -0.0625 , 0.21111113    , 0.0 , 0.0 , -1.0    ,45.8125 , 3.0625 , 14.3125
39939025  , 0.7972222 , 0.054166667 , 0.24583335    , 0.0 , 0.0 , -1.0    ,45.8125 , 3.0625 , 14.3125
365854  , 0.7972222 , 0.054166667 , 0.24583335    , 0.0 , 0.0 , -1.0    ,45.8125 , 5.75 , 14.0625
53414634  , 0.78472227 , 0.14444445 , 0.1875    , 0.0 , 0.0 , -1.0    ,45.8125 , 5.75 , 14.0625
579269  , 0.78472227 , 0.14444445 , 0.1875    , 0.0 , 0.0 , -1.0    ,45.0625 , 9.0 , 14.3125
34329268  , 0.7583333 , 0.3638889 , 0.094444446    , 0.0 , 0.0 , -1.0    ,45.0625 , 9.0 , 14.3125
335366  , 0.7583333 , 0.3638889 , 0.094444446    , 0.0 , 0.0 , -1.0    ,44.0625 , 11.6875 , 15.25
36158536  , 0.7583333 , 0.46111113 , 0.16805556    , 0.0 , 0.0 , -1.0    ,44.0625 , 11.6875 , 15.25
14298780  , 0.7583333 , 0.46111113 , 0.16805556    , 0.0 , 0.0 , -1.0    ,43.0 , 14.6875 , 16.0
26402439  , 0.7777778 , 0.4763889 , 0.054166667    , 0.0 , 0.0 , -1.0    ,43.0 , 14.6875 , 16.0
213414  , 0.7777778 , 0.4763889 , 0.054166667    , 0.0 , 0.0 , -1.0    ,41.75 , 17.4375 , 16.5
31036586  , 0.8208333 , 0.4416667 , 0.08194444    , 0.0 , 0.0 , -1.0    ,41.75 , 17.4375 , 16.5
213414  , 0.8208333 , 0.4416667 , 0.08194444    , 0.0 , 0.0 , -1.0    ,41.0 , 19.125 , 17.25
33749999  , 0.8430556 , 0.48055556 , 0.13333334    , 0.0 , 0.0 , -1.0    ,41.0 , 19.125 , 17.25
243903  , 0.8430556 , 0.48055556 , 0.13333334    , 0.0 , 0.0 , -1.0    ,40.75 , 20.375 , 17.25
31097562  , 0.8361111 , 0.55833334 , 0.12916666    , 0.0 , 0.0 , -1.0    ,40.75 , 20.375 , 17.25
365854  , 0.8361111 , 0.55833334 , 0.12916666    , 0.0 , 0.0 , -1.0    ,40.0 , 21.375 , 17.25
32439024  , 0.8513889 , 0.59305555 , 0.13333334    , 0.0 , 0.0 , -1.0    ,40.0 , 21.375 , 17.25
182927  , 0.8513889 , 0.59305555 , 0.13333334    , 0.0 , 0.0 , -1.0    ,39.1875 , 22.125 , 17.25
49237805  , 0.8513889 , 0.62083334 , 0.17222223    , 0.0 , 0.0 , -1.0    ,39.1875 , 22.125 , 17.25
243903  , 0.8513889 , 0.62083334 , 0.17222223    , 0.0 , 0.0 , -1.0    ,39.1875 , 22.875 , 17.25
29573171  , 0.90555555 , 0.5513889 , 0.1875    , 0.0 , 0.0 , -1.0    ,39.1875 , 22.875 , 17.25
274390  , 0.90555555 , 0.5513889 , 0.1875    , 0.0 , 0.0 , -1.0    ,38.9375 , 23.375 , 17.25
19237805  , 0.9333334 , 0.4416667 , 0.23472224    , 0.0 , 0.0 , -1.0    ,38.9375 , 23.375 , 17.25
274390  , 0.9333334 , 0.4416667 , 0.23472224    , 0.0 , 0.0 , -1.0    ,39.1875 , 23.375 , 16.75
39207317  , 0.92916673 , 0.41805556 , 0.25416666    , 0.0 , 0.0 , -1.0    ,39.1875 , 23.375 , 16.75
304878  , 0.92916673 , 0.41805556 , 0.25416666    , 0.0 , 0.0 , -1.0    ,40.0 , 23.125 , 16.0
40121951  , 0.9486111 , 0.3513889 , 0.21111113    , 0.0 , 0.0 , -1.0    ,40.0 , 23.125 , 16.0
518293  , 0.9486111 , 0.3513889 , 0.21111113    , 0.0 , 0.0 , -1.0    ,41.0 , 22.625 , 15.25
39024391  , 0.9916667 , 0.26944447 , 0.19861111    , 0.0 , 0.0 , -1.0    ,41.0 , 22.625 , 15.25
213415  , 0.9916667 , 0.26944447 , 0.19861111    , 0.0 , 0.0 , -1.0    ,41.75 , 21.375 , 14.5625
38445122  , 0.99583334 , 0.2777778 , 0.1875    , 0.0 , 0.0 , -1.0    ,41.75 , 21.375 , 14.5625
213415  , 0.99583334 , 0.2777778 , 0.1875    , 0.0 , 0.0 , -1.0    ,43.25 , 20.125 , 14.3125
39908537  , 0.9805556 , 0.3013889 , 0.19861111    , 0.0 , 0.0 , -1.0    ,43.25 , 20.125 , 14.3125
274391  , 0.9805556 , 0.3013889 , 0.19861111    , 0.0 , 0.0 , -1.0    ,43.75 , 18.625 , 14.3125
39634146  , 0.9847223 , 0.32083333 , 0.22638889    , 0.0 , 0.0 , -1.0    ,43.75 , 18.625 , 14.3125
396342  , 0.9847223 , 0.32083333 , 0.22638889    , 0.0 , 0.0 , -1.0    ,44.0625 , 16.9375 , 14.0625
39603658  , 1.0041667 , 0.25416666 , 0.25833333    , 0.0 , 0.0 , -1.0    ,44.0625 , 16.9375 , 14.0625
426830  , 1.0041667 , 0.25416666 , 0.25833333    , 0.0 , 0.0 , -1.0    ,44.5625 , 15.6875 , 13.8125
38597561  , 1.0305556 , 0.15972222 , 0.19583334    , 0.0 , 0.0 , -1.0    ,44.5625 , 15.6875 , 13.8125
426830  , 1.0305556 , 0.15972222 , 0.19583334    , 0.0 , 0.0 , -1.0    ,44.5625 , 13.6875 , 13.3125
38780488  , 1.0625 , 0.043055557 , 0.23472224    , 0.0 , 0.0 , -1.0    ,44.5625 , 13.6875 , 13.3125
426829  , 1.0625 , 0.043055557 , 0.23472224    , 0.0 , 0.0 , -1.0    ,45.8125 , 11.1875 , 13.0625
38993902  , 1.0625 , -0.0625 , 0.20277779    , 0.0 , 0.0 , -1.0    ,45.8125 , 11.1875 , 13.0625
426829  , 1.0625 , -0.0625 , 0.20277779    , 0.0 , 0.0 , -1.0    ,46.5625 , 8.5 , 13.0625
39146342  , 1.0430555 , -0.24583335 , 0.14861111    , 0.0 , 0.0 , -1.0    ,46.5625 , 8.5 , 13.0625
426829  , 1.0430555 , -0.24583335 , 0.14861111    , 0.0 , 0.0 , -1.0    ,47.0625 , 4.75 , 13.0625
39298781  , 1.0541667 , -0.37916666 , 0.20277779    , 0.0 , 0.0 , -1.0    ,47.0625 , 4.75 , 13.0625
426829  , 1.0541667 , -0.37916666 , 0.20277779    , 0.0 , 0.0 , -1.0    ,47.3125 , 1.0625 , 13.8125
39024390  , 1.0277778 , -0.36666667 , 0.15277778    , 0.0 , 0.0 , -1.0    ,47.3125 , 1.0625 , 13.8125
426830  , 1.0277778 , -0.36666667 , 0.15277778    , 0.0 , 0.0 , -1.0    ,46.5625 , -2.6875 , 14.5625
39024391  , 0.9847223 , -0.42222226 , 0.116666675    , 0.0 , 0.0 , -1.0    ,46.5625 , -2.6875 , 14.5625
426829  , 0.9847223 , -0.42222226 , 0.116666675    , 0.0 , 0.0 , -1.0    ,45.3125 , -6.125 , 15.0625
39176829  , 0.9847223 , -0.50416666 , 0.12916666    , 0.0 , 0.0 , -1.0    ,45.3125 , -6.125 , 15.0625
426829  , 0.9847223 , -0.50416666 , 0.12916666    , 0.0 , 0.0 , -1.0    ,44.8125 , -9.125 , 15.75
38993903  , 0.97638893 , -0.53472227 , 0.14861111    , 0.0 , 0.0 , -1.0    ,44.8125 , -9.125 , 15.75
426829  , 0.97638893 , -0.53472227 , 0.14861111    , 0.0 , 0.0 , -1.0    ,44.0625 , -11.5625 , 15.75
39146342  , 0.9458333 , -0.5472222 , 0.07361111    , 0.0 , 0.0 , -1.0    ,44.0625 , -11.5625 , 15.75
426829  , 0.9458333 , -0.5472222 , 0.07361111    , 0.0 , 0.0 , -1.0    ,43.25 , -13.8125 , 16.0
39054878  , 0.9263889 , -0.60138893 , 0.07777778    , 0.0 , 0.0 , -1.0    ,43.25 , -13.8125 , 16.0
396342  , 0.9263889 , -0.60138893 , 0.07777778    , 0.0 , 0.0 , -1.0    ,43.25 , -16.0625 , 16.25
39146342  , 0.88611114 , -0.61388886 , 0.09027778    , 0.0 , 0.0 , -1.0    ,43.25 , -16.0625 , 16.25
426829  , 0.88611114 , -0.61388886 , 0.09027778    , 0.0 , 0.0 , -1.0    ,43.0 , -17.5625 , 16.25
39115854  , 0.8944445 , -0.64444447 , 0.097222224    , 0.0 , 0.0 , -1.0    ,43.0 , -17.5625 , 16.25
426829  , 0.8944445 , -0.64444447 , 0.097222224    , 0.0 , 0.0 , -1.0    ,42.75 , -18.75 , 16.0
39237805  , 0.8791667 , -0.62083334 , 0.043055557    , 0.0 , 0.0 , -1.0    ,42.75 , -18.75 , 16.0
426829  , 0.8791667 , -0.62083334 , 0.043055557    , 0.0 , 0.0 , -1.0    ,42.75 , -19.75 , 15.25
39176829  , 0.81666666 , -0.5236111 , 0.12083334    , 0.0 , 0.0 , -1.0    ,42.75 , -19.75 , 15.25
396342  , 0.81666666 , -0.5236111 , 0.12083334    , 0.0 , 0.0 , -1.0    ,42.5 , -20.25 , 13.8125
45823171  , 0.81250006 , -0.6291667 , 0.46944448    , 0.0 , 0.0 , -1.0    ,42.5 , -20.25 , 13.8125
487804  , 0.81250006 , -0.6291667 , 0.46944448    , 0.0 , 0.0 , -1.0    ,42.0 , -21.0 , 12.375
31737805  , 0.8013889 , -0.6527778 , 0.1875    , 0.0 , 0.0 , -1.0    ,42.0 , -21.0 , 12.375
213414  , 0.8013889 , -0.6527778 , 0.1875    , 0.0 , 0.0 , -1.0    ,41.5 , -22.0 , 11.125
39451219  , 0.7736111 , -0.64444447 , 0.125    , 0.0 , 0.0 , -1.0    ,41.5 , -22.0 , 11.125
213415  , 0.7736111 , -0.64444447 , 0.125    , 0.0 , 0.0 , -1.0    ,41.25 , -22.5 , 9.875
40426829  , 0.7583333 , -0.6402778 , 0.33194444    , 0.0 , 0.0 , -1.0    ,41.25 , -22.5 , 9.875
243903  , 0.7583333 , -0.6402778 , 0.33194444    , 0.0 , 0.0 , -1.0    ,41.0 , -23.0 , 9.6875
39207317  , 0.73055553 , -0.68333334 , 0.25416666    , 0.0 , 0.0 , -1.0    ,41.0 , -23.0 , 9.6875
365854  , 0.73055553 , -0.68333334 , 0.25416666    , 0.0 , 0.0 , -1.0    ,41.0 , -23.0 , 9.1875
39664634  , 0.6763889 , -0.65694445 , 0.2888889    , 0.0 , 0.0 , -1.0    ,41.0 , -23.0 , 9.1875
426829  , 0.6763889 , -0.65694445 , 0.2888889    , 0.0 , 0.0 , -1.0    ,41.0 , -22.5 , 8.6875
38414634  , 0.7027778 , -0.6958334 , 0.34722224    , 0.0 , 0.0 , -1.0    ,41.0 , -22.5 , 8.6875
426829  , 0.7027778 , -0.6958334 , 0.34722224    , 0.0 , 0.0 , -1.0    ,41.25 , -22.5 , 8.4375
39146342  , 0.73472226 , -0.6527778 , 0.3861111    , 0.0 , 0.0 , -1.0    ,41.25 , -22.5 , 8.4375
426829  , 0.73472226 , -0.6527778 , 0.3861111    , 0.0 , 0.0 , -1.0    ,42.0 , -21.25 , 7.9375
39146341  , 0.7111111 , -0.5513889 , 0.3236111    , 0.0 , 0.0 , -1.0    ,42.0 , -21.25 , 7.9375
457317  , 0.7111111 , -0.5513889 , 0.3236111    , 0.0 , 0.0 , -1.0    ,42.75 , -20.25 , 7.9375
39329269  , 0.78888893 , -0.5902778 , 0.30833334    , 0.0 , 0.0 , -1.0    ,42.75 , -20.25 , 7.9375
426829  , 0.78888893 , -0.5902778 , 0.30833334    , 0.0 , 0.0 , -1.0    ,44.5625 , -18.75 , 7.6875
38719512  , 0.81250006 , -0.53472227 , 0.4027778    , 0.0 , 0.0 , -1.0    ,44.5625 , -18.75 , 7.6875
426829  , 0.81250006 , -0.53472227 , 0.4027778    , 0.0 , 0.0 , -1.0    ,45.5625 , -16.0625 , 7.9375
39085366  , 0.7777778 , -0.375 , 0.2888889    , 0.0 , 0.0 , -1.0    ,45.5625 , -16.0625 , 7.9375
426829  , 0.7777778 , -0.375 , 0.2888889    , 0.0 , 0.0 , -1.0    ,46.5625 , -13.5625 , 8.9375
39176829  , 0.8513889 , -0.2888889 , 0.17638889    , 0.0 , 0.0 , -1.0    ,46.5625 , -13.5625 , 8.9375
426829  , 0.8513889 , -0.2888889 , 0.17638889    , 0.0 , 0.0 , -1.0    ,47.3125 , -10.375 , 9.875
39237805  , 0.8513889 , -0.14027779 , 0.16805556    , 0.0 , 0.0 , -1.0    ,47.3125 , -10.375 , 9.875
426829  , 0.8513889 , -0.14027779 , 0.16805556    , 0.0 , 0.0 , -1.0    ,46.5625 , -7.125 , 11.625
39054878  , 0.89861107 , -0.094444446 , 0.17916667    , 0.0 , 0.0 , -1.0    ,46.5625 , -7.125 , 11.625
426829  , 0.89861107 , -0.094444446 , 0.17916667    , 0.0 , 0.0 , -1.0    ,46.3125 , -3.4375 , 13.3125
38902439  , 0.8944445 , -0.047222223 , 0.05138889    , 0.0 , 0.0 , -1.0    ,46.3125 , -3.4375 , 13.3125
426829  , 0.8944445 , -0.047222223 , 0.05138889    , 0.0 , 0.0 , -1.0    ,46.0625 , -0.4375 , 14.0625
39054878  , 0.8944445 , 0.03888889 , 0.07361111    , 0.0 , 0.0 , -1.0    ,46.0625 , -0.4375 , 14.0625
426829  , 0.8944445 , 0.03888889 , 0.07361111    , 0.0 , 0.0 , -1.0    ,45.3125 , 2.8125 , 15.25
39115854  , 0.88611114 , 0.18333334 , 0.105555564    , 0.0 , 0.0 , -1.0    ,45.3125 , 2.8125 , 15.25
426829  , 0.88611114 , 0.18333334 , 0.105555564    , 0.0 , 0.0 , -1.0    ,44.8125 , 6.0 , 16.5
39115853  , 0.8791667 , 0.2611111 , -0.004166667    , 0.0 , 0.0 , -1.0    ,44.8125 , 6.0 , 16.5
426829  , 0.8791667 , 0.2611111 , -0.004166667    , 0.0 , 0.0 , -1.0    ,44.0625 , 8.25 , 17.25
39115853  , 0.9097222 , 0.31666666 , 0.03888889    , 0.0 , 0.0 , -1.0    ,44.0625 , 8.25 , 17.25
426830  , 0.9097222 , 0.31666666 , 0.03888889    , 0.0 , 0.0 , -1.0    ,42.75 , 11.1875 , 18.1875
39268293  , 0.93750006 , 0.33194444 , 0.09027778    , 0.0 , 0.0 , -1.0    ,42.75 , 11.1875 , 18.1875
426830  , 0.93750006 , 0.33194444 , 0.09027778    , 0.0 , 0.0 , -1.0    ,42.0 , 13.6875 , 18.9375
38841464  , 0.8833334 , 0.3986111 , -0.023611112    , 0.0 , 0.0 , -1.0    ,42.0 , 13.6875 , 18.9375
426829  , 0.8833334 , 0.3986111 , -0.023611112    , 0.0 , 0.0 , -1.0    ,41.5 , 15.9375 , 19.4375
39146341  , 0.8944445 , 0.43333334 , 0.02777778    , 0.0 , 0.0 , -1.0    ,41.5 , 15.9375 , 19.4375
426829  , 0.8944445 , 0.43333334 , 0.02777778    , 0.0 , 0.0 , -1.0    ,40.75 , 17.6875 , 19.6875
39085366  , 0.9138889 , 0.46111113 , 0.094444446    , 0.0 , 0.0 , -1.0    ,40.75 , 17.6875 , 19.6875
426829  , 0.9138889 , 0.46111113 , 0.094444446    , 0.0 , 0.0 , -1.0    ,40.25 , 18.875 , 19.4375
40365853  , 0.90555555 , 0.4486111 , 0.16388889    , 0.0 , 0.0 , -1.0    ,40.25 , 18.875 , 19.4375
426829  , 0.90555555 , 0.4486111 , 0.16388889    , 0.0 , 0.0 , -1.0    ,40.0 , 19.375 , 18.6875
43536585  , 0.9138889 , 0.4027778 , 0.16805556    , 0.0 , 0.0 , -1.0    ,40.0 , 19.375 , 18.6875
213414  , 0.9138889 , 0.4027778 , 0.16805556    , 0.0 , 0.0 , -1.0    ,40.25 , 20.125 , 17.75
24085366  , 0.9097222 , 0.3861111 , 0.16388889    , 0.0 , 0.0 , -1.0    ,40.25 , 20.125 , 17.75
274390  , 0.9097222 , 0.3861111 , 0.16388889    , 0.0 , 0.0 , -1.0    ,40.75 , 20.375 , 17.0
38475610  , 0.92916673 , 0.34722224 , 0.15972222    , 0.0 , 0.0 , -1.0    ,40.75 , 20.375 , 17.0
213415  , 0.92916673 , 0.34722224 , 0.15972222    , 0.0 , 0.0 , -1.0    ,41.0 , 20.125 , 16.5
30243903  , 0.9611111 , 0.2736111 , 0.1875    , 0.0 , 0.0 , -1.0    ,41.0 , 20.125 , 16.5
365854  , 0.9611111 , 0.2736111 , 0.1875    , 0.0 , 0.0 , -1.0    ,41.25 , 19.875 , 16.5
39115854  , 0.9486111 , 0.2888889 , 0.17222223    , 0.0 , 0.0 , -1.0    ,41.25 , 19.875 , 16.5
365854  , 0.9486111 , 0.2888889 , 0.17222223    , 0.0 , 0.0 , -1.0    ,41.25 , 19.125 , 16.25
39176830  , 0.92222226 , 0.33194444 , 0.19583334    , 0.0 , 0.0 , -1.0    ,41.25 , 19.125 , 16.25
426829  , 0.92222226 , 0.33194444 , 0.19583334    , 0.0 , 0.0 , -1.0    ,41.25 , 18.625 , 16.25
39329268  , 0.9027778 , 0.29722223 , 0.24583335    , 0.0 , 0.0 , -1.0    ,41.25 , 18.625 , 16.25
426829  , 0.9027778 , 0.29722223 , 0.24583335    , 0.0 , 0.0 , -1.0    ,42.25 , 18.125 , 15.75
39054878  , 0.9138889 , 0.25 , 0.17222223    , 0.0 , 0.0 , -1.0    ,42.25 , 18.125 , 15.75
426830  , 0.9138889 , 0.25 , 0.17222223    , 0.0 , 0.0 , -1.0    ,42.5 , 17.6875 , 14.8125
38932927  , 0.9458333 , 0.17222223 , 0.21527778    , 0.0 , 0.0 , -1.0    ,42.5 , 17.6875 , 14.8125
426830  , 0.9458333 , 0.17222223 , 0.21527778    , 0.0 , 0.0 , -1.0    ,43.5 , 16.1875 , 14.0625
39085366  , 0.9486111 , 0.10972223 , 0.23055556    , 0.0 , 0.0 , -1.0    ,43.5 , 16.1875 , 14.0625
426829  , 0.9486111 , 0.10972223 , 0.23055556    , 0.0 , 0.0 , -1.0    ,44.8125 , 14.9375 , 12.5625
39085366  , 1.0041667 , 0.008333334 , 0.20694445    , 0.0 , 0.0 , -1.0    ,44.8125 , 14.9375 , 12.5625
426830  , 1.0041667 , 0.008333334 , 0.20694445    , 0.0 , 0.0 , -1.0    ,45.3125 , 12.9375 , 11.875
39085366  , 1.0 , -0.097222224 , 0.2888889    , 0.0 , 0.0 , -1.0    ,45.3125 , 12.9375 , 11.875
426829  , 1.0 , -0.097222224 , 0.2888889    , 0.0 , 0.0 , -1.0    ,46.3125 , 10.6875 , 10.625
40121952  , 0.9680556 , -0.15972222 , 0.2888889    , 0.0 , 0.0 , -1.0    ,46.3125 , 10.6875 , 10.625
457317  , 0.9680556 , -0.15972222 , 0.2888889    , 0.0 , 0.0 , -1.0    ,47.0625 , 8.25 , 9.4375
37987805  , 1.0 , -0.31666666 , 0.3638889    , 0.0 , 0.0 , -1.0    ,47.0625 , 8.25 , 9.4375
396342  , 1.0 , -0.31666666 , 0.3638889    , 0.0 , 0.0 , -1.0    ,47.3125 , 4.75 , 8.4375
39085366  , 1.1166667 , -0.42916667 , 0.39027777    , 0.0 , 0.0 , -1.0    ,47.3125 , 4.75 , 8.4375
426830  , 1.1166667 , -0.42916667 , 0.39027777    , 0.0 , 0.0 , -1.0    ,48.125 , 1.5625 , 7.4375
39024391  , 1.0388889 , -0.28194445 , 0.34722224    , 0.0 , 0.0 , -1.0    ,48.125 , 1.5625 , 7.4375
426829  , 1.0388889 , -0.28194445 , 0.34722224    , 0.0 , 0.0 , -1.0    ,48.125 , -1.6875 , 7.4375
39359756  , 1.0666667 , -0.33194444 , 0.20694445    , 0.0 , 0.0 , -1.0    ,48.125 , -1.6875 , 7.4375
396342  , 1.0666667 , -0.33194444 , 0.20694445    , 0.0 , 0.0 , -1.0    ,47.8125 , -4.375 , 7.1875
39115854  , 1.0541667 , -0.375 , 0.34722224    , 0.0 , 0.0 , -1.0    ,47.8125 , -4.375 , 7.1875
396341  , 1.0541667 , -0.375 , 0.34722224    , 0.0 , 0.0 , -1.0    ,47.8125 , -6.875 , 8.1875
38871951  , 1.0347222 , -0.4486111 , 0.39444447    , 0.0 , 0.0 , -1.0    ,47.8125 , -6.875 , 8.1875
396342  , 1.0347222 , -0.4486111 , 0.39444447    , 0.0 , 0.0 , -1.0    ,47.3125 , -9.375 , 8.6875
39207317  , 0.9805556 , -0.40694445 , 0.30833334    , 0.0 , 0.0 , -1.0    ,47.3125 , -9.375 , 8.6875
396341  , 0.9805556 , -0.40694445 , 0.30833334    , 0.0 , 0.0 , -1.0    ,47.3125 , -11.3125 , 8.9375
39054878  , 0.9916667 , -0.45277777 , 0.19583334    , 0.0 , 0.0 , -1.0    ,47.3125 , -11.3125 , 8.9375
609756  , 0.9916667 , -0.45277777 , 0.19583334    , 0.0 , 0.0 , -1.0    ,46.3125 , -13.5625 , 9.6875
39329269  , 0.8944445 , -0.4916667 , 0.23055556    , 0.0 , 0.0 , -1.0    ,46.3125 , -13.5625 , 9.6875
457317  , 0.8944445 , -0.4916667 , 0.23055556    , 0.0 , 0.0 , -1.0    ,45.0625 , -15.5625 , 8.9375
37865854  , 0.92916673 , -0.6333333 , 0.2611111    , 0.0 , 0.0 , -1.0    ,45.0625 , -15.5625 , 8.9375
213415  , 0.92916673 , -0.6333333 , 0.2611111    , 0.0 , 0.0 , -1.0    ,44.0625 , -18.0 , 9.4375
39939025  , 0.89861107 , -0.69166666 , 0.24166667    , 0.0 , 0.0 , -1.0    ,44.0625 , -18.0 , 9.4375
213414  , 0.89861107 , -0.69166666 , 0.24166667    , 0.0 , 0.0 , -1.0    ,42.75 , -20.0 , 9.4375
39298780  , 0.8513889 , -0.73472226 , 0.21944445    , 0.0 , 0.0 , -1.0    ,42.75 , -20.0 , 9.4375
243903  , 0.8513889 , -0.73472226 , 0.21944445    , 0.0 , 0.0 , -1.0    ,42.75 , -21.75 , 9.4375
40091464  , 0.8041667 , -0.72222227 , 0.23888889    , 0.0 , 0.0 , -1.0    ,42.75 , -21.75 , 9.4375
396341  , 0.8041667 , -0.72222227 , 0.23888889    , 0.0 , 0.0 , -1.0    ,41.75 , -23.75 , 9.875
39115854  , 0.75416666 , -0.7652778 , 0.25833333    , 0.0 , 0.0 , -1.0    ,41.75 , -23.75 , 9.875
426829  , 0.75416666 , -0.7652778 , 0.25833333    , 0.0 , 0.0 , -1.0    ,41.0 , -24.5 , 10.125
38963415  , 0.73472226 , -0.7652778 , 0.2736111    , 0.0 , 0.0 , -1.0    ,41.0 , -24.5 , 10.125
426829  , 0.73472226 , -0.7652778 , 0.2736111    , 0.0 , 0.0 , -1.0    ,40.5 , -25.9375 , 10.125
39146341  , 0.7111111 , -0.7152778 , 0.25833333    , 0.0 , 0.0 , -1.0    ,40.5 , -25.9375 , 10.125
426830  , 0.7111111 , -0.7152778 , 0.25833333    , 0.0 , 0.0 , -1.0    ,39.1875 , -26.9375 , 10.625
39115854  , 0.70694447 , -0.7416667 , 0.24583335    , 0.0 , 0.0 , -1.0    ,39.1875 , -26.9375 , 10.625
426829  , 0.70694447 , -0.7416667 , 0.24583335    , 0.0 , 0.0 , -1.0    ,39.1875 , -26.6875 , 10.625
39146342  , 0.69861114 , -0.7777778 , 0.24166667    , 0.0 , 0.0 , -1.0    ,39.1875 , -26.6875 , 10.625
426829  , 0.69861114 , -0.7777778 , 0.24166667    , 0.0 , 0.0 , -1.0    ,38.9375 , -26.4375 , 10.625
39176829  , 0.7180556 , -0.8208333 , 0.14444445    , 0.0 , 0.0 , -1.0    ,38.9375 , -26.4375 , 10.625
396342  , 0.7180556 , -0.8208333 , 0.14444445    , 0.0 , 0.0 , -1.0    ,39.1875 , -26.1875 , 10.875
38201220  , 0.6875 , -0.70694447 , 0.15694445    , 0.0 , 0.0 , -1.0    ,39.1875 , -26.1875 , 10.875
213414  , 0.6875 , -0.70694447 , 0.15694445    , 0.0 , 0.0 , -1.0    ,39.75 , -25.6875 , 10.625
40304878  , 0.6638889 , -0.67222226 , 0.22638889    , 0.0 , 0.0 , -1.0    ,39.75 , -25.6875 , 10.625
274390  , 0.6638889 , -0.67222226 , 0.22638889    , 0.0 , 0.0 , -1.0    ,40.5 , -24.75 , 11.125
40060976  , 0.69861114 , -0.7416667 , 0.15694445    , 0.0 , 0.0 , -1.0    ,40.5 , -24.75 , 11.125
426829  , 0.69861114 , -0.7416667 , 0.15694445    , 0.0 , 0.0 , -1.0    ,41.0 , -23.75 , 10.875
38475610  , 0.6763889 , -0.6527778 , 0.22222224    , 0.0 , 0.0 , -1.0    ,41.0 , -23.75 , 10.875
426829  , 0.6763889 , -0.6527778 , 0.22222224    , 0.0 , 0.0 , -1.0    ,42.0 , -21.5 , 11.375
39390244  , 0.7111111 , -0.5972222 , 0.21527778    , 0.0 , 0.0 , -1.0    ,42.0 , -21.5 , 11.375
426830  , 0.7111111 , -0.5972222 , 0.21527778    , 0.0 , 0.0 , -1.0    ,43.0 , -19.0 , 10.875
38780488  , 0.76111114 , -0.56666666 , 0.18333334    , 0.0 , 0.0 , -1.0    ,43.0 , -19.0 , 10.875
426829  , 0.76111114 , -0.56666666 , 0.18333334    , 0.0 , 0.0 , -1.0    ,44.0625 , -16.5625 , 10.875
39176829  , 0.74583334 , -0.5277778 , 0.26944447    , 0.0 , 0.0 , -1.0    ,44.0625 , -16.5625 , 10.875
426829  , 0.74583334 , -0.5277778 , 0.26944447    , 0.0 , 0.0 , -1.0    ,45.3125 , -13.3125 , 10.875
39054878  , 0.76111114 , -0.45277777 , 0.28194445    , 0.0 , 0.0 , -1.0    ,45.3125 , -13.3125 , 10.875
426829  , 0.76111114 , -0.45277777 , 0.28194445    , 0.0 , 0.0 , -1.0    ,45.8125 , -10.375 , 10.625
39054878  , 0.7416667 , -0.26527777 , 0.19861111    , 0.0 , 0.0 , -1.0    ,45.8125 , -10.375 , 10.625
426829  , 0.7416667 , -0.26527777 , 0.19861111    , 0.0 , 0.0 , -1.0    ,46.5625 , -6.875 , 11.125
39176829  , 0.7388889 , -0.21111113 , 0.17222223    , 0.0 , 0.0 , -1.0    ,46.5625 , -6.875 , 11.125
426829  , 0.7388889 , -0.21111113 , 0.17222223    , 0.0 , 0.0 , -1.0    ,47.0625 , -2.1875 , 10.875
39146341  , 0.73472226 , -0.097222224 , 0.29722223    , 0.0 , 0.0 , -1.0    ,47.0625 , -2.1875 , 10.875
426830  , 0.73472226 , -0.097222224 , 0.29722223    , 0.0 , 0.0 , -1.0    ,47.0625 , 3.0625 , 11.375
39115854  , 0.6597222 , 0.18333334 , 0.25    , 0.0 , 0.0 , -1.0    ,47.0625 , 3.0625 , 11.375
426830  , 0.6597222 , 0.18333334 , 0.25    , 0.0 , 0.0 , -1.0    ,46.5625 , 8.5 , 11.375
38932927  , 0.6638889 , 0.40555558 , 0.13611111    , 0.0 , 0.0 , -1.0    ,46.5625 , 8.5 , 11.375
213415  , 0.6638889 , 0.40555558 , 0.13611111    , 0.0 , 0.0 , -1.0    ,44.8125 , 14.1875 , 11.625
46615854  , 0.7111111 , 0.5236111 , 0.19861111    , 0.0 , 0.0 , -1.0    ,44.8125 , 14.1875 , 11.625
213415  , 0.7111111 , 0.5236111 , 0.19861111    , 0.0 , 0.0 , -1.0    ,43.25 , 18.625 , 12.5625
32439025  , 0.74583334 , 0.6527778 , 0.08611111    , 0.0 , 0.0 , -1.0    ,43.25 , 18.625 , 12.5625
274390  , 0.74583334 , 0.6527778 , 0.08611111    , 0.0 , 0.0 , -1.0    ,41.0 , 22.125 , 13.3125
39695122  , 0.81250006 , 0.5777778 , 0.03888889    , 0.0 , 0.0 , -1.0    ,41.0 , 22.125 , 13.3125
365853  , 0.81250006 , 0.5777778 , 0.03888889    , 0.0 , 0.0 , -1.0    ,39.4375 , 24.625 , 14.8125
39817073  , 0.87083334 , 0.6055556 , 0.07777778    , 0.0 , 0.0 , -1.0    ,39.4375 , 24.625 , 14.8125
426829  , 0.87083334 , 0.6055556 , 0.07777778    , 0.0 , 0.0 , -1.0    ,38.1875 , 26.3125 , 16.0
38384147  , 0.8430556 , 0.68333334 , 0.08611111    , 0.0 , 0.0 , -1.0    ,38.1875 , 26.3125 , 16.0
426829  , 0.8430556 , 0.68333334 , 0.08611111    , 0.0 , 0.0 , -1.0    ,36.6875 , 26.8125 , 17.0
39085366  , 0.86388886 , 0.6333333 , 0.094444446    , 0.0 , 0.0 , -1.0    ,36.6875 , 26.8125 , 17.0
426829  , 0.86388886 , 0.6333333 , 0.094444446    , 0.0 , 0.0 , -1.0    ,36.4375 , 27.0625 , 17.5
39207317  , 0.88611114 , 0.58194447 , 0.09027778    , 0.0 , 0.0 , -1.0    ,36.4375 , 27.0625 , 17.5
426829  , 0.88611114 , 0.58194447 , 0.09027778    , 0.0 , 0.0 , -1.0    ,36.1875 , 27.0625 , 17.25
39207317  , 0.8513889 , 0.5972222 , 0.12916666    , 0.0 , 0.0 , -1.0    ,36.1875 , 27.0625 , 17.25
426830  , 0.8513889 , 0.5972222 , 0.12916666    , 0.0 , 0.0 , -1.0    ,36.9375 , 26.0625 , 16.75
38810976  , 0.84722227 , 0.44583336 , 0.21111113    , 0.0 , 0.0 , -1.0    ,36.9375 , 26.0625 , 16.75
426829  , 0.84722227 , 0.44583336 , 0.21111113    , 0.0 , 0.0 , -1.0    ,37.9375 , 25.3125 , 15.25
39176829  , 0.9333334 , 0.21111113 , 0.2888889    , 0.0 , 0.0 , -1.0    ,37.9375 , 25.3125 , 15.25
426830  , 0.9333334 , 0.21111113 , 0.2888889    , 0.0 , 0.0 , -1.0    ,39.4375 , 23.125 , 14.3125
39237805  , 0.93750006 , 0.15277778 , 0.2847222    , 0.0 , 0.0 , -1.0    ,39.4375 , 23.125 , 14.3125
426830  , 0.93750006 , 0.15277778 , 0.2847222    , 0.0 , 0.0 , -1.0    ,41.25 , 20.375 , 13.3125
39115854  , 0.93750006 , 0.05138889 , 0.21111113    , 0.0 , 0.0 , -1.0    ,41.25 , 20.375 , 13.3125
426830  , 0.93750006 , 0.05138889 , 0.21111113    , 0.0 , 0.0 , -1.0    ,43.0 , 17.4375 , 12.5625
38841464  , 0.99583334 , -0.19861111 , 0.25    , 0.0 , 0.0 , -1.0    ,43.0 , 17.4375 , 12.5625
426829  , 0.99583334 , -0.19861111 , 0.25    , 0.0 , 0.0 , -1.0    ,45.0625 , 13.6875 , 11.875
39085366  , 1.0236112 , -0.31666666 , 0.34444445    , 0.0 , 0.0 , -1.0    ,45.0625 , 13.6875 , 11.875
426829  , 1.0236112 , -0.31666666 , 0.34444445    , 0.0 , 0.0 , -1.0    ,46.5625 , 9.75 , 10.375
39054878  , 0.95694447 , -0.2847222 , 0.33611113    , 0.0 , 0.0 , -1.0    ,46.5625 , 9.75 , 10.375
396341  , 0.95694447 , -0.2847222 , 0.33611113    , 0.0 , 0.0 , -1.0    ,47.3125 , 5.5 , 9.875
39268293  , 0.9652778 , -0.4263889 , 0.21944445    , 0.0 , 0.0 , -1.0    ,47.3125 , 5.5 , 9.875
426829  , 0.9652778 , -0.4263889 , 0.21944445    , 0.0 , 0.0 , -1.0    ,47.5625 , 1.3125 , 8.6875
39085366  , 0.97638893 , -0.53888893 , 0.31666666    , 0.0 , 0.0 , -1.0    ,47.5625 , 1.3125 , 8.6875
426829  , 0.97638893 , -0.53888893 , 0.31666666    , 0.0 , 0.0 , -1.0    ,47.3125 , -3.4375 , 7.9375
39146341  , 0.97638893 , -0.59444445 , 0.37916666    , 0.0 , 0.0 , -1.0    ,47.3125 , -3.4375 , 7.9375
426829  , 0.97638893 , -0.59444445 , 0.37916666    , 0.0 , 0.0 , -1.0    ,46.8125 , -6.875 , 8.1875
38871952  , 0.9333334 , -0.58194447 , 0.2847222    , 0.0 , 0.0 , -1.0    ,46.8125 , -6.875 , 8.1875
426829  , 0.9333334 , -0.58194447 , 0.2847222    , 0.0 , 0.0 , -1.0    ,46.3125 , -10.125 , 7.9375
39085366  , 0.8791667 , -0.5513889 , 0.2847222    , 0.0 , 0.0 , -1.0    ,46.3125 , -10.125 , 7.9375
426829  , 0.8791667 , -0.5513889 , 0.2847222    , 0.0 , 0.0 , -1.0    ,46.0625 , -13.0625 , 8.1875
39237805  , 0.85555553 , -0.61388886 , 0.3013889    , 0.0 , 0.0 , -1.0    ,46.0625 , -13.0625 , 8.1875
548780  , 0.85555553 , -0.61388886 , 0.3013889    , 0.0 , 0.0 , -1.0    ,45.3125 , -15.5625 , 8.6875
38963415  , 0.85555553 , -0.7152778 , 0.35555556    , 0.0 , 0.0 , -1.0    ,45.3125 , -15.5625 , 8.6875
426830  , 0.85555553 , -0.7152778 , 0.35555556    , 0.0 , 0.0 , -1.0    ,44.5625 , -18.0 , 8.1875
39634147  , 0.89861107 , -0.78888893 , 0.32777777    , 0.0 , 0.0 , -1.0    ,44.5625 , -18.0 , 8.1875
182927  , 0.89861107 , -0.78888893 , 0.32777777    , 0.0 , 0.0 , -1.0    ,44.3125 , -19.75 , 8.1875
28231707  , 0.92222226 , -0.7416667 , 0.25833333    , 0.0 , 0.0 , -1.0    ,44.3125 , -19.75 , 8.1875
213415  , 0.92222226 , -0.7416667 , 0.25833333    , 0.0 , 0.0 , -1.0    ,43.0 , -21.25 , 8.6875
39481707  , 0.8944445 , -0.67222226 , 0.1875    , 0.0 , 0.0 , -1.0    ,43.0 , -21.25 , 8.6875
243902  , 0.8944445 , -0.67222226 , 0.1875    , 0.0 , 0.0 , -1.0    ,43.0 , -21.75 , 8.6875
40213415  , 0.90555555 , -0.6680556 , 0.14444445    , 0.0 , 0.0 , -1.0    ,43.0 , -21.75 , 8.6875
365853  , 0.90555555 , -0.6680556 , 0.14444445    , 0.0 , 0.0 , -1.0    ,42.5 , -22.5 , 9.1875
39024390  , 0.86388886 , -0.65694445 , 0.24583335    , 0.0 , 0.0 , -1.0    ,42.5 , -22.5 , 9.1875
426830  , 0.86388886 , -0.65694445 , 0.24583335    , 0.0 , 0.0 , -1.0    ,42.0 , -22.75 , 9.4375
39115854  , 0.84722227 , -0.69166666 , 0.26944447    , 0.0 , 0.0 , -1.0    ,42.0 , -22.75 , 9.4375
457317  , 0.84722227 , -0.69166666 , 0.26944447    , 0.0 , 0.0 , -1.0    ,41.75 , -23.25 , 9.6875
39054878  , 0.8513889 , -0.7027778 , 0.19861111    , 0.0 , 0.0 , -1.0    ,41.75 , -23.25 , 9.6875
426830  , 0.8513889 , -0.7027778 , 0.19861111    , 0.0 , 0.0 , -1.0    ,40.75 , -24.0 , 10.375
39146342  , 0.8041667 , -0.6680556 , 0.116666675    , 0.0 , 0.0 , -1.0    ,40.75 , -24.0 , 10.375
426829  , 0.8041667 , -0.6680556 , 0.116666675    , 0.0 , 0.0 , -1.0    ,40.75 , -24.0 , 11.375
39298781  , 0.81666666 , -0.7111111 , 0.13611111    , 0.0 , 0.0 , -1.0    ,40.75 , -24.0 , 11.375
426829  , 0.81666666 , -0.7111111 , 0.13611111    , 0.0 , 0.0 , -1.0    ,40.0 , -25.1875 , 11.875
38902439  , 0.76111114 , -0.70694447 , 0.14861111    , 0.0 , 0.0 , -1.0    ,40.0 , -25.1875 , 11.875
396341  , 0.76111114 , -0.70694447 , 0.14861111    , 0.0 , 0.0 , -1.0    ,39.75 , -25.1875 , 12.375
39298780  , 0.6763889 , -0.68333334 , 0.16805556    , 0.0 , 0.0 , -1.0    ,39.75 , -25.1875 , 12.375
426829  , 0.6763889 , -0.68333334 , 0.16805556    , 0.0 , 0.0 , -1.0    ,39.1875 , -25.9375 , 12.5625
39115853  , 0.6763889 , -0.75 , 0.16805556    , 0.0 , 0.0 , -1.0    ,39.1875 , -25.9375 , 12.5625
426829  , 0.6763889 , -0.75 , 0.16805556    , 0.0 , 0.0 , -1.0    ,38.4375 , -26.9375 , 12.8125
39146341  , 0.69166666 , -0.88611114 , 0.1875    , 0.0 , 0.0 , -1.0    ,38.4375 , -26.9375 , 12.8125
426830  , 0.69166666 , -0.88611114 , 0.1875    , 0.0 , 0.0 , -1.0    ,38.1875 , -26.9375 , 13.0625
39085366  , 0.6597222 , -0.82361114 , 0.19166668    , 0.0 , 0.0 , -1.0    ,38.1875 , -26.9375 , 13.0625
426829  , 0.6597222 , -0.82361114 , 0.19166668    , 0.0 , 0.0 , -1.0    ,37.9375 , -27.4375 , 13.3125
39115853  , 0.65555555 , -0.81666666 , 0.12916666    , 0.0 , 0.0 , -1.0    ,37.9375 , -27.4375 , 13.3125
426830  , 0.65555555 , -0.81666666 , 0.12916666    , 0.0 , 0.0 , -1.0    ,38.1875 , -26.9375 , 13.3125
38689025  , 0.65555555 , -0.80833334 , 0.12916666    , 0.0 , 0.0 , -1.0    ,38.1875 , -26.9375 , 13.3125
426829  , 0.65555555 , -0.80833334 , 0.12916666    , 0.0 , 0.0 , -1.0    ,38.4375 , -25.6875 , 13.0625
39207317  , 0.67222226 , -0.75416666 , 0.19861111    , 0.0 , 0.0 , -1.0    ,38.4375 , -25.6875 , 13.0625
426830  , 0.67222226 , -0.75416666 , 0.19861111    , 0.0 , 0.0 , -1.0    ,39.1875 , -24.25 , 12.8125
39054878  , 0.67222226 , -0.6763889 , 0.15694445    , 0.0 , 0.0 , -1.0    ,39.1875 , -24.25 , 12.8125
426829  , 0.67222226 , -0.6763889 , 0.15694445    , 0.0 , 0.0 , -1.0    ,41.0 , -22.75 , 12.375
39115853  , 0.73472226 , -0.6291667 , 0.21111113    , 0.0 , 0.0 , -1.0    ,41.0 , -22.75 , 12.375
426829  , 0.73472226 , -0.6291667 , 0.21111113    , 0.0 , 0.0 , -1.0    ,42.25 , -20.25 , 12.375
39420731  , 0.72222227 , -0.53194445 , 0.20277779    , 0.0 , 0.0 , -1.0    ,42.25 , -20.25 , 12.375
426829  , 0.72222227 , -0.53194445 , 0.20277779    , 0.0 , 0.0 , -1.0    ,43.75 , -17.8125 , 12.125
39146341  , 0.74583334 , -0.44583336 , 0.15277778    , 0.0 , 0.0 , -1.0    ,43.75 , -17.8125 , 12.125
426829  , 0.74583334 , -0.44583336 , 0.15277778    , 0.0 , 0.0 , -1.0    ,45.0625 , -15.0625 , 12.5625
38871952  , 0.8013889 , -0.3986111 , 0.13333334    , 0.0 , 0.0 , -1.0    ,45.0625 , -15.0625 , 12.5625
426829  , 0.8013889 , -0.3986111 , 0.13333334    , 0.0 , 0.0 , -1.0    ,45.3125 , -11.5625 , 12.5625
39054878  , 0.81250006 , -0.3861111 , 0.22222224    , 0.0 , 0.0 , -1.0    ,45.3125 , -11.5625 , 12.5625
426830  , 0.81250006 , -0.3861111 , 0.22222224    , 0.0 , 0.0 , -1.0    ,46.0625 , -8.125 , 12.375
47865854  , 0.81666666 , -0.32083333 , 0.20694445    , 0.0 , 0.0 , -1.0    ,46.0625 , -8.125 , 12.375
213415  , 0.81666666 , -0.32083333 , 0.20694445    , 0.0 , 0.0 , -1.0    ,46.3125 , -4.375 , 12.375
20426829  , 0.8208333 , -0.25416666 , 0.19166668    , 0.0 , 0.0 , -1.0    ,46.3125 , -4.375 , 12.375
213415  , 0.8208333 , -0.25416666 , 0.19166668    , 0.0 , 0.0 , -1.0    ,46.3125 , -0.1875 , 12.375
39298781  , 0.78055555 , -0.11388889 , 0.23888889    , 0.0 , 0.0 , -1.0    ,46.3125 , -0.1875 , 12.375
213415  , 0.78055555 , -0.11388889 , 0.23888889    , 0.0 , 0.0 , -1.0    ,46.3125 , 4.0 , 12.8125
40670732  , 0.7388889 , 0.07777778 , 0.18333334    , 0.0 , 0.0 , -1.0    ,46.3125 , 4.0 , 12.8125
426830  , 0.7388889 , 0.07777778 , 0.18333334    , 0.0 , 0.0 , -1.0    ,45.8125 , 8.25 , 13.3125
38536585  , 0.7180556 , 0.3236111 , 0.058333337    , 0.0 , 0.0 , -1.0    ,45.8125 , 8.25 , 13.3125
426829  , 0.7180556 , 0.3236111 , 0.058333337    , 0.0 , 0.0 , -1.0    ,44.3125 , 12.6875 , 14.5625
39237804  , 0.7263889 , 0.4138889 , 0.08611111    , 0.0 , 0.0 , -1.0    ,44.3125 , 12.6875 , 14.5625
426829  , 0.7263889 , 0.4138889 , 0.08611111    , 0.0 , 0.0 , -1.0    ,43.0 , 16.6875 , 15.0625
38902439  , 0.75416666 , 0.4263889 , 0.07777778    , 0.0 , 0.0 , -1.0    ,43.0 , 16.6875 , 15.0625
426829  , 0.75416666 , 0.4263889 , 0.07777778    , 0.0 , 0.0 , -1.0    ,41.25 , 20.125 , 15.5
39237805  , 0.76944447 , 0.49583334 , 0.023611112    , 0.0 , 0.0 , -1.0    ,41.25 , 20.125 , 15.5
426829  , 0.76944447 , 0.49583334 , 0.023611112    , 0.0 , 0.0 , -1.0    ,38.9375 , 23.375 , 16.25
38993902  , 0.7583333 , 0.60138893 , 0.034722224    , 0.0 , 0.0 , -1.0    ,38.9375 , 23.375 , 16.25
426829  , 0.7583333 , 0.60138893 , 0.034722224    , 0.0 , 0.0 , -1.0    ,37.4375 , 25.5625 , 16.25
39268293  , 0.81666666 , 0.5972222 , 0.047222223    , 0.0 , 0.0 , -1.0    ,37.4375 , 25.5625 , 16.25
426830  , 0.81666666 , 0.5972222 , 0.047222223    , 0.0 , 0.0 , -1.0    ,35.375 , 27.3125 , 16.75
39024390  , 0.8430556 , 0.68333334 , 0.054166667    , 0.0 , 0.0 , -1.0    ,35.375 , 27.3125 , 16.75
426829  , 0.8430556 , 0.68333334 , 0.054166667    , 0.0 , 0.0 , -1.0    ,34.375 , 28.8125 , 17.0
38902439  , 0.8208333 , 0.7027778 , 0.08194444    , 0.0 , 0.0 , -1.0    ,34.375 , 28.8125 , 17.0
396341  , 0.8208333 , 0.7027778 , 0.08194444    , 0.0 , 0.0 , -1.0    ,33.875 , 29.5625 , 16.75
39176829  , 0.78888893 , 0.7111111 , 0.14027779    , 0.0 , 0.0 , -1.0    ,33.875 , 29.5625 , 16.75
426829  , 0.78888893 , 0.7111111 , 0.14027779    , 0.0 , 0.0 , -1.0    ,33.625 , 30.3125 , 16.0
39268293  , 0.78055555 , 0.6791667 , 0.2736111    , 0.0 , 0.0 , -1.0    ,33.625 , 30.3125 , 16.0
426830  , 0.78055555 , 0.6791667 , 0.2736111    , 0.0 , 0.0 , -1.0    ,34.375 , 30.8125 , 15.5
38871951  , 0.76944447 , 0.6166667 , 0.29305556    , 0.0 , 0.0 , -1.0    ,34.375 , 30.8125 , 15.5
426829  , 0.76944447 , 0.6166667 , 0.29305556    , 0.0 , 0.0 , -1.0    ,34.875 , 31.0625 , 14.3125
39024390  , 0.8277778 , 0.5 , 0.31666666    , 0.0 , 0.0 , -1.0    ,34.875 , 31.0625 , 14.3125
426829  , 0.8277778 , 0.5 , 0.31666666    , 0.0 , 0.0 , -1.0    ,36.1875 , 30.3125 , 13.0625
39085366  , 0.8597222 , 0.4097222 , 0.34444445    , 0.0 , 0.0 , -1.0    ,36.1875 , 30.3125 , 13.0625
426829  , 0.8597222 , 0.4097222 , 0.34444445    , 0.0 , 0.0 , -1.0    ,37.9375 , 29.0625 , 12.125
39390244  , 0.9180556 , 0.3125 , 0.36666667    , 0.0 , 0.0 , -1.0    ,37.9375 , 29.0625 , 12.125
426830  , 0.9180556 , 0.3125 , 0.36666667    , 0.0 , 0.0 , -1.0    ,39.4375 , 27.0625 , 10.375
38871951  , 0.9486111 , 0.24166667 , 0.37916666    , 0.0 , 0.0 , -1.0    ,39.4375 , 27.0625 , 10.375
426830  , 0.9486111 , 0.24166667 , 0.37916666    , 0.0 , 0.0 , -1.0    ,41.25 , 24.625 , 9.1875
39146342  , 1.0041667 , 0.15555556 , 0.39027777    , 0.0 , 0.0 , -1.0    ,41.25 , 24.625 , 9.1875
426829  , 1.0041667 , 0.15555556 , 0.39027777    , 0.0 , 0.0 , -1.0    ,43.0 , 22.375 , 7.9375
38993902  , 1.0152779 , 0.08611111 , 0.43333334    , 0.0 , 0.0 , -1.0    ,43.0 , 22.375 , 7.9375
579268  , 1.0152779 , 0.08611111 , 0.43333334    , 0.0 , 0.0 , -1.0    ,44.3125 , 19.375 , 6.75
39115854  , 1.1166667 , -0.12083334 , 0.45277777    , 0.0 , 0.0 , -1.0    ,44.3125 , 19.375 , 6.75
213415  , 1.1166667 , -0.12083334 , 0.45277777    , 0.0 , 0.0 , -1.0    ,45.3125 , 16.4375 , 5.5
38963415  , 1.1444445 , -0.1875 , 0.4263889    , 0.0 , 0.0 , -1.0    ,45.3125 , 16.4375 , 5.5
182927  , 1.1444445 , -0.1875 , 0.4263889    , 0.0 , 0.0 , -1.0    ,46.8125 , 12.9375 , 4.75
40579268  , 1.0861111 , -0.20277779 , 0.48888892    , 0.0 , 0.0 , -1.0    ,46.8125 , 12.9375 , 4.75
304878  , 1.0861111 , -0.20277779 , 0.48888892    , 0.0 , 0.0 , -1.0    ,47.5625 , 9.5 , 4.25
38871952  , 0.9847223 , -0.17222223 , 0.43333334    , 0.0 , 0.0 , -1.0    ,47.5625 , 9.5 , 4.25
396341  , 0.9847223 , -0.17222223 , 0.43333334    , 0.0 , 0.0 , -1.0    ,48.375 , 6.0 , 4.25
39207317  , 0.9847223 , -0.3013889 , 0.25416666    , 0.0 , 0.0 , -1.0    ,48.375 , 6.0 , 4.25
426830  , 0.9847223 , -0.3013889 , 0.25416666    , 0.0 , 0.0 , -1.0    ,49.125 , 2.8125 , 4.25
38780488  , 0.9847223 , -0.35555556 , 0.33611113    , 0.0 , 0.0 , -1.0    ,49.125 , 2.8125 , 4.25
426830  , 0.9847223 , -0.35555556 , 0.33611113    , 0.0 , 0.0 , -1.0    ,49.125 , -0.6875 , 4.75
39359756  , 0.89861107 , -0.36666667 , 0.3638889    , 0.0 , 0.0 , -1.0    ,49.125 , -0.6875 , 4.75
426829  , 0.89861107 , -0.36666667 , 0.3638889    , 0.0 , 0.0 , -1.0    ,48.625 , -4.625 , 5.75
38871951  , 0.88611114 , -0.48888892 , 0.25833333    , 0.0 , 0.0 , -1.0    ,48.625 , -4.625 , 5.75
426829  , 0.88611114 , -0.48888892 , 0.25833333    , 0.0 , 0.0 , -1.0    ,47.8125 , -8.375 , 6.25
39237805  , 0.95694447 , -0.6638889 , 0.25416666    , 0.0 , 0.0 , -1.0    ,47.8125 , -8.375 , 6.25
426829  , 0.95694447 , -0.6638889 , 0.25416666    , 0.0 , 0.0 , -1.0    ,46.5625 , -12.5625 , 7.1875
38963415  , 0.8791667 , -0.67222226 , 0.33611113    , 0.0 , 0.0 , -1.0    ,46.5625 , -12.5625 , 7.1875
426829  , 0.8791667 , -0.67222226 , 0.33611113    , 0.0 , 0.0 , -1.0    ,45.3125 , -16.0625 , 7.4375
39085366  , 0.8277778 , -0.6486111 , 0.2888889    , 0.0 , 0.0 , -1.0    ,45.3125 , -16.0625 , 7.4375
426829  , 0.8277778 , -0.6486111 , 0.2888889    , 0.0 , 0.0 , -1.0    ,44.3125 , -18.5 , 7.9375
39054878  , 0.8277778 , -0.69166666 , 0.13333334    , 0.0 , 0.0 , -1.0    ,44.3125 , -18.5 , 7.9375
426830  , 0.8277778 , -0.69166666 , 0.13333334    , 0.0 , 0.0 , -1.0    ,43.25 , -20.75 , 8.6875
39451220  , 0.81250006 , -0.70694447 , 0.17222223    , 0.0 , 0.0 , -1.0    ,43.25 , -20.75 , 8.6875
426829  , 0.81250006 , -0.70694447 , 0.17222223    , 0.0 , 0.0 , -1.0    ,42.0 , -22.0 , 9.4375
38902439  , 0.76944447 , -0.70694447 , 0.15694445    , 0.0 , 0.0 , -1.0    ,42.0 , -22.0 , 9.4375
426829  , 0.76944447 , -0.70694447 , 0.15694445    , 0.0 , 0.0 , -1.0    ,40.75 , -23.25 , 10.125
39146341  , 0.70694447 , -0.68333334 , 0.097222224    , 0.0 , 0.0 , -1.0    ,40.75 , -23.25 , 10.125
426829  , 0.70694447 , -0.68333334 , 0.097222224    , 0.0 , 0.0 , -1.0    ,40.25 , -24.9375 , 10.625
39298780  , 0.6638889 , -0.6958334 , 0.094444446    , 0.0 , 0.0 , -1.0    ,40.25 , -24.9375 , 10.625
426830  , 0.6638889 , -0.6958334 , 0.094444446    , 0.0 , 0.0 , -1.0    ,39.4375 , -25.9375 , 11.125
38628049  , 0.65555555 , -0.8041667 , 0.14861111    , 0.0 , 0.0 , -1.0    ,39.4375 , -25.9375 , 11.125
426830  , 0.65555555 , -0.8041667 , 0.14861111    , 0.0 , 0.0 , -1.0    ,39.1875 , -27.1875 , 11.125
39146342  , 0.6638889 , -0.9180556 , 0.16388889    , 0.0 , 0.0 , -1.0    ,39.1875 , -27.1875 , 11.125
426829  , 0.6638889 , -0.9180556 , 0.16388889    , 0.0 , 0.0 , -1.0    ,38.6875 , -28.6875 , 11.875
39085366  , 0.6291667 , -0.9611111 , 0.15972222    , 0.0 , 0.0 , -1.0    ,38.6875 , -28.6875 , 11.875
426829  , 0.6291667 , -0.9611111 , 0.15972222    , 0.0 , 0.0 , -1.0    ,37.4375 , -29.4375 , 12.375
39024390  , 0.56666666 , -0.93750006 , 0.21527778    , 0.0 , 0.0 , -1.0    ,37.4375 , -29.4375 , 12.375
426829  , 0.56666666 , -0.93750006 , 0.21527778    , 0.0 , 0.0 , -1.0    ,36.6875 , -29.6875 , 12.375
39176830  , 0.55833334 , -0.92916673 , 0.19583334    , 0.0 , 0.0 , -1.0    ,36.6875 , -29.6875 , 12.375
396341  , 0.55833334 , -0.92916673 , 0.19583334    , 0.0 , 0.0 , -1.0    ,36.4375 , -29.9375 , 12.8125
39085366  , 0.5708333 , -0.92222226 , 0.10972223    , 0.0 , 0.0 , -1.0    ,36.4375 , -29.9375 , 12.8125
426829  , 0.5708333 , -0.92222226 , 0.10972223    , 0.0 , 0.0 , -1.0    ,36.9375 , -28.6875 , 12.5625
39085366  , 0.55833334 , -0.8208333 , 0.13611111    , 0.0 , 0.0 , -1.0    ,36.9375 , -28.6875 , 12.5625
426829  , 0.55833334 , -0.8208333 , 0.13611111    , 0.0 , 0.0 , -1.0    ,38.4375 , -26.9375 , 12.375
38902439  , 0.60138893 , -0.7972222 , 0.13611111    , 0.0 , 0.0 , -1.0    ,38.4375 , -26.9375 , 12.375
213415  , 0.60138893 , -0.7972222 , 0.13611111    , 0.0 , 0.0 , -1.0    ,40.0 , -25.4375 , 12.5625
38780488  , 0.61388886 , -0.69861114 , 0.12083334    , 0.0 , 0.0 , -1.0    ,40.0 , -25.4375 , 12.5625
213415  , 0.61388886 , -0.69861114 , 0.12083334    , 0.0 , 0.0 , -1.0    ,41.25 , -22.5 , 12.5625
29878049  , 0.61388886 , -0.5472222 , 0.058333337    , 0.0 , 0.0 , -1.0    ,41.25 , -22.5 , 12.5625
213415  , 0.61388886 , -0.5472222 , 0.058333337    , 0.0 , 0.0 , -1.0    ,42.5 , -19.0 , 12.8125
39756098  , 0.6791667 , -0.5277778 , 0.02777778    , 0.0 , 0.0 , -1.0    ,42.5 , -19.0 , 12.8125
243902  , 0.6791667 , -0.5277778 , 0.02777778    , 0.0 , 0.0 , -1.0    ,43.75 , -15.3125 , 13.0625
39756097  , 0.69166666 , -0.375 , 0.08194444    , 0.0 , 0.0 , -1.0    ,43.75 , -15.3125 , 13.0625
396341  , 0.69166666 , -0.375 , 0.08194444    , 0.0 , 0.0 , -1.0    ,44.5625 , -11.3125 , 12.8125
39298780  , 0.72222227 , -0.21944445 , 0.07777778    , 0.0 , 0.0 , -1.0    ,44.5625 , -11.3125 , 12.8125
426829  , 0.72222227 , -0.21944445 , 0.07777778    , 0.0 , 0.0 , -1.0    ,45.3125 , -7.375 , 12.8125
39085366  , 0.76944447 , -0.07777778 , 0.12916666    , 0.0 , 0.0 , -1.0    ,45.3125 , -7.375 , 12.8125
426829  , 0.76944447 , -0.07777778 , 0.12916666    , 0.0 , 0.0 , -1.0    ,45.5625 , -2.9375 , 12.8125
39451220  , 0.8041667 , -0.011111111 , 0.19861111    , 0.0 , 0.0 , -1.0    ,45.5625 , -2.9375 , 12.8125
426830  , 0.8041667 , -0.011111111 , 0.19861111    , 0.0 , 0.0 , -1.0    ,45.0625 , 1.8125 , 12.8125
38780488  , 0.81666666 , 0.09305556 , 0.23055556    , 0.0 , 0.0 , -1.0    ,45.0625 , 1.8125 , 12.8125
426830  , 0.81666666 , 0.09305556 , 0.23055556    , 0.0 , 0.0 , -1.0    ,45.3125 , 6.5 , 13.3125
39237805  , 0.90555555 , 0.16805556 , 0.17638889    , 0.0 , 0.0 , -1.0    ,45.3125 , 6.5 , 13.3125
426830  , 0.90555555 , 0.16805556 , 0.17638889    , 0.0 , 0.0 , -1.0    ,44.8125 , 10.6875 , 13.5625
39024390  , 0.9097222 , 0.21805556 , 0.15277778    , 0.0 , 0.0 , -1.0    ,44.8125 , 10.6875 , 13.5625
426829  , 0.9097222 , 0.21805556 , 0.15277778    , 0.0 , 0.0 , -1.0    ,43.75 , 13.6875 , 14.0625
39176829  , 0.8944445 , 0.22222224 , 0.17916667    , 0.0 , 0.0 , -1.0    ,43.75 , 13.6875 , 14.0625
426829  , 0.8944445 , 0.22222224 , 0.17916667    , 0.0 , 0.0 , -1.0    ,43.25 , 16.1875 , 14.3125
39085366  , 0.8430556 , 0.375 , 0.18333334    , 0.0 , 0.0 , -1.0    ,43.25 , 16.1875 , 14.3125
426829  , 0.8430556 , 0.375 , 0.18333334    , 0.0 , 0.0 , -1.0    ,41.75 , 18.375 , 15.0625
38993903  , 0.84722227 , 0.35972223 , 0.15694445    , 0.0 , 0.0 , -1.0    ,41.75 , 18.375 , 15.0625
426829  , 0.84722227 , 0.35972223 , 0.15694445    , 0.0 , 0.0 , -1.0    ,41.0 , 19.875 , 15.5
39024390  , 0.8791667 , 0.42222226 , 0.11388889    , 0.0 , 0.0 , -1.0    ,41.0 , 19.875 , 15.5
426830  , 0.8791667 , 0.42222226 , 0.11388889    , 0.0 , 0.0 , -1.0    ,40.25 , 22.125 , 16.0
39085366  , 0.8513889 , 0.51111114 , 0.094444446    , 0.0 , 0.0 , -1.0    ,40.25 , 22.125 , 16.0
426829  , 0.8513889 , 0.51111114 , 0.094444446    , 0.0 , 0.0 , -1.0    ,38.6875 , 23.625 , 16.25
39268293  , 0.90555555 , 0.51111114 , 0.094444446    , 0.0 , 0.0 , -1.0    ,38.6875 , 23.625 , 16.25
426830  , 0.90555555 , 0.51111114 , 0.094444446    , 0.0 , 0.0 , -1.0    ,38.1875 , 24.625 , 16.0
39085366  , 0.9180556 , 0.56666666 , 0.13611111    , 0.0 , 0.0 , -1.0    ,38.1875 , 24.625 , 16.0
426829  , 0.9180556 , 0.56666666 , 0.13611111    , 0.0 , 0.0 , -1.0    ,37.6875 , 26.0625 , 16.0
38932926  , 0.9527778 , 0.5277778 , 0.13333334    , 0.0 , 0.0 , -1.0    ,37.6875 , 26.0625 , 16.0
396341  , 0.9527778 , 0.5277778 , 0.13333334    , 0.0 , 0.0 , -1.0    ,37.4375 , 25.5625 , 16.0
39146342  , 1.0 , 0.39027777 , 0.125    , 0.0 , 0.0 , -1.0    ,37.4375 , 25.5625 , 16.0
426829  , 1.0 , 0.39027777 , 0.125    , 0.0 , 0.0 , -1.0    ,38.4375 , 24.875 , 15.25
39054878  , 1.0472223 , 0.16388889 , 0.23888889    , 0.0 , 0.0 , -1.0    ,38.4375 , 24.875 , 15.25
426829  , 1.0472223 , 0.16388889 , 0.23888889    , 0.0 , 0.0 , -1.0    ,39.4375 , 23.875 , 14.8125
39359756  , 1.0583334 , 0.07777778 , 0.30833334    , 0.0 , 0.0 , -1.0    ,39.4375 , 23.875 , 14.8125
579269  , 1.0583334 , 0.07777778 , 0.30833334    , 0.0 , 0.0 , -1.0    ,40.75 , 21.875 , 13.8125
39298780  , 1.0305556 , 0.07083333 , 0.2888889    , 0.0 , 0.0 , -1.0    ,40.75 , 21.875 , 13.8125
426829  , 1.0305556 , 0.07083333 , 0.2888889    , 0.0 , 0.0 , -1.0    ,42.25 , 19.625 , 12.375
37500000  , 1.0152779 , 0.034722224 , 0.21944445    , 0.0 , 0.0 , -1.0    ,42.25 , 19.625 , 12.375
213415  , 1.0152779 , 0.034722224 , 0.21944445    , 0.0 , 0.0 , -1.0    ,43.25 , 17.4375 , 11.625
30000000  , 0.99583334 , -0.09027778 , 0.13611111    , 0.0 , 0.0 , -1.0    ,43.25 , 17.4375 , 11.625
213415  , 0.99583334 , -0.09027778 , 0.13611111    , 0.0 , 0.0 , -1.0    ,44.5625 , 14.1875 , 9.875
39054878  , 1.0 , -0.1875 , 0.22222224    , 0.0 , 0.0 , -1.0    ,44.5625 , 14.1875 , 9.875
213415  , 1.0 , -0.1875 , 0.22222224    , 0.0 , 0.0 , -1.0    ,45.8125 , 10.9375 , 8.4375
40945122  , 0.9680556 , -0.29305556 , 0.4763889    , 0.0 , 0.0 , -1.0    ,45.8125 , 10.9375 , 8.4375
487805  , 0.9680556 , -0.29305556 , 0.4763889    , 0.0 , 0.0 , -1.0    ,46.8125 , 8.0 , 6.9375
38384146  , 0.9527778 , -0.33611113 , 0.48055556    , 0.0 , 0.0 , -1.0    ,46.8125 , 8.0 , 6.9375
457317  , 0.9527778 , -0.33611113 , 0.48055556    , 0.0 , 0.0 , -1.0    ,47.5625 , 5.25 , 5.5
39420732  , 0.9458333 , -0.4027778 , 0.39444447    , 0.0 , 0.0 , -1.0    ,47.5625 , 5.25 , 5.5
426829  , 0.9458333 , -0.4027778 , 0.39444447    , 0.0 , 0.0 , -1.0    ,48.125 , 2.3125 , 4.0625
39024390  , 0.9611111 , -0.39444447 , 0.5083333    , 0.0 , 0.0 , -1.0    ,48.125 , 2.3125 , 4.0625
426830  , 0.9611111 , -0.39444447 , 0.5083333    , 0.0 , 0.0 , -1.0    ,47.5625 , 0.0625 , 2.5625
38780488  , 0.9486111 , -0.4027778 , 0.49583334    , 0.0 , 0.0 , -1.0    ,47.5625 , 0.0625 , 2.5625
426829  , 0.9486111 , -0.4027778 , 0.49583334    , 0.0 , 0.0 , -1.0    ,47.8125 , -1.6875 , 1.5625
39359756  , 1.0041667 , -0.41805556 , 0.38333336    , 0.0 , 0.0 , -1.0    ,47.8125 , -1.6875 , 1.5625
426830  , 1.0041667 , -0.41805556 , 0.38333336    , 0.0 , 0.0 , -1.0    ,47.8125 , -3.4375 , 1.125
38993903  , 0.9916667 , -0.35972223 , 0.4138889    , 0.0 , 0.0 , -1.0    ,47.8125 , -3.4375 , 1.125
426829  , 0.9916667 , -0.35972223 , 0.4138889    , 0.0 , 0.0 , -1.0    ,47.8125 , -3.875 , 1.125
38871951  , 0.95694447 , -0.3402778 , 0.4652778    , 0.0 , 0.0 , -1.0    ,47.8125 , -3.875 , 1.125
426830  , 0.95694447 , -0.3402778 , 0.4652778    , 0.0 , 0.0 , -1.0    ,48.125 , -5.125 , 2.0625
39176830  , 0.92222226 , -0.4486111 , 0.4027778    , 0.0 , 0.0 , -1.0    ,48.125 , -5.125 , 2.0625
426829  , 0.92222226 , -0.4486111 , 0.4027778    , 0.0 , 0.0 , -1.0    ,47.3125 , -7.125 , 2.8125
39024390  , 0.9611111 , -0.57361114 , 0.26527777    , 0.0 , 0.0 , -1.0    ,47.3125 , -7.125 , 2.8125
396342  , 0.9611111 , -0.57361114 , 0.26527777    , 0.0 , 0.0 , -1.0    ,46.8125 , -9.125 , 3.3125
39176829  , 0.88611114 , -0.57361114 , 0.39027777    , 0.0 , 0.0 , -1.0    ,46.8125 , -9.125 , 3.3125
396341  , 0.88611114 , -0.57361114 , 0.39027777    , 0.0 , 0.0 , -1.0    ,45.5625 , -11.5625 , 4.0625
39146341  , 0.9027778 , -0.6527778 , 0.41805556    , 0.0 , 0.0 , -1.0    ,45.5625 , -11.5625 , 4.0625
426830  , 0.9027778 , -0.6527778 , 0.41805556    , 0.0 , 0.0 , -1.0    ,44.3125 , -14.0625 , 4.0625
39268293  , 0.875 , -0.7111111 , 0.4263889    , 0.0 , 0.0 , -1.0    ,44.3125 , -14.0625 , 4.0625
426830  , 0.875 , -0.7111111 , 0.4263889    , 0.0 , 0.0 , -1.0    ,43.75 , -16.3125 , 4.25
38750000  , 0.79305553 , -0.69861114 , 0.3861111    , 0.0 , 0.0 , -1.0    ,43.75 , -16.3125 , 4.25
426829  , 0.79305553 , -0.69861114 , 0.3861111    , 0.0 , 0.0 , -1.0    ,43.0 , -18.75 , 5.0
39481708  , 0.74583334 , -0.73472226 , 0.34444445    , 0.0 , 0.0 , -1.0    ,43.0 , -18.75 , 5.0
426829  , 0.74583334 , -0.73472226 , 0.34444445    , 0.0 , 0.0 , -1.0    ,42.25 , -20.5 , 6.0
38932927  , 0.73472226 , -0.78888893 , 0.26944447    , 0.0 , 0.0 , -1.0    ,42.25 , -20.5 , 6.0
426829  , 0.73472226 , -0.78888893 , 0.26944447    , 0.0 , 0.0 , -1.0    ,42.0 , -22.0 , 7.1875
39085366  , 0.69166666 , -0.7388889 , 0.17222223    , 0.0 , 0.0 , -1.0    ,42.0 , -22.0 , 7.1875
426829  , 0.69166666 , -0.7388889 , 0.17222223    , 0.0 , 0.0 , -1.0    ,41.75 , -22.5 , 7.9375
38871951  , 0.72222227 , -0.7388889 , 0.1875    , 0.0 , 0.0 , -1.0    ,41.75 , -22.5 , 7.9375
426829  , 0.72222227 , -0.7388889 , 0.1875    , 0.0 , 0.0 , -1.0    ,41.25 , -22.5 , 8.4375
39146342  , 0.6875 , -0.75416666 , 0.14861111    , 0.0 , 0.0 , -1.0    ,41.25 , -22.5 , 8.4375
396342  , 0.6875 , -0.75416666 , 0.14861111    , 0.0 , 0.0 , -1.0    ,41.5 , -22.25 , 9.1875
38993903  , 0.68333334 , -0.79305553 , 0.16805556    , 0.0 , 0.0 , -1.0    ,41.5 , -22.25 , 9.1875
182927  , 0.68333334 , -0.79305553 , 0.16805556    , 0.0 , 0.0 , -1.0    ,42.25 , -21.25 , 9.1875
46615854  , 0.6527778 , -0.76944447 , 0.19583334    , 0.0 , 0.0 , -1.0    ,42.25 , -21.25 , 9.1875
213415  , 0.6527778 , -0.76944447 , 0.19583334    , 0.0 , 0.0 , -1.0    ,43.0 , -19.75 , 9.875
22347561  , 0.68333334 , -0.76944447 , 0.08611111    , 0.0 , 0.0 , -1.0    ,43.0 , -19.75 , 9.875
243903  , 0.68333334 , -0.76944447 , 0.08611111    , 0.0 , 0.0 , -1.0    ,44.3125 , -17.5625 , 10.125
39176829  , 0.6680556 , -0.6875 , 0.10972223    , 0.0 , 0.0 , -1.0    ,44.3125 , -17.5625 , 10.125
213415  , 0.6680556 , -0.6875 , 0.10972223    , 0.0 , 0.0 , -1.0    ,45.0625 , -14.8125 , 10.125
39969513  , 0.68333334 , -0.5708333 , 0.14444445    , 0.0 , 0.0 , -1.0    ,45.0625 , -14.8125 , 10.125
365854  , 0.68333334 , -0.5708333 , 0.14444445    , 0.0 , 0.0 , -1.0    ,45.5625 , -12.3125 , 10.625
39634146  , 0.7111111 , -0.45694444 , 0.08194444    , 0.0 , 0.0 , -1.0    ,45.5625 , -12.3125 , 10.625
426829  , 0.7111111 , -0.45694444 , 0.08194444    , 0.0 , 0.0 , -1.0    ,45.8125 , -9.125 , 10.875
38871952  , 0.7152778 , -0.29305556 , 0.09027778    , 0.0 , 0.0 , -1.0    ,45.8125 , -9.125 , 10.875
426829  , 0.7152778 , -0.29305556 , 0.09027778    , 0.0 , 0.0 , -1.0    ,46.0625 , -5.625 , 11.375
39298780  , 0.75 , -0.1875 , 0.12083334    , 0.0 , 0.0 , -1.0    ,46.0625 , -5.625 , 11.375
426830  , 0.75 , -0.1875 , 0.12083334    , 0.0 , 0.0 , -1.0    ,46.0625 , -1.9375 , 11.125
38993903  , 0.76944447 , -0.07083333 , 0.15694445    , 0.0 , 0.0 , -1.0    ,46.0625 , -1.9375 , 11.125
426829  , 0.76944447 , -0.07083333 , 0.15694445    , 0.0 , 0.0 , -1.0    ,46.0625 , 2.5625 , 11.125
39176829  , 0.70694447 , 0.030555557 , 0.3013889    , 0.0 , 0.0 , -1.0    ,46.0625 , 2.5625 , 11.125
426829  , 0.70694447 , 0.030555557 , 0.3013889    , 0.0 , 0.0 , -1.0    ,45.5625 , 6.75 , 10.625
38932926  , 0.76111114 , 0.07777778 , 0.30416667    , 0.0 , 0.0 , -1.0    ,45.5625 , 6.75 , 10.625
426829  , 0.76111114 , 0.07777778 , 0.30416667    , 0.0 , 0.0 , -1.0    ,44.8125 , 10.6875 , 9.6875
39329268  , 0.76944447 , 0.29305556 , 0.20277779    , 0.0 , 0.0 , -1.0    ,44.8125 , 10.6875 , 9.6875
426829  , 0.76944447 , 0.29305556 , 0.20277779    , 0.0 , 0.0 , -1.0    ,43.75 , 14.6875 , 9.875
38871951  , 0.7388889 , 0.54305553 , 0.13333334    , 0.0 , 0.0 , -1.0    ,43.75 , 14.6875 , 9.875
426829  , 0.7388889 , 0.54305553 , 0.13333334    , 0.0 , 0.0 , -1.0    ,42.0 , 18.625 , 9.6875
39146341  , 0.7736111 , 0.5902778 , 0.24166667    , 0.0 , 0.0 , -1.0    ,42.0 , 18.625 , 9.6875
396342  , 0.7736111 , 0.5902778 , 0.24166667    , 0.0 , 0.0 , -1.0    ,40.25 , 21.625 , 9.875
39268293  , 0.8361111 , 0.5472222 , 0.30416667    , 0.0 , 0.0 , -1.0    ,40.25 , 21.625 , 9.875
426830  , 0.8361111 , 0.5472222 , 0.30416667    , 0.0 , 0.0 , -1.0    ,38.9375 , 24.375 , 10.375
39085366  , 0.8430556 , 0.5513889 , 0.25833333    , 0.0 , 0.0 , -1.0    ,38.9375 , 24.375 , 10.375
518293  , 0.8430556 , 0.5513889 , 0.25833333    , 0.0 , 0.0 , -1.0    ,38.9375 , 25.8125 , 10.375
39085366  , 0.89861107 , 0.42222226 , 0.32777777    , 0.0 , 0.0 , -1.0    ,38.9375 , 25.8125 , 10.375
426829  , 0.89861107 , 0.42222226 , 0.32777777    , 0.0 , 0.0 , -1.0    ,38.6875 , 26.3125 , 10.625
38689024  , 0.9180556 , 0.4027778 , 0.25833333    , 0.0 , 0.0 , -1.0    ,38.6875 , 26.3125 , 10.625
426830  , 0.9180556 , 0.4027778 , 0.25833333    , 0.0 , 0.0 , -1.0    ,38.9375 , 26.3125 , 10.375
39054878  , 0.90555555 , 0.3861111 , 0.2777778    , 0.0 , 0.0 , -1.0    ,38.9375 , 26.3125 , 10.375
426830  , 0.90555555 , 0.3861111 , 0.2777778    , 0.0 , 0.0 , -1.0    ,38.9375 , 25.5625 , 10.375
39176830  , 0.9180556 , 0.32083333 , 0.2777778    , 0.0 , 0.0 , -1.0    ,38.9375 , 25.5625 , 10.375
426829  , 0.9180556 , 0.32083333 , 0.2777778    , 0.0 , 0.0 , -1.0    ,39.1875 , 25.3125 , 10.625
39298780  , 0.92916673 , 0.25833333 , 0.30833334    , 0.0 , 0.0 , -1.0    ,39.1875 , 25.3125 , 10.625
426829  , 0.92916673 , 0.25833333 , 0.30833334    , 0.0 , 0.0 , -1.0    ,39.75 , 24.375 , 10.125
42682926  , 0.9263889 , 0.2777778 , 0.2736111    , 0.0 , 0.0 , -1.0    ,39.75 , 24.375 , 10.125
426829  , 0.9263889 , 0.2777778 , 0.2736111    , 0.0 , 0.0 , -1.0    ,41.0 , 23.375 , 9.875
35640244  , 0.9263889 , 0.24583335 , 0.3013889    , 0.0 , 0.0 , -1.0    ,41.0 , 23.375 , 9.875
426829  , 0.9263889 , 0.24583335 , 0.3013889    , 0.0 , 0.0 , -1.0    ,42.25 , 22.375 , 9.4375
37957317  , 0.9458333 , 0.14861111 , 0.35972223    , 0.0 , 0.0 , -1.0    ,42.25 , 22.375 , 9.4375
182927  , 0.9458333 , 0.14861111 , 0.35972223    , 0.0 , 0.0 , -1.0    ,43.0 , 20.625 , 8.4375
29878048  , 0.98888886 , 0.004166667 , 0.3402778    , 0.0 , 0.0 , -1.0    ,43.0 , 20.625 , 8.4375
243902  , 0.98888886 , 0.004166667 , 0.3402778    , 0.0 , 0.0 , -1.0    ,44.5625 , 18.875 , 7.6875
39542683  , 1.0277778 , -0.07777778 , 0.35555556    , 0.0 , 0.0 , -1.0    ,44.5625 , 18.875 , 7.6875
243903  , 1.0277778 , -0.07777778 , 0.35555556    , 0.0 , 0.0 , -1.0    ,45.3125 , 16.9375 , 6.75
40030488  , 0.99583334 , -0.08194444 , 0.32083333    , 0.0 , 0.0 , -1.0    ,45.3125 , 16.9375 , 6.75
365853  , 0.99583334 , -0.08194444 , 0.32083333    , 0.0 , 0.0 , -1.0    ,46.0625 , 14.4375 , 6.0
39146342  , 1.0111111 , -0.16388889 , 0.38333336    , 0.0 , 0.0 , -1.0    ,46.0625 , 14.4375 , 6.0
426829  , 1.0111111 , -0.16388889 , 0.38333336    , 0.0 , 0.0 , -1.0    ,46.8125 , 11.9375 , 4.75
39329268  , 1.0430555 , -0.3513889 , 0.34722224    , 0.0 , 0.0 , -1.0    ,46.8125 , 11.9375 , 4.75
426829  , 1.0430555 , -0.3513889 , 0.34722224    , 0.0 , 0.0 , -1.0    ,47.0625 , 9.0 , 4.25
39115854  , 1.0902778 , -0.4027778 , 0.4138889    , 0.0 , 0.0 , -1.0    ,47.0625 , 9.0 , 4.25
457317  , 1.0902778 , -0.4027778 , 0.4138889    , 0.0 , 0.0 , -1.0    ,47.5625 , 6.0 , 4.25
38780488  , 0.9805556 , -0.32777777 , 0.37916666    , 0.0 , 0.0 , -1.0    ,47.5625 , 6.0 , 4.25
426829  , 0.9805556 , -0.32777777 , 0.37916666    , 0.0 , 0.0 , -1.0    ,47.8125 , 3.5625 , 4.0625
39024390  , 0.97638893 , -0.39027777 , 0.26944447    , 0.0 , 0.0 , -1.0    ,47.8125 , 3.5625 , 4.0625
426830  , 0.97638893 , -0.39027777 , 0.26944447    , 0.0 , 0.0 , -1.0    ,47.8125 , 0.5625 , 4.0625
39176830  , 0.9333334 , -0.44583336 , 0.31666666    , 0.0 , 0.0 , -1.0    ,47.8125 , 0.5625 , 4.0625
426829  , 0.9333334 , -0.44583336 , 0.31666666    , 0.0 , 0.0 , -1.0    ,48.125 , -1.6875 , 3.8125
39115853  , 0.8666667 , -0.4486111 , 0.36666667    , 0.0 , 0.0 , -1.0    ,48.125 , -1.6875 , 3.8125
426829  , 0.8666667 , -0.4486111 , 0.36666667    , 0.0 , 0.0 , -1.0    ,47.5625 , -4.375 , 3.3125
38993903  , 0.8666667 , -0.5472222 , 0.34444445    , 0.0 , 0.0 , -1.0    ,47.5625 , -4.375 , 3.3125
426830  , 0.8666667 , -0.5472222 , 0.34444445    , 0.0 , 0.0 , -1.0    ,47.3125 , -7.375 , 3.3125
39542683  , 0.875 , -0.6097222 , 0.25    , 0.0 , 0.0 , -1.0    ,47.3125 , -7.375 , 3.3125
426829  , 0.875 , -0.6097222 , 0.25    , 0.0 , 0.0 , -1.0    ,46.8125 , -10.125 , 3.8125
38780487  , 0.8666667 , -0.63611114 , 0.23472224    , 0.0 , 0.0 , -1.0    ,46.8125 , -10.125 , 3.8125
426829  , 0.8666667 , -0.63611114 , 0.23472224    , 0.0 , 0.0 , -1.0    ,45.5625 , -13.5625 , 4.25
39115853  , 0.79305553 , -0.67222226 , 0.21111113    , 0.0 , 0.0 , -1.0    ,45.5625 , -13.5625 , 4.25
396341  , 0.79305553 , -0.67222226 , 0.21111113    , 0.0 , 0.0 , -1.0    ,45.0625 , -16.0625 , 4.75
39359757  , 0.7416667 , -0.7777778 , 0.24166667    , 0.0 , 0.0 , -1.0    ,45.0625 , -16.0625 , 4.75
426829  , 0.7416667 , -0.7777778 , 0.24166667    , 0.0 , 0.0 , -1.0    ,43.5 , -19.0 , 5.25
39146341  , 0.75416666 , -0.88611114 , 0.3861111    , 0.0 , 0.0 , -1.0    ,43.5 , -19.0 , 5.25
426829  , 0.75416666 , -0.88611114 , 0.3861111    , 0.0 , 0.0 , -1.0    ,42.25 , -21.75 , 5.75
38810975  , 0.7111111 , -0.9097222 , 0.43333334    , 0.0 , 0.0 , -1.0    ,42.25 , -21.75 , 5.75
426829  , 0.7111111 , -0.9097222 , 0.43333334    , 0.0 , 0.0 , -1.0    ,41.5 , -23.5 , 6.0
39146341  , 0.73055553 , -0.94166666 , 0.3125    , 0.0 , 0.0 , -1.0    ,41.5 , -23.5 , 6.0
426829  , 0.73055553 , -0.94166666 , 0.3125    , 0.0 , 0.0 , -1.0    ,40.25 , -25.4375 , 6.5
39054879  , 0.7027778 , -0.80833334 , 0.19583334    , 0.0 , 0.0 , -1.0    ,40.25 , -25.4375 , 6.5
426829  , 0.7027778 , -0.80833334 , 0.19583334    , 0.0 , 0.0 , -1.0    ,40.25 , -26.1875 , 6.9375
39085366  , 0.7152778 , -0.76944447 , 0.19583334    , 0.0 , 0.0 , -1.0    ,40.25 , -26.1875 , 6.9375
396342  , 0.7152778 , -0.76944447 , 0.19583334    , 0.0 , 0.0 , -1.0    ,40.0 , -25.9375 , 7.4375
39207317  , 0.78055555 , -0.8361111 , 0.1875    , 0.0 , 0.0 , -1.0    ,40.0 , -25.9375 , 7.4375
426829  , 0.78055555 , -0.8361111 , 0.1875    , 0.0 , 0.0 , -1.0    ,40.25 , -25.1875 , 8.4375
38262196  , 0.75416666 , -0.74583334 , 0.14444445    , 0.0 , 0.0 , -1.0    ,40.25 , -25.1875 , 8.4375
213415  , 0.75416666 , -0.74583334 , 0.14444445    , 0.0 , 0.0 , -1.0    ,40.75 , -24.0 , 8.6875
30060975  , 0.74583334 , -0.67222226 , 0.16388889    , 0.0 , 0.0 , -1.0    ,40.75 , -24.0 , 8.6875
182927  , 0.74583334 , -0.67222226 , 0.16388889    , 0.0 , 0.0 , -1.0    ,41.25 , -22.75 , 9.1875
29481708  , 0.75416666 , -0.6333333 , 0.17222223    , 0.0 , 0.0 , -1.0    ,41.25 , -22.75 , 9.1875
213414  , 0.75416666 , -0.6333333 , 0.17222223    , 0.0 , 0.0 , -1.0    ,42.5 , -21.75 , 9.875
39390243  , 0.78472227 , -0.6402778 , 0.13611111    , 0.0 , 0.0 , -1.0    ,42.5 , -21.75 , 9.875
243902  , 0.78472227 , -0.6402778 , 0.13611111    , 0.0 , 0.0 , -1.0    ,43.25 , -20.75 , 10.125
40091463  , 0.8041667 , -0.65694445 , 0.14861111    , 0.0 , 0.0 , -1.0    ,43.25 , -20.75 , 10.125
335365  , 0.8041667 , -0.65694445 , 0.14861111    , 0.0 , 0.0 , -1.0    ,43.75 , -19.5 , 10.875
39176830  , 0.79305553 , -0.625 , 0.16805556    , 0.0 , 0.0 , -1.0    ,43.75 , -19.5 , 10.875
426829  , 0.79305553 , -0.625 , 0.16805556    , 0.0 , 0.0 , -1.0    ,44.0625 , -17.8125 , 11.375
39207317  , 0.79305553 , -0.6097222 , 0.1875    , 0.0 , 0.0 , -1.0    ,44.0625 , -17.8125 , 11.375
426829  , 0.79305553 , -0.6097222 , 0.1875    , 0.0 , 0.0 , -1.0    ,44.3125 , -16.0625 , 10.625
38932927  , 0.79305553 , -0.55833334 , 0.20277779    , 0.0 , 0.0 , -1.0    ,44.3125 , -16.0625 , 10.625
426829  , 0.79305553 , -0.55833334 , 0.20277779    , 0.0 , 0.0 , -1.0    ,44.5625 , -13.8125 , 10.875
39298780  , 0.7972222 , -0.48888892 , 0.19861111    , 0.0 , 0.0 , -1.0    ,44.5625 , -13.8125 , 10.875
426829  , 0.7972222 , -0.48888892 , 0.19861111    , 0.0 , 0.0 , -1.0    ,45.0625 , -12.0625 , 10.625
39268292  , 0.80833334 , -0.44583336 , 0.25    , 0.0 , 0.0 , -1.0    ,45.0625 , -12.0625 , 10.625
426830  , 0.80833334 , -0.44583336 , 0.25    , 0.0 , 0.0 , -1.0    ,45.8125 , -10.375 , 10.125
38902439  , 0.8361111 , -0.44583336 , 0.23888889    , 0.0 , 0.0 , -1.0    ,45.8125 , -10.375 , 10.125
426829  , 0.8361111 , -0.44583336 , 0.23888889    , 0.0 , 0.0 , -1.0    ,45.8125 , -8.375 , 10.875
39085365  , 0.84722227 , -0.4097222 , 0.21527778    , 0.0 , 0.0 , -1.0    ,45.8125 , -8.375 , 10.875
426829  , 0.84722227 , -0.4097222 , 0.21527778    , 0.0 , 0.0 , -1.0    ,46.0625 , -6.625 , 10.625
38932927  , 0.81250006 , -0.32083333 , 0.17222223    , 0.0 , 0.0 , -1.0    ,46.0625 , -6.625 , 10.625
426829  , 0.81250006 , -0.32083333 , 0.17222223    , 0.0 , 0.0 , -1.0    ,45.8125 , -4.125 , 11.625
39085366  , 0.84027785 , -0.32777777 , 0.15694445    , 0.0 , 0.0 , -1.0    ,45.8125 , -4.125 , 11.625
396341  , 0.84027785 , -0.32777777 , 0.15694445    , 0.0 , 0.0 , -1.0    ,46.3125 , -1.6875 , 12.375
39085366  , 0.8277778 , -0.21111113 , 0.18333334    , 0.0 , 0.0 , -1.0    ,46.3125 , -1.6875 , 12.375
426829  , 0.8277778 , -0.21111113 , 0.18333334    , 0.0 , 0.0 , -1.0    ,46.0625 , 0.8125 , 12.5625
39176829  , 0.80833334 , -0.004166667 , 0.097222224    , 0.0 , 0.0 , -1.0    ,46.0625 , 0.8125 , 12.5625
426829  , 0.80833334 , -0.004166667 , 0.097222224    , 0.0 , 0.0 , -1.0    ,45.5625 , 4.0 , 13.3125
39115854  , 0.82361114 , 0.116666675 , 0.08194444    , 0.0 , 0.0 , -1.0    ,45.5625 , 4.0 , 13.3125
426829  , 0.82361114 , 0.116666675 , 0.08194444    , 0.0 , 0.0 , -1.0    ,45.5625 , 7.0 , 13.3125
39207317  , 0.82361114 , 0.23888889 , 0.058333337    , 0.0 , 0.0 , -1.0    ,45.5625 , 7.0 , 13.3125
426830  , 0.82361114 , 0.23888889 , 0.058333337    , 0.0 , 0.0 , -1.0    ,44.0625 , 10.0 , 13.8125
38902439  , 0.83194447 , 0.29305556 , 0.11388889    , 0.0 , 0.0 , -1.0    ,44.0625 , 10.0 , 13.8125
426830  , 0.83194447 , 0.29305556 , 0.11388889    , 0.0 , 0.0 , -1.0    ,43.0 , 12.6875 , 14.0625
38963415  , 0.86388886 , 0.2777778 , 0.19861111    , 0.0 , 0.0 , -1.0    ,43.0 , 12.6875 , 14.0625
426829  , 0.86388886 , 0.2777778 , 0.19861111    , 0.0 , 0.0 , -1.0    ,42.75 , 14.6875 , 14.0625
39420732  , 0.89861107 , 0.23888889 , 0.17222223    , 0.0 , 0.0 , -1.0    ,42.75 , 14.6875 , 14.0625
396341  , 0.89861107 , 0.23888889 , 0.17222223    , 0.0 , 0.0 , -1.0    ,42.25 , 16.4375 , 14.0625
42560975  , 0.9027778 , 0.21805556 , 0.16805556    , 0.0 , 0.0 , -1.0    ,42.25 , 16.4375 , 14.0625
426829  , 0.9027778 , 0.21805556 , 0.16805556    , 0.0 , 0.0 , -1.0    ,42.25 , 17.1875 , 13.5625
35487805  , 0.9027778 , 0.21527778 , 0.2611111    , 0.0 , 0.0 , -1.0    ,42.25 , 17.1875 , 13.5625
426829  , 0.9027778 , 0.21527778 , 0.2611111    , 0.0 , 0.0 , -1.0    ,43.0 , 17.6875 , 13.3125
38384146  , 0.8944445 , 0.19166668 , 0.22222224    , 0.0 , 0.0 , -1.0    ,43.0 , 17.6875 , 13.3125
182927  , 0.8944445 , 0.19166668 , 0.22222224    , 0.0 , 0.0 , -1.0    ,43.0 , 17.4375 , 13.3125
29268292  , 0.9263889 , 0.20277779 , 0.19861111    , 0.0 , 0.0 , -1.0    ,43.0 , 17.4375 , 13.3125
243903  , 0.9263889 , 0.20277779 , 0.19861111    , 0.0 , 0.0 , -1.0    ,43.0 , 16.6875 , 13.3125
29664634  , 0.9611111 , 0.18333334 , 0.18333334    , 0.0 , 0.0 , -1.0    ,43.0 , 16.6875 , 13.3125
274391  , 0.9611111 , 0.18333334 , 0.18333334    , 0.0 , 0.0 , -1.0    ,43.5 , 15.9375 , 13.3125
40152439  , 0.9611111 , 0.17916667 , 0.1875    , 0.0 , 0.0 , -1.0    ,43.5 , 15.9375 , 13.3125
304878  , 0.9611111 , 0.17916667 , 0.1875    , 0.0 , 0.0 , -1.0    ,43.5 , 15.1875 , 13.0625
40030488  , 0.9527778 , 0.116666675 , 0.25833333    , 0.0 , 0.0 , -1.0    ,43.5 , 15.1875 , 13.0625
426830  , 0.9527778 , 0.116666675 , 0.25833333    , 0.0 , 0.0 , -1.0    ,43.5 , 14.1875 , 12.5625
38506098  , 0.9916667 , 0.047222223 , 0.29722223    , 0.0 , 0.0 , -1.0    ,43.5 , 14.1875 , 12.5625
426830  , 0.9916667 , 0.047222223 , 0.29722223    , 0.0 , 0.0 , -1.0    ,44.5625 , 13.6875 , 12.125
39085366  , 1.0708334 , -0.019444445 , 0.3638889    , 0.0 , 0.0 , -1.0    ,44.5625 , 13.6875 , 12.125
426830  , 1.0708334 , -0.019444445 , 0.3638889    , 0.0 , 0.0 , -1.0    ,45.0625 , 12.9375 , 11.375
39085366  , 1.1097223 , -0.058333337 , 0.39027777    , 0.0 , 0.0 , -1.0    ,45.0625 , 12.9375 , 11.375
426830  , 1.1097223 , -0.058333337 , 0.39027777    , 0.0 , 0.0 , -1.0    ,45.5625 , 11.4375 , 10.625
39237805  , 1.1527778 , -0.06666667 , 0.35972223    , 0.0 , 0.0 , -1.0    ,45.5625 , 11.4375 , 10.625
426829  , 1.1527778 , -0.06666667 , 0.35972223    , 0.0 , 0.0 , -1.0    ,46.3125 , 10.5 , 9.875
39237804  , 1.1916667 , -0.14444445 , 0.36666667    , 0.0 , 0.0 , -1.0    ,46.3125 , 10.5 , 9.875
426829  , 1.1916667 , -0.14444445 , 0.36666667    , 0.0 , 0.0 , -1.0    ,46.8125 , 9.0 , 9.1875
38963414  , 1.1486112 , -0.14444445 , 0.37083334    , 0.0 , 0.0 , -1.0    ,46.8125 , 9.0 , 9.1875
426829  , 1.1486112 , -0.14444445 , 0.37083334    , 0.0 , 0.0 , -1.0    ,46.8125 , 7.75 , 8.6875
38963414  , 1.0666667 , -0.125 , 0.45694444    , 0.0 , 0.0 , -1.0    ,46.8125 , 7.75 , 8.6875
426830  , 1.0666667 , -0.125 , 0.45694444    , 0.0 , 0.0 , -1.0    ,47.0625 , 7.25 , 8.4375
39329269  , 1.0041667 , -0.094444446 , 0.4263889    , 0.0 , 0.0 , -1.0    ,47.0625 , 7.25 , 8.4375
426829  , 1.0041667 , -0.094444446 , 0.4263889    , 0.0 , 0.0 , -1.0    ,47.3125 , 6.5 , 7.9375
39176829  , 0.98888886 , -0.09027778 , 0.30416667    , 0.0 , 0.0 , -1.0    ,47.3125 , 6.5 , 7.9375
426830  , 0.98888886 , -0.09027778 , 0.30416667    , 0.0 , 0.0 , -1.0    ,46.8125 , 6.25 , 8.1875
38963415  , 0.9916667 , -0.12916666 , 0.28194445    , 0.0 , 0.0 , -1.0    ,46.8125 , 6.25 , 8.1875
426829  , 0.9916667 , -0.12916666 , 0.28194445    , 0.0 , 0.0 , -1.0    ,46.5625 , 6.0 , 9.1875
39054878  , 0.97222227 , -0.14027779 , 0.23888889    , 0.0 , 0.0 , -1.0    ,46.5625 , 6.0 , 9.1875
426829  , 0.97222227 , -0.14027779 , 0.23888889    , 0.0 , 0.0 , -1.0    ,46.8125 , 6.25 , 9.6875
39298781  , 0.97638893 , -0.15972222 , 0.14861111    , 0.0 , 0.0 , -1.0    ,46.8125 , 6.25 , 9.6875
426830  , 0.97638893 , -0.15972222 , 0.14861111    , 0.0 , 0.0 , -1.0    ,46.3125 , 6.5 , 10.625
38750000  , 0.99583334 , -0.10972223 , 0.15972222    , 0.0 , 0.0 , -1.0    ,46.3125 , 6.5 , 10.625
426829  , 0.99583334 , -0.10972223 , 0.15972222    , 0.0 , 0.0 , -1.0    ,46.0625 , 6.25 , 10.875
39115854  , 0.9486111 , -0.054166667 , 0.18333334    , 0.0 , 0.0 , -1.0    ,46.0625 , 6.25 , 10.875
426830  , 0.9486111 , -0.054166667 , 0.18333334    , 0.0 , 0.0 , -1.0    ,46.3125 , 6.5 , 11.125
39085366  , 1.0041667 , -0.08194444 , 0.08194444    , 0.0 , 0.0 , -1.0    ,46.3125 , 6.5 , 11.125
426829  , 1.0041667 , -0.08194444 , 0.08194444    , 0.0 , 0.0 , -1.0    ,46.0625 , 6.25 , 11.875
39207318  , 0.97222227 , -0.058333337 , 0.12083334    , 0.0 , 0.0 , -1.0    ,46.0625 , 6.25 , 11.875
426829  , 0.97222227 , -0.058333337 , 0.12083334    , 0.0 , 0.0 , -1.0    ,46.3125 , 6.0 , 12.375
39115854  , 1.0 , -0.06666667 , 0.15972222    , 0.0 , 0.0 , -1.0    ,46.3125 , 6.0 , 12.375
426829  , 1.0 , -0.06666667 , 0.15972222    , 0.0 , 0.0 , -1.0    ,46.5625 , 6.0 , 12.8125
39359756  , 1.0083333 , -0.07083333 , 0.097222224    , 0.0 , 0.0 , -1.0    ,46.5625 , 6.0 , 12.8125
426830  , 1.0083333 , -0.07083333 , 0.097222224    , 0.0 , 0.0 , -1.0    ,46.5625 , 5.75 , 13.3125
43475610  , 1.0 , -0.094444446 , 0.11388889    , 0.0 , 0.0 , -1.0    ,46.5625 , 5.75 , 13.3125
182927  , 1.0 , -0.094444446 , 0.11388889    , 0.0 , 0.0 , -1.0    ,46.3125 , 5.25 , 13.5625
34390244  , 1.0111111 , -0.116666675 , 0.19583334    , 0.0 , 0.0 , -1.0    ,46.3125 , 5.25 , 13.5625
274390  , 1.0111111 , -0.116666675 , 0.19583334    , 0.0 , 0.0 , -1.0    ,46.3125 , 4.75 , 13.3125
40274391  , 1.0083333 , -0.11388889 , 0.16388889    , 0.0 , 0.0 , -1.0    ,46.3125 , 4.75 , 13.3125
365854  , 1.0083333 , -0.11388889 , 0.16388889    , 0.0 , 0.0 , -1.0    ,46.3125 , 4.25 , 13.3125
39481708  , 0.9847223 , -0.14027779 , 0.125    , 0.0 , 0.0 , -1.0    ,46.3125 , 4.25 , 13.3125
426829  , 0.9847223 , -0.14027779 , 0.125    , 0.0 , 0.0 , -1.0    ,46.0625 , 4.0 , 13.3125
38323171  , 0.9805556 , -0.17916667 , 0.17638889    , 0.0 , 0.0 , -1.0    ,46.0625 , 4.0 , 13.3125
426829  , 0.9805556 , -0.17916667 , 0.17638889    , 0.0 , 0.0 , -1.0    ,46.5625 , 4.25 , 13.0625
39207317  , 0.9916667 , -0.15972222 , 0.19861111    , 0.0 , 0.0 , -1.0    ,46.5625 , 4.25 , 13.0625
426829  , 0.9916667 , -0.15972222 , 0.19861111    , 0.0 , 0.0 , -1.0    ,46.5625 , 4.5 , 13.0625
39054878  , 1.0083333 , -0.116666675 , 0.14861111    , 0.0 , 0.0 , -1.0    ,46.5625 , 4.5 , 13.0625
426829  , 1.0083333 , -0.116666675 , 0.14861111    , 0.0 , 0.0 , -1.0    ,46.5625 , 4.75 , 13.0625
39024390  , 1.0 , -0.14861111 , 0.19861111    , 0.0 , 0.0 , -1.0    ,46.5625 , 4.75 , 13.0625
426829  , 1.0 , -0.14861111 , 0.19861111    , 0.0 , 0.0 , -1.0    ,46.8125 , 4.25 , 11.875
39268293  , 0.98888886 , -0.16805556 , 0.24166667    , 0.0 , 0.0 , -1.0    ,46.8125 , 4.25 , 11.875
426829  , 0.98888886 , -0.16805556 , 0.24166667    , 0.0 , 0.0 , -1.0    ,46.5625 , 4.0 , 11.875
38353658  , 1.0083333 , -0.14861111 , 0.22222224    , 0.0 , 0.0 , -1.0    ,46.5625 , 4.0 , 11.875
243903  , 1.0083333 , -0.14861111 , 0.22222224    , 0.0 , 0.0 , -1.0    ,46.8125 , 4.0 , 11.875
39878049  , 1.0083333 , -0.14861111 , 0.19861111    , 0.0 , 0.0 , -1.0    ,46.8125 , 4.0 , 11.875
274390  , 1.0083333 , -0.14861111 , 0.19861111    , 0.0 , 0.0 , -1.0    ,47.0625 , 3.5625 , 11.375
39542683  , 1.0083333 , -0.125 , 0.17916667    , 0.0 , 0.0 , -1.0    ,47.0625 , 3.5625 , 11.375
426830  , 1.0083333 , -0.125 , 0.17916667    , 0.0 , 0.0 , -1.0    ,47.3125 , 3.75 , 11.875
39329269  , 1.0152779 , -0.14444445 , 0.17222223    , 0.0 , 0.0 , -1.0    ,47.3125 , 3.75 , 11.875
426829  , 1.0152779 , -0.14444445 , 0.17222223    , 0.0 , 0.0 , -1.0    ,47.3125 , 3.3125 , 11.625
38963414  , 0.9916667 , -0.14027779 , 0.19166668    , 0.0 , 0.0 , -1.0    ,47.3125 , 3.3125 , 11.625
426830  , 0.9916667 , -0.14027779 , 0.19166668    , 0.0 , 0.0 , -1.0    ,47.3125 , 3.0625 , 11.625
39939025  , 0.99583334 , -0.15972222 , 0.1875    , 0.0 , 0.0 , -1.0    ,47.3125 , 3.0625 , 11.625
396341  , 0.99583334 , -0.15972222 , 0.1875    , 0.0 , 0.0 , -1.0    ,47.0625 , 3.3125 , 12.125
38384146  , 0.9847223 , -0.19583334 , 0.15972222    , 0.0 , 0.0 , -1.0    ,47.0625 , 3.3125 , 12.125
426830  , 0.9847223 , -0.19583334 , 0.15972222    , 0.0 , 0.0 , -1.0    ,46.5625 , 3.0625 , 12.5625
38292683  , 0.97638893 , -0.17638889 , 0.18333334    , 0.0 , 0.0 , -1.0    ,46.5625 , 3.0625 , 12.5625
243903  , 0.97638893 , -0.17638889 , 0.18333334    , 0.0 , 0.0 , -1.0    ,46.8125 , 3.0625 , 12.5625
40060976  , 0.9805556 , -0.16805556 , 0.16805556    , 0.0 , 0.0 , -1.0    ,46.8125 , 3.0625 , 12.5625
304878  , 0.9805556 , -0.16805556 , 0.16805556    , 0.0 , 0.0 , -1.0    ,46.5625 , 3.3125 , 12.375
39268293  , 0.9916667 , -0.15972222 , 0.17638889    , 0.0 , 0.0 , -1.0    ,46.5625 , 3.3125 , 12.375
335365  , 0.9916667 , -0.15972222 , 0.17638889    , 0.0 , 0.0 , -1.0    ,46.3125 , 3.3125 , 12.125
39542683  , 0.98888886 , -0.16388889 , 0.17638889    , 0.0 , 0.0 , -1.0    ,46.3125 , 3.3125 , 12.125
426829  , 0.98888886 , -0.16388889 , 0.17638889    , 0.0 , 0.0 , -1.0    ,46.8125 , 3.3125 , 11.875
39573170  , 1.0083333 , -0.17638889 , 0.1875    , 0.0 , 0.0 , -1.0    ,46.8125 , 3.3125 , 11.875
457317  , 1.0083333 , -0.17638889 , 0.1875    , 0.0 , 0.0 , -1.0    ,46.8125 , 3.5625 , 12.125
38658537  , 1.0041667 , -0.16805556 , 0.19861111    , 0.0 , 0.0 , -1.0    ,46.8125 , 3.5625 , 12.125
365854  , 1.0041667 , -0.16805556 , 0.19861111    , 0.0 , 0.0 , -1.0    ,46.8125 , 3.0625 , 12.375
38353659  , 1.0 , -0.19861111 , 0.20694445    , 0.0 , 0.0 , -1.0    ,46.8125 , 3.0625 , 12.375
213415  , 1.0 , -0.19861111 , 0.20694445    , 0.0 , 0.0 , -1.0    ,47.3125 , 2.8125 , 12.5625
39878049  , 0.99583334 , -0.17222223 , 0.20277779    , 0.0 , 0.0 , -1.0    ,47.3125 , 2.8125 , 12.5625
213414  , 0.99583334 , -0.17222223 , 0.20277779    , 0.0 , 0.0 , -1.0    ,47.3125 , 2.5625 , 12.125
39603658  , 1.0041667 , -0.17222223 , 0.21527778    , 0.0 , 0.0 , -1.0    ,47.3125 , 2.5625 , 12.125
243902  , 1.0041667 , -0.17222223 , 0.21527778    , 0.0 , 0.0 , -1.0    ,47.3125 , 2.5625 , 11.875
39817073  , 0.9916667 , -0.17916667 , 0.23888889    , 0.0 , 0.0 , -1.0    ,47.3125 , 2.5625 , 11.875
457317  , 0.9916667 , -0.17916667 , 0.23888889    , 0.0 , 0.0 , -1.0    ,47.8125 , 2.3125 , 11.625
39268293  , 1.0041667 , -0.18333334 , 0.20694445    , 0.0 , 0.0 , -1.0    ,47.8125 , 2.3125 , 11.625
548780  , 1.0041667 , -0.18333334 , 0.20694445    , 0.0 , 0.0 , -1.0    ,47.8125 , 2.3125 , 11.375
39024390  , 0.99583334 , -0.20694445 , 0.17916667    , 0.0 , 0.0 , -1.0    ,47.8125 , 2.3125 , 11.375
640244  , 0.99583334 , -0.20694445 , 0.17916667    , 0.0 , 0.0 , -1.0    ,47.5625 , 2.3125 , 11.625
39390244  , 1.0 , -0.19166668 , 0.19583334    , 0.0 , 0.0 , -1.0    ,47.5625 , 2.3125 , 11.625
39176830  , 0.98888886 , -0.17916667 , 0.20277779    , 0.0 , 0.0 , -1.0    ,47.5625 , 2.3125 , 11.625
365854  , 0.98888886 , -0.17916667 , 0.20277779    , 0.0 , 0.0 , -1.0    ,47.3125 , 2.3125 , 11.375
40365854  , 0.9916667 , -0.19166668 , 0.20694445    , 0.0 , 0.0 , -1.0    ,47.3125 , 2.3125 , 11.375
457317  , 0.9916667 , -0.19166668 , 0.20694445    , 0.0 , 0.0 , -1.0    ,46.8125 , 2.0625 , 11.875
38567073  , 0.9916667 , -0.22638889 , 0.19861111    , 0.0 , 0.0 , -1.0    ,46.8125 , 2.0625 , 11.875
426830  , 0.9916667 , -0.22638889 , 0.19861111    , 0.0 , 0.0 , -1.0    ,47.0625 , 2.5625 , 12.125
37195122  , 0.9916667 , -0.18333334 , 0.19166668    , 0.0 , 0.0 , -1.0    ,47.0625 , 2.5625 , 12.125
213415  , 0.9916667 , -0.18333334 , 0.19166668    , 0.0 , 0.0 , -1.0    ,46.5625 , 2.0625 , 12.375
39939025  , 0.99583334 , -0.18333334 , 0.19166668    , 0.0 , 0.0 , -1.0    ,46.5625 , 2.0625 , 12.375
243902  , 0.99583334 , -0.18333334 , 0.19166668    , 0.0 , 0.0 , -1.0    ,46.5625 , 2.3125 , 12.8125
40091464  , 0.9680556 , -0.21111113 , 0.20277779    , 0.0 , 0.0 , -1.0    ,46.5625 , 2.3125 , 12.8125
1006098  , 0.9680556 , -0.21111113 , 0.20277779    , 0.0 , 0.0 , -1.0    ,46.8125 , 2.5625 , 12.375
38109757  , 0.9847223 , -0.23055556 , 0.19861111    , 0.0 , 0.0 , -1.0    ,46.8125 , 2.5625 , 12.375
914634  , 0.9847223 , -0.23055556 , 0.19861111    , 0.0 , 0.0 , -1.0    ,46.5625 , 2.3125 , 12.125
38902439  , 0.98888886 , -0.21111113 , 0.23888889    , 0.0 , 0.0 , -1.0    ,46.5625 , 2.3125 , 12.125
396342  , 0.98888886 , -0.21111113 , 0.23888889    , 0.0 , 0.0 , -1.0    ,47.0625 , 2.3125 , 11.875
