time, x, y, z, orX, orY, orZ, orRowX, orRowY, orRowZ
88140244  , 1.0111111 , -0.043055557 , 0.11388889    , 0.0 , 0.0 , -1.0    ,43.75 , 18.125 , 3.3125
457317  , 1.0111111 , -0.043055557 , 0.11388889    , 0.0 , 0.0 , -1.0    ,43.75 , 18.625 , 3.3125
31768293  , 1.0236112 , -0.043055557 , 0.125    , 0.0 , 0.0 , -1.0    ,43.75 , 18.625 , 3.3125
213415  , 1.0236112 , -0.043055557 , 0.125    , 0.0 , 0.0 , -1.0    ,44.0625 , 18.625 , 3.3125
27195122  , 1.0277778 , -0.031944446 , 0.116666675    , 0.0 , 0.0 , -1.0    ,44.0625 , 18.625 , 3.3125
23597561  , 1.0194445 , -0.015277779 , 0.13611111    , 0.0 , 0.0 , -1.0    ,44.0625 , 18.625 , 3.3125
243903  , 1.0194445 , -0.015277779 , 0.13611111    , 0.0 , 0.0 , -1.0    ,44.0625 , 18.375 , 2.8125
44786586  , 0.99583334 , 0.02777778 , 0.15694445    , 0.0 , 0.0 , -1.0    ,44.0625 , 18.375 , 2.8125
243902  , 0.99583334 , 0.02777778 , 0.15694445    , 0.0 , 0.0 , -1.0    ,44.3125 , 18.125 , 2.8125
28170732  , 1.0152779 , -0.02777778 , 0.07361111    , 0.0 , 0.0 , -1.0    ,44.3125 , 18.125 , 2.8125
213414  , 1.0152779 , -0.02777778 , 0.07361111    , 0.0 , 0.0 , -1.0    ,43.75 , 17.875 , 2.8125
43445122  , 1.0236112 , -0.05138889 , 0.08611111    , 0.0 , 0.0 , -1.0    ,43.75 , 17.875 , 2.8125
182927  , 1.0236112 , -0.05138889 , 0.08611111    , 0.0 , 0.0 , -1.0    ,43.0 , 17.4375 , 3.0625
30609756  , 1.0236112 , -0.011111111 , 0.12083334    , 0.0 , 0.0 , -1.0    ,43.0 , 17.4375 , 3.0625
182927  , 1.0236112 , -0.011111111 , 0.12083334    , 0.0 , 0.0 , -1.0    ,43.5 , 17.1875 , 3.0625
30426829  , 1.0472223 , -0.023611112 , 0.13611111    , 0.0 , 0.0 , -1.0    ,43.5 , 17.1875 , 3.0625
335365  , 1.0472223 , -0.023611112 , 0.13611111    , 0.0 , 0.0 , -1.0    ,43.5 , 17.1875 , 2.8125
43140244  , 1.0583334 , -0.031944446 , 0.07777778    , 0.0 , 0.0 , -1.0    ,43.5 , 17.1875 , 2.8125
8353658  , 1.0583334 , -0.031944446 , 0.07777778    , 0.0 , 0.0 , -1.0    ,43.75 , 16.6875 , 2.5625
21036586  , 1.0277778 , 0.011111111 , 0.054166667    , 0.0 , 0.0 , -1.0    ,43.75 , 16.6875 , 2.5625
182927  , 1.0277778 , 0.011111111 , 0.054166667    , 0.0 , 0.0 , -1.0    ,44.0625 , 16.9375 , 2.5625
39542683  , 1.0347222 , 0.02777778 , 0.06666667    , 0.0 , 0.0 , -1.0    ,44.0625 , 16.9375 , 2.5625
243903  , 1.0347222 , 0.02777778 , 0.06666667    , 0.0 , 0.0 , -1.0    ,43.5 , 17.4375 , 3.3125
29024390  , 1.0708334 , -0.02777778 , 0.043055557    , 0.0 , 0.0 , -1.0    ,43.5 , 17.4375 , 3.3125
182927  , 1.0708334 , -0.02777778 , 0.043055557    , 0.0 , 0.0 , -1.0    ,43.25 , 17.6875 , 4.0625
38140244  , 1.0972222 , -0.07777778 , 0.054166667    , 0.0 , 0.0 , -1.0    ,43.25 , 17.6875 , 4.0625
213415  , 1.0972222 , -0.07777778 , 0.054166667    , 0.0 , 0.0 , -1.0    ,43.0 , 17.875 , 4.25
26920732  , 1.1055555 , -0.14027779 , 0.11388889    , 0.0 , 0.0 , -1.0    ,43.0 , 17.875 , 4.25
182927  , 1.1055555 , -0.14027779 , 0.11388889    , 0.0 , 0.0 , -1.0    ,43.0 , 18.125 , 4.5
35030488  , 1.0861111 , -0.17222223 , 0.09027778    , 0.0 , 0.0 , -1.0    ,43.0 , 18.125 , 4.5
243903  , 1.0861111 , -0.17222223 , 0.09027778    , 0.0 , 0.0 , -1.0    ,42.75 , 18.375 , 4.5
36158536  , 1.0583334 , -0.16805556 , 0.058333337    , 0.0 , 0.0 , -1.0    ,42.75 , 18.375 , 4.5
213414  , 1.0583334 , -0.16805556 , 0.058333337    , 0.0 , 0.0 , -1.0    ,42.75 , 18.625 , 4.5
27256097  , 1.0083333 , -0.12916666 , 0.09027778    , 0.0 , 0.0 , -1.0    ,42.75 , 18.625 , 4.5
304878  , 1.0083333 , -0.12916666 , 0.09027778    , 0.0 , 0.0 , -1.0    ,42.75 , 19.625 , 5.25
58445122  , 0.97222227 , -0.08611111 , 0.07083333    , 0.0 , 0.0 , -1.0    ,42.75 , 19.625 , 5.25
213415  , 0.97222227 , -0.08611111 , 0.07083333    , 0.0 , 0.0 , -1.0    ,42.5 , 20.625 , 5.25
35396341  , 0.92916673 , -0.03888889 , 0.06666667    , 0.0 , 0.0 , -1.0    ,42.5 , 20.625 , 5.25
304879  , 0.92916673 , -0.03888889 , 0.06666667    , 0.0 , 0.0 , -1.0    ,41.5 , 21.875 , 5.25
35884146  , 0.83194447 , 0.030555557 , 0.011111111    , 0.0 , 0.0 , -1.0    ,41.5 , 21.875 , 5.25
274391  , 0.83194447 , 0.030555557 , 0.011111111    , 0.0 , 0.0 , -1.0    ,40.25 , 23.625 , 5.25
27987805  , 0.7972222 , 0.058333337 , -0.004166667    , 0.0 , 0.0 , -1.0    ,40.25 , 23.625 , 5.25
243903  , 0.7972222 , 0.058333337 , -0.004166667    , 0.0 , 0.0 , -1.0    ,38.9375 , 25.5625 , 5.25
19329268  , 0.78055555 , 0.08611111 , 0.043055557    , 0.0 , 0.0 , -1.0    ,38.9375 , 25.5625 , 5.25
182927  , 0.78055555 , 0.08611111 , 0.043055557    , 0.0 , 0.0 , -1.0    ,36.9375 , 27.8125 , 5.25
48048781  , 0.7583333 , 0.11388889 , 0.043055557    , 0.0 , 0.0 , -1.0    ,36.9375 , 27.8125 , 5.25
213415  , 0.7583333 , 0.11388889 , 0.043055557    , 0.0 , 0.0 , -1.0    ,35.6875 , 30.0625 , 5.25
25640244  , 0.7416667 , 0.20277779 , 0.043055557    , 0.0 , 0.0 , -1.0    ,35.6875 , 30.0625 , 5.25
213415  , 0.7416667 , 0.20277779 , 0.043055557    , 0.0 , 0.0 , -1.0    ,34.125 , 32.0625 , 5.5
20914634  , 0.7263889 , 0.32083333 , 0.094444446    , 0.0 , 0.0 , -1.0    ,34.125 , 32.0625 , 5.5
274390  , 0.7263889 , 0.32083333 , 0.094444446    , 0.0 , 0.0 , -1.0    ,32.375 , 33.5 , 5.0
23109756  , 0.7180556 , 0.44583336 , 0.17222223    , 0.0 , 0.0 , -1.0    ,32.375 , 33.5 , 5.0
213414  , 0.7180556 , 0.44583336 , 0.17222223    , 0.0 , 0.0 , -1.0    ,30.5625 , 35.0 , 4.5
44664634  , 0.72222227 , 0.53888893 , 0.2611111    , 0.0 , 0.0 , -1.0    ,30.5625 , 35.0 , 4.5
213415  , 0.72222227 , 0.53888893 , 0.2611111    , 0.0 , 0.0 , -1.0    ,28.8125 , 36.25 , 4.0625
25975609  , 0.7416667 , 0.60138893 , 0.25833333    , 0.0 , 0.0 , -1.0    ,28.8125 , 36.25 , 4.0625
182927  , 0.7416667 , 0.60138893 , 0.25833333    , 0.0 , 0.0 , -1.0    ,27.0 , 37.5 , 3.0625
21402439  , 0.76111114 , 0.6638889 , 0.19583334    , 0.0 , 0.0 , -1.0    ,27.0 , 37.5 , 3.0625
243903  , 0.76111114 , 0.6638889 , 0.19583334    , 0.0 , 0.0 , -1.0    ,25.0 , 38.75 , 2.5625
24634147  , 0.78055555 , 0.7152778 , 0.21944445    , 0.0 , 0.0 , -1.0    ,25.0 , 38.75 , 2.5625
213415  , 0.78055555 , 0.7152778 , 0.21944445    , 0.0 , 0.0 , -1.0    ,24.25 , 39.6875 , 1.8125
29451220  , 0.78888893 , 0.7152778 , 0.22222224    , 0.0 , 0.0 , -1.0    ,24.25 , 39.6875 , 1.8125
182927  , 0.78888893 , 0.7152778 , 0.22222224    , 0.0 , 0.0 , -1.0    ,23.0 , 40.4375 , 1.375
29451219  , 0.81250006 , 0.7027778 , 0.105555564    , 0.0 , 0.0 , -1.0    ,23.0 , 40.4375 , 1.375
243903  , 0.81250006 , 0.7027778 , 0.105555564    , 0.0 , 0.0 , -1.0    ,22.6875 , 41.1875 , 1.125
40518293  , 0.84722227 , 0.6763889 , 0.11388889    , 0.0 , 0.0 , -1.0    ,22.6875 , 41.1875 , 1.125
426830  , 0.84722227 , 0.6763889 , 0.11388889    , 0.0 , 0.0 , -1.0    ,22.6875 , 41.6875 , 0.625
37896342  , 0.8513889 , 0.69166666 , 0.07777778    , 0.0 , 0.0 , -1.0    ,22.6875 , 41.6875 , 0.625
426830  , 0.8513889 , 0.69166666 , 0.07777778    , 0.0 , 0.0 , -1.0    ,22.4375 , 41.6875 , -0.125
40121951  , 0.9097222 , 0.65555555 , 0.07361111    , 0.0 , 0.0 , -1.0    ,22.4375 , 41.6875 , -0.125
457317  , 0.9097222 , 0.65555555 , 0.07361111    , 0.0 , 0.0 , -1.0    ,23.75 , 41.1875 , -1.125
37560976  , 0.9180556 , 0.48472223 , 0.19166668    , 0.0 , 0.0 , -1.0    ,23.75 , 41.1875 , -1.125
396341  , 0.9180556 , 0.48472223 , 0.19166668    , 0.0 , 0.0 , -1.0    ,25.5 , 39.9375 , -2.0625
39359756  , 0.9805556 , 0.21527778 , 0.19583334    , 0.0 , 0.0 , -1.0    ,25.5 , 39.9375 , -2.0625
396342  , 0.9805556 , 0.21527778 , 0.19583334    , 0.0 , 0.0 , -1.0    ,28.3125 , 37.5 , -3.3125
39146342  , 1.0152779 , 0.09027778 , 0.2736111    , 0.0 , 0.0 , -1.0    ,28.3125 , 37.5 , -3.3125
426829  , 1.0152779 , 0.09027778 , 0.2736111    , 0.0 , 0.0 , -1.0    ,31.375 , 34.5 , -4.25
38689024  , 1.0152779 , 0.034722224 , 0.2777778    , 0.0 , 0.0 , -1.0    ,31.375 , 34.5 , -4.25
426830  , 1.0152779 , 0.034722224 , 0.2777778    , 0.0 , 0.0 , -1.0    ,34.875 , 31.0625 , -5.0
42926829  , 1.0541667 , -0.08611111 , 0.24166667    , 0.0 , 0.0 , -1.0    ,34.875 , 31.0625 , -5.0
426829  , 1.0541667 , -0.08611111 , 0.24166667    , 0.0 , 0.0 , -1.0    ,37.4375 , 27.0625 , -6.5
35457317  , 1.125 , -0.20694445 , 0.2736111    , 0.0 , 0.0 , -1.0    ,37.4375 , 27.0625 , -6.5
213415  , 1.125 , -0.20694445 , 0.2736111    , 0.0 , 0.0 , -1.0    ,39.1875 , 23.375 , -7.4375
42408537  , 1.1597223 , -0.25416666 , 0.28194445    , 0.0 , 0.0 , -1.0    ,39.1875 , 23.375 , -7.4375
213414  , 1.1597223 , -0.25416666 , 0.28194445    , 0.0 , 0.0 , -1.0    ,41.25 , 19.625 , -8.6875
36554878  , 1.1722223 , -0.21111113 , 0.2736111    , 0.0 , 0.0 , -1.0    ,41.25 , 19.625 , -8.6875
274390  , 1.1722223 , -0.21111113 , 0.2736111    , 0.0 , 0.0 , -1.0    ,42.25 , 15.9375 , -9.875
39939025  , 1.1013889 , -0.21111113 , 0.16805556    , 0.0 , 0.0 , -1.0    ,42.25 , 15.9375 , -9.875
396342  , 1.1013889 , -0.21111113 , 0.16805556    , 0.0 , 0.0 , -1.0    ,43.25 , 12.6875 , -10.375
38963414  , 1.0819445 , -0.29305556 , 0.20694445    , 0.0 , 0.0 , -1.0    ,43.25 , 12.6875 , -10.375
426829  , 1.0819445 , -0.29305556 , 0.20694445    , 0.0 , 0.0 , -1.0    ,44.5625 , 9.25 , -10.625
38841464  , 1.0277778 , -0.42222226 , 0.30833334    , 0.0 , 0.0 , -1.0    ,44.5625 , 9.25 , -10.625
396341  , 1.0277778 , -0.42222226 , 0.30833334    , 0.0 , 0.0 , -1.0    ,45.0625 , 5.25 , -10.625
39024390  , 1.0111111 , -0.53194445 , 0.23055556    , 0.0 , 0.0 , -1.0    ,45.0625 , 5.25 , -10.625
426829  , 1.0111111 , -0.53194445 , 0.23055556    , 0.0 , 0.0 , -1.0    ,45.0625 , 2.0625 , -10.625
39237805  , 0.9680556 , -0.46944448 , 0.19583334    , 0.0 , 0.0 , -1.0    ,45.0625 , 2.0625 , -10.625
426830  , 0.9680556 , -0.46944448 , 0.19583334    , 0.0 , 0.0 , -1.0    ,44.8125 , -0.9375 , -10.625
38993903  , 0.9486111 , -0.48472223 , 0.21111113    , 0.0 , 0.0 , -1.0    ,44.8125 , -0.9375 , -10.625
426829  , 0.9486111 , -0.48472223 , 0.21111113    , 0.0 , 0.0 , -1.0    ,44.5625 , -3.1875 , -11.125
39115854  , 0.9652778 , -0.48055556 , 0.15694445    , 0.0 , 0.0 , -1.0    ,44.5625 , -3.1875 , -11.125
426829  , 0.9652778 , -0.48055556 , 0.15694445    , 0.0 , 0.0 , -1.0    ,44.0625 , -4.375 , -10.625
39237805  , 0.9611111 , -0.46944448 , 0.17222223    , 0.0 , 0.0 , -1.0    ,44.0625 , -4.375 , -10.625
426829  , 0.9611111 , -0.46944448 , 0.17222223    , 0.0 , 0.0 , -1.0    ,44.0625 , -5.875 , -10.625
38963415  , 0.92222226 , -0.48472223 , 0.16388889    , 0.0 , 0.0 , -1.0    ,44.0625 , -5.875 , -10.625
396341  , 0.92222226 , -0.48472223 , 0.16388889    , 0.0 , 0.0 , -1.0    ,44.3125 , -7.375 , -10.125
39451219  , 0.89027786 , -0.5472222 , 0.07361111    , 0.0 , 0.0 , -1.0    ,44.3125 , -7.375 , -10.125
426829  , 0.89027786 , -0.5472222 , 0.07361111    , 0.0 , 0.0 , -1.0    ,43.75 , -8.375 , -8.9375
53414634  , 0.89027786 , -0.6527778 , 0.02777778    , 0.0 , 0.0 , -1.0    ,43.75 , -8.375 , -8.9375
182927  , 0.89027786 , -0.6527778 , 0.02777778    , 0.0 , 0.0 , -1.0    ,43.75 , -9.125 , -7.9375
45487805  , 0.86388886 , -0.80833334 , 0.023611112    , 0.0 , 0.0 , -1.0    ,43.75 , -9.125 , -7.9375
213415  , 0.86388886 , -0.80833334 , 0.023611112    , 0.0 , 0.0 , -1.0    ,44.0625 , -9.875 , -6.25
50701220  , 0.83194447 , -0.76944447 , 0.019444445    , 0.0 , 0.0 , -1.0    ,44.0625 , -9.875 , -6.25
243902  , 0.83194447 , -0.76944447 , 0.019444445    , 0.0 , 0.0 , -1.0    ,44.5625 , -9.375 , -5.0
38079269  , 0.79305553 , -0.6958334 , 0.011111111    , 0.0 , 0.0 , -1.0    ,44.5625 , -9.375 , -5.0
304878  , 0.79305553 , -0.6958334 , 0.011111111    , 0.0 , 0.0 , -1.0    ,45.3125 , -8.875 , -3.8125
28567073  , 0.7416667 , -0.57361114 , -0.047222223    , 0.0 , 0.0 , -1.0    ,45.3125 , -8.875 , -3.8125
182927  , 0.7416667 , -0.57361114 , -0.047222223    , 0.0 , 0.0 , -1.0    ,46.0625 , -7.375 , -2.8125
28841464  , 0.7180556 , -0.5083333 , -0.07777778    , 0.0 , 0.0 , -1.0    ,46.0625 , -7.375 , -2.8125
182927  , 0.7180556 , -0.5083333 , -0.07777778    , 0.0 , 0.0 , -1.0    ,46.5625 , -4.625 , -2.3125
32164634  , 0.76944447 , -0.42916667 , -0.004166667    , 0.0 , 0.0 , -1.0    ,46.5625 , -4.625 , -2.3125
213415  , 0.76944447 , -0.42916667 , -0.004166667    , 0.0 , 0.0 , -1.0    ,46.3125 , -2.4375 , -2.0625
33750000  , 0.7583333 , -0.32083333 , 0.043055557    , 0.0 , 0.0 , -1.0    ,46.3125 , -2.4375 , -2.0625
182927  , 0.7583333 , -0.32083333 , 0.043055557    , 0.0 , 0.0 , -1.0    ,46.3125 , 0.3125 , -2.0625
32317074  , 0.7416667 , -0.22222224 , -0.023611112    , 0.0 , 0.0 , -1.0    ,46.3125 , 0.3125 , -2.0625
182927  , 0.7416667 , -0.22222224 , -0.023611112    , 0.0 , 0.0 , -1.0    ,46.0625 , 3.0625 , -2.3125
23475609  , 0.7416667 , -0.12916666 , -0.0625    , 0.0 , 0.0 , -1.0    ,46.0625 , 3.0625 , -2.3125
243903  , 0.7416667 , -0.12916666 , -0.0625    , 0.0 , 0.0 , -1.0    ,45.5625 , 6.0 , -2.3125
36585366  , 0.78055555 , -0.101388894 , -0.03888889    , 0.0 , 0.0 , -1.0    ,45.5625 , 6.0 , -2.3125
213415  , 0.78055555 , -0.101388894 , -0.03888889    , 0.0 , 0.0 , -1.0    ,45.3125 , 8.75 , -1.5625
39542683  , 0.80833334 , -0.07083333 , -0.043055557    , 0.0 , 0.0 , -1.0    ,45.3125 , 8.75 , -1.5625
213415  , 0.80833334 , -0.07083333 , -0.043055557    , 0.0 , 0.0 , -1.0    ,45.0625 , 11.4375 , -1.5625
39542683  , 0.83194447 , -0.05138889 , -0.15277778    , 0.0 , 0.0 , -1.0    ,45.0625 , 11.4375 , -1.5625
243902  , 0.83194447 , -0.05138889 , -0.15277778    , 0.0 , 0.0 , -1.0    ,44.5625 , 14.1875 , -1.125
40640244  , 0.8791667 , -0.023611112 , -0.13333334    , 0.0 , 0.0 , -1.0    ,44.5625 , 14.1875 , -1.125
457317  , 0.8791667 , -0.023611112 , -0.13333334    , 0.0 , 0.0 , -1.0    ,43.75 , 16.4375 , -1.375
38780488  , 0.8430556 , 0.097222224 , -0.06666667    , 0.0 , 0.0 , -1.0    ,43.75 , 16.4375 , -1.375
426829  , 0.8430556 , 0.097222224 , -0.06666667    , 0.0 , 0.0 , -1.0    ,43.25 , 18.375 , -2.3125
38750000  , 0.81250006 , 0.3013889 , -0.097222224    , 0.0 , 0.0 , -1.0    ,43.25 , 18.375 , -2.3125
426829  , 0.81250006 , 0.3013889 , -0.097222224    , 0.0 , 0.0 , -1.0    ,42.25 , 20.875 , -2.8125
39115854  , 0.83194447 , 0.37083334 , -0.08611111    , 0.0 , 0.0 , -1.0    ,42.25 , 20.875 , -2.8125
426829  , 0.83194447 , 0.37083334 , -0.08611111    , 0.0 , 0.0 , -1.0    ,41.0 , 22.375 , -4.0625
39085366  , 0.87083334 , 0.3236111 , -0.015277779    , 0.0 , 0.0 , -1.0    ,41.0 , 22.375 , -4.0625
457317  , 0.87083334 , 0.3236111 , -0.015277779    , 0.0 , 0.0 , -1.0    ,40.0 , 23.625 , -4.75
39329268  , 0.8944445 , 0.29305556 , -0.05138889    , 0.0 , 0.0 , -1.0    ,40.0 , 23.625 , -4.75
426830  , 0.8944445 , 0.29305556 , -0.05138889    , 0.0 , 0.0 , -1.0    ,38.9375 , 25.0625 , -5.25
38841464  , 0.88611114 , 0.2847222 , -0.030555557    , 0.0 , 0.0 , -1.0    ,38.9375 , 25.0625 , -5.25
426829  , 0.88611114 , 0.2847222 , -0.030555557    , 0.0 , 0.0 , -1.0    ,38.4375 , 25.3125 , -5.5
39176829  , 0.89027786 , 0.28055558 , 0.019444445    , 0.0 , 0.0 , -1.0    ,38.4375 , 25.3125 , -5.5
426829  , 0.89027786 , 0.28055558 , 0.019444445    , 0.0 , 0.0 , -1.0    ,38.4375 , 25.8125 , -6.25
41097561  , 0.9027778 , 0.25416666 , 0.023611112    , 0.0 , 0.0 , -1.0    ,38.4375 , 25.8125 , -6.25
37957318  , 0.85555553 , 0.21805556 , -0.043055557    , 0.0 , 0.0 , -1.0    ,38.4375 , 25.8125 , -6.25
365854  , 0.85555553 , 0.21805556 , -0.043055557    , 0.0 , 0.0 , -1.0    ,38.4375 , 25.3125 , -6.5
39634146  , 0.81666666 , 0.25833333 , -0.17638889    , 0.0 , 0.0 , -1.0    ,38.4375 , 25.3125 , -6.5
426829  , 0.81666666 , 0.25833333 , -0.17638889    , 0.0 , 0.0 , -1.0    ,38.9375 , 24.875 , -6.9375
38445122  , 0.8597222 , 0.15555556 , -0.14444445    , 0.0 , 0.0 , -1.0    ,38.9375 , 24.875 , -6.9375
426829  , 0.8597222 , 0.15555556 , -0.14444445    , 0.0 , 0.0 , -1.0    ,39.1875 , 23.625 , -6.25
39054878  , 0.92222226 , 0.07083333 , -0.043055557    , 0.0 , 0.0 , -1.0    ,39.1875 , 23.625 , -6.25
426829  , 0.92222226 , 0.07083333 , -0.043055557    , 0.0 , 0.0 , -1.0    ,39.4375 , 22.125 , -6.75
39298780  , 0.9263889 , 0.058333337 , -0.09305556    , 0.0 , 0.0 , -1.0    ,39.4375 , 22.125 , -6.75
426829  , 0.9263889 , 0.058333337 , -0.09305556    , 0.0 , 0.0 , -1.0    ,40.25 , 21.125 , -6.9375
38810976  , 0.92916673 , 0.0625 , -0.105555564    , 0.0 , 0.0 , -1.0    ,40.25 , 21.125 , -6.9375
426829  , 0.92916673 , 0.0625 , -0.105555564    , 0.0 , 0.0 , -1.0    ,40.5 , 19.625 , -6.9375
39115854  , 1.0388889 , -0.14444445 , -0.07083333    , 0.0 , 0.0 , -1.0    ,40.5 , 19.625 , -6.9375
396341  , 1.0388889 , -0.14444445 , -0.07083333    , 0.0 , 0.0 , -1.0    ,41.25 , 18.375 , -7.9375
39390244  , 1.0930556 , -0.22222224 , 0.07083333    , 0.0 , 0.0 , -1.0    ,41.25 , 18.375 , -7.9375
396342  , 1.0930556 , -0.22222224 , 0.07083333    , 0.0 , 0.0 , -1.0    ,42.25 , 17.1875 , -8.6875
38810976  , 1.0708334 , -0.16388889 , 0.15277778    , 0.0 , 0.0 , -1.0    ,42.25 , 17.1875 , -8.6875
396341  , 1.0708334 , -0.16388889 , 0.15277778    , 0.0 , 0.0 , -1.0    ,42.5 , 15.1875 , -10.125
39420732  , 1.0708334 , -0.24583335 , 0.14027779    , 0.0 , 0.0 , -1.0    ,42.5 , 15.1875 , -10.125
396342  , 1.0708334 , -0.24583335 , 0.14027779    , 0.0 , 0.0 , -1.0    ,43.0 , 13.1875 , -12.5625
38902439  , 1.1013889 , -0.32777777 , 0.14027779    , 0.0 , 0.0 , -1.0    ,43.0 , 13.1875 , -12.5625
487805  , 1.1013889 , -0.32777777 , 0.14027779    , 0.0 , 0.0 , -1.0    ,43.0 , 10.9375 , -14.0625
38719512  , 1.0902778 , -0.32083333 , 0.26944447    , 0.0 , 0.0 , -1.0    ,43.0 , 10.9375 , -14.0625
213415  , 1.0902778 , -0.32083333 , 0.26944447    , 0.0 , 0.0 , -1.0    ,43.0 , 9.0 , -15.5
39603659  , 1.0736111 , -0.3638889 , 0.22638889    , 0.0 , 0.0 , -1.0    ,43.0 , 9.0 , -15.5
213415  , 1.0736111 , -0.3638889 , 0.22638889    , 0.0 , 0.0 , -1.0    ,43.0 , 7.0 , -16.75
29268293  , 1.0472223 , -0.31666666 , 0.15972222    , 0.0 , 0.0 , -1.0    ,43.0 , 7.0 , -16.75
213414  , 1.0472223 , -0.31666666 , 0.15972222    , 0.0 , 0.0 , -1.0    ,42.75 , 5.25 , -17.75
39481707  , 1.0388889 , -0.32777777 , 0.1875    , 0.0 , 0.0 , -1.0    ,42.75 , 5.25 , -17.75
213415  , 1.0388889 , -0.32777777 , 0.1875    , 0.0 , 0.0 , -1.0    ,42.5 , 3.5625 , -18.6875
39878049  , 1.0430555 , -0.41805556 , 0.24583335    , 0.0 , 0.0 , -1.0    ,42.5 , 3.5625 , -18.6875
365854  , 1.0430555 , -0.41805556 , 0.24583335    , 0.0 , 0.0 , -1.0    ,41.75 , 1.3125 , -19.6875
39237805  , 1.0305556 , -0.4416667 , 0.24583335    , 0.0 , 0.0 , -1.0    ,41.75 , 1.3125 , -19.6875
426829  , 1.0305556 , -0.4416667 , 0.24583335    , 0.0 , 0.0 , -1.0    ,41.25 , -0.6875 , -20.6875
39176829  , 1.0152779 , -0.4652778 , 0.19861111    , 0.0 , 0.0 , -1.0    ,41.25 , -0.6875 , -20.6875
426830  , 1.0152779 , -0.4652778 , 0.19861111    , 0.0 , 0.0 , -1.0    ,40.75 , -2.4375 , -20.875
39085366  , 1.0277778 , -0.53472227 , 0.18333334    , 0.0 , 0.0 , -1.0    ,40.75 , -2.4375 , -20.875
426829  , 1.0277778 , -0.53472227 , 0.18333334    , 0.0 , 0.0 , -1.0    ,40.25 , -4.875 , -21.125
39329269  , 1.0194445 , -0.57361114 , 0.20277779    , 0.0 , 0.0 , -1.0    ,40.25 , -4.875 , -21.125
426829  , 1.0194445 , -0.57361114 , 0.20277779    , 0.0 , 0.0 , -1.0    ,39.75 , -6.875 , -21.625
38841464  , 1.0194445 , -0.5972222 , 0.14861111    , 0.0 , 0.0 , -1.0    ,39.75 , -6.875 , -21.625
426829  , 1.0194445 , -0.5972222 , 0.14861111    , 0.0 , 0.0 , -1.0    ,39.75 , -8.625 , -21.125
39359756  , 1.0 , -0.53888893 , 0.116666675    , 0.0 , 0.0 , -1.0    ,39.75 , -8.625 , -21.125
426829  , 1.0 , -0.53888893 , 0.116666675    , 0.0 , 0.0 , -1.0    ,39.1875 , -10.8125 , -20.875
38841463  , 0.9486111 , -0.50416666 , 0.12916666    , 0.0 , 0.0 , -1.0    ,39.1875 , -10.8125 , -20.875
426829  , 0.9486111 , -0.50416666 , 0.12916666    , 0.0 , 0.0 , -1.0    ,38.4375 , -11.5625 , -20.875
39451219  , 0.89861107 , -0.53472227 , 0.105555564    , 0.0 , 0.0 , -1.0    ,38.4375 , -11.5625 , -20.875
426830  , 0.89861107 , -0.53472227 , 0.105555564    , 0.0 , 0.0 , -1.0    ,38.1875 , -12.5625 , -20.4375
38780488  , 0.87083334 , -0.6097222 , 0.06666667    , 0.0 , 0.0 , -1.0    ,38.1875 , -12.5625 , -20.4375
396342  , 0.87083334 , -0.6097222 , 0.06666667    , 0.0 , 0.0 , -1.0    ,37.4375 , -14.3125 , -20.1875
39329269  , 0.8430556 , -0.68333334 , 0.14444445    , 0.0 , 0.0 , -1.0    ,37.4375 , -14.3125 , -20.1875
426829  , 0.8430556 , -0.68333334 , 0.14444445    , 0.0 , 0.0 , -1.0    ,36.9375 , -15.8125 , -20.4375
39024390  , 0.82361114 , -0.7111111 , 0.16388889    , 0.0 , 0.0 , -1.0    ,36.9375 , -15.8125 , -20.4375
426829  , 0.82361114 , -0.7111111 , 0.16388889    , 0.0 , 0.0 , -1.0    ,36.6875 , -17.8125 , -20.4375
38963414  , 0.79305553 , -0.69861114 , 0.15277778    , 0.0 , 0.0 , -1.0    ,36.6875 , -17.8125 , -20.4375
426830  , 0.79305553 , -0.69861114 , 0.15277778    , 0.0 , 0.0 , -1.0    ,35.9375 , -20.0 , -20.1875
39085366  , 0.8013889 , -0.78472227 , 0.15694445    , 0.0 , 0.0 , -1.0    ,35.9375 , -20.0 , -20.1875
426829  , 0.8013889 , -0.78472227 , 0.15694445    , 0.0 , 0.0 , -1.0    ,34.625 , -21.5 , -20.4375
39085366  , 0.79305553 , -0.8208333 , 0.19583334    , 0.0 , 0.0 , -1.0    ,34.625 , -21.5 , -20.4375
426829  , 0.79305553 , -0.8208333 , 0.19583334    , 0.0 , 0.0 , -1.0    ,33.875 , -22.75 , -20.4375
39115854  , 0.78055555 , -0.7652778 , 0.15972222    , 0.0 , 0.0 , -1.0    ,33.875 , -22.75 , -20.4375
426829  , 0.78055555 , -0.7652778 , 0.15972222    , 0.0 , 0.0 , -1.0    ,33.375 , -24.0 , -20.6875
39268293  , 0.7416667 , -0.69166666 , 0.18333334    , 0.0 , 0.0 , -1.0    ,33.375 , -24.0 , -20.6875
426830  , 0.7416667 , -0.69166666 , 0.18333334    , 0.0 , 0.0 , -1.0    ,33.375 , -24.5 , -20.875
42987805  , 0.78888893 , -0.6763889 , 0.10972223    , 0.0 , 0.0 , -1.0    ,33.375 , -24.5 , -20.875
426830  , 0.78888893 , -0.6763889 , 0.10972223    , 0.0 , 0.0 , -1.0    ,33.875 , -24.0 , -21.125
35091464  , 0.7736111 , -0.61388886 , 0.17638889    , 0.0 , 0.0 , -1.0    ,33.875 , -24.0 , -21.125
396342  , 0.7736111 , -0.61388886 , 0.17638889    , 0.0 , 0.0 , -1.0    ,34.625 , -23.75 , -20.875
38201220  , 0.79305553 , -0.51111114 , 0.23472224    , 0.0 , 0.0 , -1.0    ,34.625 , -23.75 , -20.875
243903  , 0.79305553 , -0.51111114 , 0.23472224    , 0.0 , 0.0 , -1.0    ,35.6875 , -22.25 , -20.1875
29939024  , 0.80833334 , -0.39444447 , 0.16805556    , 0.0 , 0.0 , -1.0    ,35.6875 , -22.25 , -20.1875
213415  , 0.80833334 , -0.39444447 , 0.16805556    , 0.0 , 0.0 , -1.0    ,36.9375 , -20.0 , -19.9375
40274390  , 0.7777778 , -0.29305556 , 0.07083333    , 0.0 , 0.0 , -1.0    ,36.9375 , -20.0 , -19.9375
213415  , 0.7777778 , -0.29305556 , 0.07083333    , 0.0 , 0.0 , -1.0    ,38.1875 , -18.0 , -18.6875
39451220  , 0.79305553 , -0.28194445 , -0.030555557    , 0.0 , 0.0 , -1.0    ,38.1875 , -18.0 , -18.6875
365854  , 0.79305553 , -0.28194445 , -0.030555557    , 0.0 , 0.0 , -1.0    ,39.4375 , -15.0625 , -17.25
39298780  , 0.82361114 , -0.2888889 , -0.0    , 0.0 , 0.0 , -1.0    ,39.4375 , -15.0625 , -17.25
426830  , 0.82361114 , -0.2888889 , -0.0    , 0.0 , 0.0 , -1.0    ,40.75 , -13.0625 , -16.5
38780488  , 0.80833334 , -0.26527777 , 0.07083333    , 0.0 , 0.0 , -1.0    ,40.75 , -13.0625 , -16.5
426830  , 0.80833334 , -0.26527777 , 0.07083333    , 0.0 , 0.0 , -1.0    ,41.75 , -11.0625 , -15.0625
39054878  , 0.8013889 , -0.22222224 , -0.011111111    , 0.0 , 0.0 , -1.0    ,41.75 , -11.0625 , -15.0625
426830  , 0.8013889 , -0.22222224 , -0.011111111    , 0.0 , 0.0 , -1.0    ,42.75 , -9.125 , -14.0625
39085366  , 0.78472227 , -0.08611111 , -0.15555556    , 0.0 , 0.0 , -1.0    ,42.75 , -9.125 , -14.0625
426829  , 0.78472227 , -0.08611111 , -0.15555556    , 0.0 , 0.0 , -1.0    ,43.25 , -6.875 , -13.5625
39298781  , 0.78888893 , 0.034722224 , -0.02777778    , 0.0 , 0.0 , -1.0    ,43.25 , -6.875 , -13.5625
426829  , 0.78888893 , 0.034722224 , -0.02777778    , 0.0 , 0.0 , -1.0    ,43.75 , -4.125 , -13.0625
38841463  , 0.83194447 , 0.008333334 , -0.03888889    , 0.0 , 0.0 , -1.0    ,43.75 , -4.125 , -13.0625
426830  , 0.83194447 , 0.008333334 , -0.03888889    , 0.0 , 0.0 , -1.0    ,43.5 , -1.1875 , -12.8125
39024391  , 0.8208333 , 0.008333334 , -0.047222223    , 0.0 , 0.0 , -1.0    ,43.5 , -1.1875 , -12.8125
426829  , 0.8208333 , 0.008333334 , -0.047222223    , 0.0 , 0.0 , -1.0    ,43.5 , 1.8125 , -13.5625
39481707  , 0.8013889 , 0.054166667 , -0.011111111    , 0.0 , 0.0 , -1.0    ,43.5 , 1.8125 , -13.5625
426830  , 0.8013889 , 0.054166667 , -0.011111111    , 0.0 , 0.0 , -1.0    ,43.25 , 4.5 , -13.8125
38719512  , 0.8361111 , 0.0625 , -0.008333334    , 0.0 , 0.0 , -1.0    ,43.25 , 4.5 , -13.8125
426829  , 0.8361111 , 0.0625 , -0.008333334    , 0.0 , 0.0 , -1.0    ,43.0 , 7.0 , -13.8125
39146341  , 0.8597222 , 0.05138889 , -0.06666667    , 0.0 , 0.0 , -1.0    ,43.0 , 7.0 , -13.8125
426829  , 0.8597222 , 0.05138889 , -0.06666667    , 0.0 , 0.0 , -1.0    ,43.0 , 8.75 , -14.5625
39298781  , 0.92222226 , 0.101388894 , 0.054166667    , 0.0 , 0.0 , -1.0    ,43.0 , 8.75 , -14.5625
426829  , 0.92222226 , 0.101388894 , 0.054166667    , 0.0 , 0.0 , -1.0    ,42.5 , 10.25 , -14.5625
39176829  , 0.9458333 , 0.19583334 , 0.13611111    , 0.0 , 0.0 , -1.0    ,42.5 , 10.25 , -14.5625
426829  , 0.9458333 , 0.19583334 , 0.13611111    , 0.0 , 0.0 , -1.0    ,42.0 , 11.6875 , -15.25
39085366  , 0.875 , 0.3402778 , -0.008333334    , 0.0 , 0.0 , -1.0    ,42.0 , 11.6875 , -15.25
426829  , 0.875 , 0.3402778 , -0.008333334    , 0.0 , 0.0 , -1.0    ,40.75 , 13.4375 , -15.75
38780488  , 0.8597222 , 0.48472223 , -0.05138889    , 0.0 , 0.0 , -1.0    ,40.75 , 13.4375 , -15.75
426830  , 0.8597222 , 0.48472223 , -0.05138889    , 0.0 , 0.0 , -1.0    ,39.75 , 15.1875 , -16.25
39115854  , 0.92916673 , 0.4652778 , 0.015277779    , 0.0 , 0.0 , -1.0    ,39.75 , 15.1875 , -16.25
426830  , 0.92916673 , 0.4652778 , 0.015277779    , 0.0 , 0.0 , -1.0    ,39.1875 , 16.4375 , -17.0
39298781  , 0.97222227 , 0.40555558 , 0.12916666    , 0.0 , 0.0 , -1.0    ,39.1875 , 16.4375 , -17.0
426829  , 0.97222227 , 0.40555558 , 0.12916666    , 0.0 , 0.0 , -1.0    ,38.6875 , 17.1875 , -18.1875
39207317  , 1.0041667 , 0.32777777 , 0.17222223    , 0.0 , 0.0 , -1.0    ,38.6875 , 17.1875 , -18.1875
396342  , 1.0041667 , 0.32777777 , 0.17222223    , 0.0 , 0.0 , -1.0    ,38.6875 , 16.6875 , -19.4375
38993903  , 0.9652778 , 0.32083333 , 0.13611111    , 0.0 , 0.0 , -1.0    ,38.6875 , 16.6875 , -19.4375
426829  , 0.9652778 , 0.32083333 , 0.13611111    , 0.0 , 0.0 , -1.0    ,38.6875 , 15.6875 , -20.4375
38140244  , 1.0 , 0.20694445 , 0.14027779    , 0.0 , 0.0 , -1.0    ,38.6875 , 15.6875 , -20.4375
243903  , 1.0 , 0.20694445 , 0.14027779    , 0.0 , 0.0 , -1.0    ,38.4375 , 14.4375 , -21.125
33018292  , 0.98888886 , 0.16388889 , 0.21944445    , 0.0 , 0.0 , -1.0    ,38.4375 , 14.4375 , -21.125
182927  , 0.98888886 , 0.16388889 , 0.21944445    , 0.0 , 0.0 , -1.0    ,38.6875 , 12.6875 , -20.875
26036586  , 0.98888886 , 0.15972222 , 0.15694445    , 0.0 , 0.0 , -1.0    ,38.6875 , 12.6875 , -20.875
213414  , 0.98888886 , 0.15972222 , 0.15694445    , 0.0 , 0.0 , -1.0    ,38.9375 , 11.4375 , -21.625
39847561  , 0.9847223 , 0.12083334 , 0.20694445    , 0.0 , 0.0 , -1.0    ,38.9375 , 11.4375 , -21.625
213415  , 0.9847223 , 0.12083334 , 0.20694445    , 0.0 , 0.0 , -1.0    ,39.4375 , 10.25 , -21.875
40152439  , 0.99583334 , 0.08611111 , 0.24166667    , 0.0 , 0.0 , -1.0    ,39.4375 , 10.25 , -21.875
396341  , 0.99583334 , 0.08611111 , 0.24166667    , 0.0 , 0.0 , -1.0    ,40.0 , 9.0 , -22.625
39085366  , 1.0472223 , -0.004166667 , 0.17916667    , 0.0 , 0.0 , -1.0    ,40.0 , 9.0 , -22.625
426830  , 1.0472223 , -0.004166667 , 0.17916667    , 0.0 , 0.0 , -1.0    ,40.0 , 7.0 , -23.375
39085366  , 1.113889 , -0.094444446 , 0.17222223    , 0.0 , 0.0 , -1.0    ,40.0 , 7.0 , -23.375
426830  , 1.113889 , -0.094444446 , 0.17222223    , 0.0 , 0.0 , -1.0    ,39.75 , 5.25 , -23.5625
39237805  , 1.0736111 , -0.14444445 , 0.1875    , 0.0 , 0.0 , -1.0    ,39.75 , 5.25 , -23.5625
426830  , 1.0736111 , -0.14444445 , 0.1875    , 0.0 , 0.0 , -1.0    ,39.1875 , 2.5625 , -24.3125
39268293  , 1.0777779 , -0.25833333 , 0.20694445    , 0.0 , 0.0 , -1.0    ,39.1875 , 2.5625 , -24.3125
426830  , 1.0777779 , -0.25833333 , 0.20694445    , 0.0 , 0.0 , -1.0    ,38.4375 , -0.9375 , -24.5625
38810976  , 1.0930556 , -0.35555556 , 0.25416666    , 0.0 , 0.0 , -1.0    ,38.4375 , -0.9375 , -24.5625
426830  , 1.0930556 , -0.35555556 , 0.25416666    , 0.0 , 0.0 , -1.0    ,37.1875 , -3.875 , -24.8125
39115854  , 1.0777779 , -0.39444447 , 0.3125    , 0.0 , 0.0 , -1.0    ,37.1875 , -3.875 , -24.8125
426830  , 1.0777779 , -0.39444447 , 0.3125    , 0.0 , 0.0 , -1.0    ,36.1875 , -7.875 , -25.5625
38993903  , 1.0583334 , -0.39444447 , 0.2777778    , 0.0 , 0.0 , -1.0    ,36.1875 , -7.875 , -25.5625
426829  , 1.0583334 , -0.39444447 , 0.2777778    , 0.0 , 0.0 , -1.0    ,34.875 , -10.625 , -25.5625
39146341  , 1.0277778 , -0.40694445 , 0.24583335    , 0.0 , 0.0 , -1.0    ,34.875 , -10.625 , -25.5625
426829  , 1.0277778 , -0.40694445 , 0.24583335    , 0.0 , 0.0 , -1.0    ,34.125 , -13.3125 , -25.8125
39451219  , 1.0041667 , -0.4722222 , 0.25833333    , 0.0 , 0.0 , -1.0    ,34.125 , -13.3125 , -25.8125
426829  , 1.0041667 , -0.4722222 , 0.25833333    , 0.0 , 0.0 , -1.0    ,33.625 , -15.8125 , -26.0625
38810975  , 0.9916667 , -0.5152778 , 0.24583335    , 0.0 , 0.0 , -1.0    ,33.625 , -15.8125 , -26.0625
426829  , 0.9916667 , -0.5152778 , 0.24583335    , 0.0 , 0.0 , -1.0    ,32.875 , -17.5625 , -25.8125
39115854  , 0.9458333 , -0.5083333 , 0.23055556    , 0.0 , 0.0 , -1.0    ,32.875 , -17.5625 , -25.8125
426830  , 0.9458333 , -0.5083333 , 0.23055556    , 0.0 , 0.0 , -1.0    ,32.375 , -20.25 , -25.8125
39146342  , 0.9333334 , -0.5277778 , 0.23055556    , 0.0 , 0.0 , -1.0    ,32.375 , -20.25 , -25.8125
426829  , 0.9333334 , -0.5277778 , 0.23055556    , 0.0 , 0.0 , -1.0    ,31.0625 , -22.25 , -25.5625
39085366  , 0.9138889 , -0.53888893 , 0.19861111    , 0.0 , 0.0 , -1.0    ,31.0625 , -22.25 , -25.5625
426830  , 0.9138889 , -0.53888893 , 0.19861111    , 0.0 , 0.0 , -1.0    ,30.3125 , -23.75 , -25.0625
39420732  , 0.8791667 , -0.56666666 , 0.17638889    , 0.0 , 0.0 , -1.0    ,30.3125 , -23.75 , -25.0625
426830  , 0.8791667 , -0.56666666 , 0.17638889    , 0.0 , 0.0 , -1.0    ,29.3125 , -25.9375 , -24.8125
38841464  , 0.8944445 , -0.60138893 , 0.16388889    , 0.0 , 0.0 , -1.0    ,29.3125 , -25.9375 , -24.8125
396341  , 0.8944445 , -0.60138893 , 0.16388889    , 0.0 , 0.0 , -1.0    ,28.5625 , -26.9375 , -24.0625
39268292  , 0.8513889 , -0.6291667 , 0.13611111    , 0.0 , 0.0 , -1.0    ,28.5625 , -26.9375 , -24.0625
426829  , 0.8513889 , -0.6291667 , 0.13611111    , 0.0 , 0.0 , -1.0    ,27.5625 , -27.9375 , -23.125
38750000  , 0.8513889 , -0.68333334 , 0.17222223    , 0.0 , 0.0 , -1.0    ,27.5625 , -27.9375 , -23.125
548781  , 0.8513889 , -0.68333334 , 0.17222223    , 0.0 , 0.0 , -1.0    ,26.0 , -29.6875 , -23.125
39451219  , 0.85555553 , -0.74583334 , 0.18333334    , 0.0 , 0.0 , -1.0    ,26.0 , -29.6875 , -23.125
426829  , 0.85555553 , -0.74583334 , 0.18333334    , 0.0 , 0.0 , -1.0    ,25.5 , -30.6875 , -22.125
37896341  , 0.8513889 , -0.72222227 , 0.1875    , 0.0 , 0.0 , -1.0    ,25.5 , -30.6875 , -22.125
213415  , 0.8513889 , -0.72222227 , 0.1875    , 0.0 , 0.0 , -1.0    ,24.75 , -32.125 , -21.625
39756098  , 0.8513889 , -0.68333334 , 0.20277779    , 0.0 , 0.0 , -1.0    ,24.75 , -32.125 , -21.625
213414  , 0.8513889 , -0.68333334 , 0.20277779    , 0.0 , 0.0 , -1.0    ,24.75 , -33.375 , -20.875
39573170  , 0.84722227 , -0.64444447 , 0.116666675    , 0.0 , 0.0 , -1.0    ,24.75 , -33.375 , -20.875
274391  , 0.84722227 , -0.64444447 , 0.116666675    , 0.0 , 0.0 , -1.0    ,25.5 , -33.875 , -19.6875
39725609  , 0.875 , -0.6166667 , 0.116666675    , 0.0 , 0.0 , -1.0    ,25.5 , -33.875 , -19.6875
396341  , 0.875 , -0.6166667 , 0.116666675    , 0.0 , 0.0 , -1.0    ,25.75 , -33.875 , -18.1875
39359756  , 0.8666667 , -0.59444445 , 0.13333334    , 0.0 , 0.0 , -1.0    ,25.75 , -33.875 , -18.1875
426830  , 0.8666667 , -0.59444445 , 0.13333334    , 0.0 , 0.0 , -1.0    ,27.0 , -33.625 , -16.5
39329268  , 0.86388886 , -0.5472222 , 0.101388894    , 0.0 , 0.0 , -1.0    ,27.0 , -33.625 , -16.5
426829  , 0.86388886 , -0.5472222 , 0.101388894    , 0.0 , 0.0 , -1.0    ,28.0625 , -33.375 , -15.25
38841463  , 0.84722227 , -0.48472223 , 0.094444446    , 0.0 , 0.0 , -1.0    ,28.0625 , -33.375 , -15.25
426830  , 0.84722227 , -0.48472223 , 0.094444446    , 0.0 , 0.0 , -1.0    ,29.3125 , -33.125 , -13.8125
39115854  , 0.8597222 , -0.4763889 , 0.08194444    , 0.0 , 0.0 , -1.0    ,29.3125 , -33.125 , -13.8125
426830  , 0.8597222 , -0.4763889 , 0.08194444    , 0.0 , 0.0 , -1.0    ,30.5625 , -32.375 , -13.5625
39359756  , 0.8361111 , -0.4027778 , 0.07361111    , 0.0 , 0.0 , -1.0    ,30.5625 , -32.375 , -13.5625
426829  , 0.8361111 , -0.4027778 , 0.07361111    , 0.0 , 0.0 , -1.0    ,31.875 , -31.4375 , -13.0625
38871951  , 0.82361114 , -0.31666666 , 0.07083333    , 0.0 , 0.0 , -1.0    ,31.875 , -31.4375 , -13.0625
426830  , 0.82361114 , -0.31666666 , 0.07083333    , 0.0 , 0.0 , -1.0    ,33.625 , -29.9375 , -12.8125
39237805  , 0.8361111 , -0.29722223 , 0.101388894    , 0.0 , 0.0 , -1.0    ,33.625 , -29.9375 , -12.8125
426829  , 0.8361111 , -0.29722223 , 0.101388894    , 0.0 , 0.0 , -1.0    ,35.6875 , -28.4375 , -12.5625
38932927  , 0.84027785 , -0.26527777 , 0.043055557    , 0.0 , 0.0 , -1.0    ,35.6875 , -28.4375 , -12.5625
426829  , 0.84027785 , -0.26527777 , 0.043055557    , 0.0 , 0.0 , -1.0    ,37.6875 , -26.4375 , -11.875
39329269  , 0.84722227 , -0.13611111 , 0.019444445    , 0.0 , 0.0 , -1.0    ,37.6875 , -26.4375 , -11.875
396341  , 0.84722227 , -0.13611111 , 0.019444445    , 0.0 , 0.0 , -1.0    ,38.9375 , -24.5 , -11.625
38871951  , 0.8513889 , -0.09027778 , 0.043055557    , 0.0 , 0.0 , -1.0    ,38.9375 , -24.5 , -11.625
426829  , 0.8513889 , -0.09027778 , 0.043055557    , 0.0 , 0.0 , -1.0    ,40.0 , -22.5 , -10.875
39390244  , 0.87083334 , -0.03888889 , 0.0625    , 0.0 , 0.0 , -1.0    ,40.0 , -22.5 , -10.875
426829  , 0.87083334 , -0.03888889 , 0.0625    , 0.0 , 0.0 , -1.0    ,41.0 , -19.5 , -10.375
38810975  , 0.85555553 , 0.011111111 , 0.13611111    , 0.0 , 0.0 , -1.0    ,41.0 , -19.5 , -10.375
426829  , 0.85555553 , 0.011111111 , 0.13611111    , 0.0 , 0.0 , -1.0    ,42.25 , -17.3125 , -10.125
39176830  , 0.82361114 , 0.07777778 , 0.14861111    , 0.0 , 0.0 , -1.0    ,42.25 , -17.3125 , -10.125
426829  , 0.82361114 , 0.07777778 , 0.14861111    , 0.0 , 0.0 , -1.0    ,43.0 , -14.8125 , -9.6875
39024390  , 0.85555553 , 0.105555564 , 0.17916667    , 0.0 , 0.0 , -1.0    ,43.0 , -14.8125 , -9.6875
426829  , 0.85555553 , 0.105555564 , 0.17916667    , 0.0 , 0.0 , -1.0    ,43.75 , -12.0625 , -9.875
39024391  , 0.85555553 , 0.18333334 , 0.15972222    , 0.0 , 0.0 , -1.0    ,43.75 , -12.0625 , -9.875
396341  , 0.85555553 , 0.18333334 , 0.15972222    , 0.0 , 0.0 , -1.0    ,44.3125 , -10.375 , -9.875
39146341  , 0.9097222 , 0.19861111 , 0.10972223    , 0.0 , 0.0 , -1.0    ,44.3125 , -10.375 , -9.875
426829  , 0.9097222 , 0.19861111 , 0.10972223    , 0.0 , 0.0 , -1.0    ,44.3125 , -8.625 , -9.1875
39237805  , 0.9138889 , 0.2777778 , 0.125    , 0.0 , 0.0 , -1.0    ,44.3125 , -8.625 , -9.1875
426829  , 0.9138889 , 0.2777778 , 0.125    , 0.0 , 0.0 , -1.0    ,45.0625 , -7.125 , -9.1875
39085366  , 0.9263889 , 0.3402778 , 0.08611111    , 0.0 , 0.0 , -1.0    ,45.0625 , -7.125 , -9.1875
426829  , 0.9263889 , 0.3402778 , 0.08611111    , 0.0 , 0.0 , -1.0    ,45.8125 , -5.875 , -8.1875
38993902  , 0.9527778 , 0.28055558 , 0.03888889    , 0.0 , 0.0 , -1.0    ,45.8125 , -5.875 , -8.1875
396342  , 0.9527778 , 0.28055558 , 0.03888889    , 0.0 , 0.0 , -1.0    ,46.0625 , -3.875 , -7.6875
40335366  , 0.95694447 , 0.26527777 , 0.13333334    , 0.0 , 0.0 , -1.0    ,46.0625 , -3.875 , -7.6875
243902  , 0.95694447 , 0.26527777 , 0.13333334    , 0.0 , 0.0 , -1.0    ,46.5625 , -2.4375 , -7.6875
37560976  , 0.9180556 , 0.29722223 , 0.12916666    , 0.0 , 0.0 , -1.0    ,46.5625 , -2.4375 , -7.6875
213415  , 0.9180556 , 0.29722223 , 0.12916666    , 0.0 , 0.0 , -1.0    ,46.5625 , -1.4375 , -7.4375
40000000  , 0.90555555 , 0.29305556 , 0.07777778    , 0.0 , 0.0 , -1.0    ,46.5625 , -1.4375 , -7.4375
274390  , 0.90555555 , 0.29305556 , 0.07777778    , 0.0 , 0.0 , -1.0    ,46.8125 , -0.6875 , -6.9375
39664635  , 0.9027778 , 0.37916666 , 0.125    , 0.0 , 0.0 , -1.0    ,46.8125 , -0.6875 , -6.9375
457317  , 0.9027778 , 0.37916666 , 0.125    , 0.0 , 0.0 , -1.0    ,46.8125 , -0.4375 , -6.9375
39146341  , 0.9027778 , 0.4652778 , 0.15694445    , 0.0 , 0.0 , -1.0    ,46.8125 , -0.4375 , -6.9375
457317  , 0.9027778 , 0.4652778 , 0.15694445    , 0.0 , 0.0 , -1.0    ,46.3125 , -0.1875 , -6.25
39054878  , 0.9027778 , 0.5083333 , 0.097222224    , 0.0 , 0.0 , -1.0    ,46.3125 , -0.1875 , -6.25
426829  , 0.9027778 , 0.5083333 , 0.097222224    , 0.0 , 0.0 , -1.0    ,46.0625 , 0.3125 , -5.5
39390244  , 0.9527778 , 0.4916667 , 0.14861111    , 0.0 , 0.0 , -1.0    ,46.0625 , 0.3125 , -5.5
426829  , 0.9527778 , 0.4916667 , 0.14861111    , 0.0 , 0.0 , -1.0    ,45.8125 , 0.0625 , -5.5
38780487  , 0.99583334 , 0.4416667 , 0.19583334    , 0.0 , 0.0 , -1.0    ,45.8125 , 0.0625 , -5.5
426829  , 0.99583334 , 0.4416667 , 0.19583334    , 0.0 , 0.0 , -1.0    ,45.8125 , -0.6875 , -4.75
39329269  , 1.0041667 , 0.39027777 , 0.097222224    , 0.0 , 0.0 , -1.0    ,45.8125 , -0.6875 , -4.75
426829  , 1.0041667 , 0.39027777 , 0.097222224    , 0.0 , 0.0 , -1.0    ,46.3125 , -2.1875 , -4.5
38871951  , 1.0194445 , 0.24166667 , 0.18333334    , 0.0 , 0.0 , -1.0    ,46.3125 , -2.1875 , -4.5
426829  , 1.0194445 , 0.24166667 , 0.18333334    , 0.0 , 0.0 , -1.0    ,46.5625 , -4.125 , -4.5
39237805  , 1.0541667 , 0.125 , 0.24166667    , 0.0 , 0.0 , -1.0    ,46.5625 , -4.125 , -4.5
457317  , 1.0541667 , 0.125 , 0.24166667    , 0.0 , 0.0 , -1.0    ,46.5625 , -5.625 , -4.5
38993902  , 1.0666667 , 0.058333337 , 0.19166668    , 0.0 , 0.0 , -1.0    ,46.5625 , -5.625 , -4.5
396342  , 1.0666667 , 0.058333337 , 0.19166668    , 0.0 , 0.0 , -1.0    ,46.3125 , -7.875 , -3.8125
39146342  , 1.0819445 , 0.0625 , 0.15694445    , 0.0 , 0.0 , -1.0    ,46.3125 , -7.875 , -3.8125
426829  , 1.0819445 , 0.0625 , 0.15694445    , 0.0 , 0.0 , -1.0    ,46.0625 , -9.625 , -3.0625
39298780  , 1.0736111 , 0.08194444 , 0.15277778    , 0.0 , 0.0 , -1.0    ,46.0625 , -9.625 , -3.0625
426829  , 1.0736111 , 0.08194444 , 0.15277778    , 0.0 , 0.0 , -1.0    ,45.3125 , -11.5625 , -2.0625
39146341  , 1.0930556 , 0.047222223 , 0.19583334    , 0.0 , 0.0 , -1.0    ,45.3125 , -11.5625 , -2.0625
426830  , 1.0930556 , 0.047222223 , 0.19583334    , 0.0 , 0.0 , -1.0    ,44.3125 , -13.8125 , -1.375
38780488  , 1.1208334 , -0.0 , 0.21944445    , 0.0 , 0.0 , -1.0    ,44.3125 , -13.8125 , -1.375
396342  , 1.1208334 , -0.0 , 0.21944445    , 0.0 , 0.0 , -1.0    ,43.75 , -15.8125 , -1.125
39359756  , 1.0777779 , 0.004166667 , 0.21944445    , 0.0 , 0.0 , -1.0    ,43.75 , -15.8125 , -1.125
426829  , 1.0777779 , 0.004166667 , 0.21944445    , 0.0 , 0.0 , -1.0    ,43.0 , -18.0 , -0.875
38810975  , 1.1055555 , -0.0625 , 0.26527777    , 0.0 , 0.0 , -1.0    ,43.0 , -18.0 , -0.875
396342  , 1.1055555 , -0.0625 , 0.26527777    , 0.0 , 0.0 , -1.0    ,42.25 , -19.25 , -0.375
39298781  , 1.0625 , -0.07777778 , 0.24583335    , 0.0 , 0.0 , -1.0    ,42.25 , -19.25 , -0.375
426829  , 1.0625 , -0.07777778 , 0.24583335    , 0.0 , 0.0 , -1.0    ,41.75 , -21.0 , 0.625
39085366  , 1.0861111 , -0.19166668 , 0.13333334    , 0.0 , 0.0 , -1.0    ,41.75 , -21.0 , 0.625
426830  , 1.0861111 , -0.19166668 , 0.13333334    , 0.0 , 0.0 , -1.0    ,40.5 , -22.25 , 1.5625
39024391  , 1.0708334 , -0.23055556 , 0.19583334    , 0.0 , 0.0 , -1.0    ,40.5 , -22.25 , 1.5625
548780  , 1.0708334 , -0.23055556 , 0.19583334    , 0.0 , 0.0 , -1.0    ,39.4375 , -23.75 , 2.5625
39756098  , 1.0430555 , -0.2611111 , 0.1875    , 0.0 , 0.0 , -1.0    ,39.4375 , -23.75 , 2.5625
426830  , 1.0430555 , -0.2611111 , 0.1875    , 0.0 , 0.0 , -1.0    ,38.4375 , -25.9375 , 3.5625
37621951  , 1.0194445 , -0.33611113 , 0.17222223    , 0.0 , 0.0 , -1.0    ,38.4375 , -25.9375 , 3.5625
213414  , 1.0194445 , -0.33611113 , 0.17222223    , 0.0 , 0.0 , -1.0    ,37.1875 , -28.4375 , 4.5
39664634  , 0.97222227 , -0.35972223 , 0.14027779    , 0.0 , 0.0 , -1.0    ,37.1875 , -28.4375 , 4.5
243902  , 0.97222227 , -0.35972223 , 0.14027779    , 0.0 , 0.0 , -1.0    ,36.1875 , -30.4375 , 5.25
42987804  , 0.9527778 , -0.4416667 , 0.13333334    , 0.0 , 0.0 , -1.0    ,36.1875 , -30.4375 , 5.25
213414  , 0.9527778 , -0.4416667 , 0.13333334    , 0.0 , 0.0 , -1.0    ,34.875 , -31.6875 , 6.0
36128049  , 0.89861107 , -0.4763889 , 0.15277778    , 0.0 , 0.0 , -1.0    ,34.875 , -31.6875 , 6.0
304878  , 0.89861107 , -0.4763889 , 0.15277778    , 0.0 , 0.0 , -1.0    ,33.625 , -33.125 , 6.5
39573171  , 0.8791667 , -0.56666666 , 0.12083334    , 0.0 , 0.0 , -1.0    ,33.625 , -33.125 , 6.5
304878  , 0.8791667 , -0.56666666 , 0.12083334    , 0.0 , 0.0 , -1.0    ,31.875 , -33.625 , 6.9375
39451220  , 0.8513889 , -0.6097222 , 0.14861111    , 0.0 , 0.0 , -1.0    ,31.875 , -33.625 , 6.9375
365853  , 0.8513889 , -0.6097222 , 0.14861111    , 0.0 , 0.0 , -1.0    ,30.3125 , -34.875 , 7.4375
39237805  , 0.82361114 , -0.6291667 , 0.15972222    , 0.0 , 0.0 , -1.0    ,30.3125 , -34.875 , 7.4375
426830  , 0.82361114 , -0.6291667 , 0.15972222    , 0.0 , 0.0 , -1.0    ,29.0625 , -35.625 , 8.1875
39481708  , 0.84722227 , -0.6597222 , 0.10972223    , 0.0 , 0.0 , -1.0    ,29.0625 , -35.625 , 8.1875
426829  , 0.84722227 , -0.6597222 , 0.10972223    , 0.0 , 0.0 , -1.0    ,28.0625 , -36.375 , 9.1875
38719512  , 0.81666666 , -0.6333333 , 0.13333334    , 0.0 , 0.0 , -1.0    ,28.0625 , -36.375 , 9.1875
426829  , 0.81666666 , -0.6333333 , 0.13333334    , 0.0 , 0.0 , -1.0    ,28.0625 , -36.875 , 9.4375
39237805  , 0.8361111 , -0.6402778 , 0.13611111    , 0.0 , 0.0 , -1.0    ,28.0625 , -36.875 , 9.4375
426829  , 0.8361111 , -0.6402778 , 0.13611111    , 0.0 , 0.0 , -1.0    ,28.0625 , -36.375 , 10.125
38963414  , 0.81666666 , -0.61388886 , 0.15694445    , 0.0 , 0.0 , -1.0    ,28.0625 , -36.375 , 10.125
426830  , 0.81666666 , -0.61388886 , 0.15694445    , 0.0 , 0.0 , -1.0    ,27.8125 , -36.625 , 10.625
39085366  , 0.78888893 , -0.57361114 , 0.16805556    , 0.0 , 0.0 , -1.0    ,27.8125 , -36.625 , 10.625
426830  , 0.78888893 , -0.57361114 , 0.16805556    , 0.0 , 0.0 , -1.0    ,28.0625 , -35.875 , 10.625
39115854  , 0.8013889 , -0.58194447 , 0.15277778    , 0.0 , 0.0 , -1.0    ,28.0625 , -35.875 , 10.625
426830  , 0.8013889 , -0.58194447 , 0.15277778    , 0.0 , 0.0 , -1.0    ,28.8125 , -34.625 , 12.125
39176830  , 0.8208333 , -0.5902778 , 0.125    , 0.0 , 0.0 , -1.0    ,28.8125 , -34.625 , 12.125
426829  , 0.8208333 , -0.5902778 , 0.125    , 0.0 , 0.0 , -1.0    ,29.5625 , -34.125 , 13.3125
39054878  , 0.80833334 , -0.54305553 , 0.17638889    , 0.0 , 0.0 , -1.0    ,29.5625 , -34.125 , 13.3125
396341  , 0.80833334 , -0.54305553 , 0.17638889    , 0.0 , 0.0 , -1.0    ,30.5625 , -33.125 , 14.0625
39268293  , 0.8277778 , -0.50416666 , 0.15277778    , 0.0 , 0.0 , -1.0    ,30.5625 , -33.125 , 14.0625
396341  , 0.8277778 , -0.50416666 , 0.15277778    , 0.0 , 0.0 , -1.0    ,32.125 , -31.4375 , 15.5
39237805  , 0.83194447 , -0.42916667 , 0.15972222    , 0.0 , 0.0 , -1.0    ,32.125 , -31.4375 , 15.5
426829  , 0.83194447 , -0.42916667 , 0.15972222    , 0.0 , 0.0 , -1.0    ,33.125 , -30.4375 , 16.25
38750000  , 0.8277778 , -0.34444445 , 0.16805556    , 0.0 , 0.0 , -1.0    ,33.125 , -30.4375 , 16.25
426830  , 0.8277778 , -0.34444445 , 0.16805556    , 0.0 , 0.0 , -1.0    ,34.375 , -28.4375 , 17.0
39085366  , 0.8430556 , -0.2847222 , 0.125    , 0.0 , 0.0 , -1.0    ,34.375 , -28.4375 , 17.0
426829  , 0.8430556 , -0.2847222 , 0.125    , 0.0 , 0.0 , -1.0    ,35.6875 , -25.9375 , 17.75
39085366  , 0.89027786 , -0.24583335 , 0.11388889    , 0.0 , 0.0 , -1.0    ,35.6875 , -25.9375 , 17.75
426829  , 0.89027786 , -0.24583335 , 0.11388889    , 0.0 , 0.0 , -1.0    ,36.9375 , -24.75 , 18.1875
39085366  , 0.89027786 , -0.16805556 , 0.105555564    , 0.0 , 0.0 , -1.0    ,36.9375 , -24.75 , 18.1875
426829  , 0.89027786 , -0.16805556 , 0.105555564    , 0.0 , 0.0 , -1.0    ,38.1875 , -22.75 , 18.4375
40060976  , 0.89027786 , -0.116666675 , 0.02777778    , 0.0 , 0.0 , -1.0    ,38.1875 , -22.75 , 18.4375
792682  , 0.89027786 , -0.116666675 , 0.02777778    , 0.0 , 0.0 , -1.0    ,39.1875 , -20.0 , 18.6875
37743902  , 0.9138889 , -0.07361111 , 0.047222223    , 0.0 , 0.0 , -1.0    ,39.1875 , -20.0 , 18.6875
426829  , 0.9138889 , -0.07361111 , 0.047222223    , 0.0 , 0.0 , -1.0    ,40.75 , -17.5625 , 18.6875
44390243  , 0.90555555 , 0.023611112 , 0.058333337    , 0.0 , 0.0 , -1.0    ,40.75 , -17.5625 , 18.6875
182926  , 0.90555555 , 0.023611112 , 0.058333337    , 0.0 , 0.0 , -1.0    ,41.5 , -14.0625 , 18.6875
24420732  , 0.8791667 , 0.097222224 , 0.06666667    , 0.0 , 0.0 , -1.0    ,41.5 , -14.0625 , 18.6875
243902  , 0.8791667 , 0.097222224 , 0.06666667    , 0.0 , 0.0 , -1.0    ,42.75 , -11.0625 , 18.1875
38932927  , 0.87083334 , 0.13333334 , 0.094444446    , 0.0 , 0.0 , -1.0    ,42.75 , -11.0625 , 18.1875
213415  , 0.87083334 , 0.13333334 , 0.094444446    , 0.0 , 0.0 , -1.0    ,43.5 , -8.875 , 18.0
40060976  , 0.85555553 , 0.14861111 , 0.097222224    , 0.0 , 0.0 , -1.0    ,43.5 , -8.875 , 18.0
335365  , 0.85555553 , 0.14861111 , 0.097222224    , 0.0 , 0.0 , -1.0    ,43.75 , -6.375 , 18.1875
39786586  , 0.86388886 , 0.16805556 , 0.08611111    , 0.0 , 0.0 , -1.0    ,43.75 , -6.375 , 18.1875
487805  , 0.86388886 , 0.16805556 , 0.08611111    , 0.0 , 0.0 , -1.0    ,44.8125 , -4.625 , 18.1875
37987805  , 0.87083334 , 0.20694445 , 0.105555564    , 0.0 , 0.0 , -1.0    ,44.8125 , -4.625 , 18.1875
213415  , 0.87083334 , 0.20694445 , 0.105555564    , 0.0 , 0.0 , -1.0    ,44.5625 , -1.9375 , 18.6875
39847561  , 0.8513889 , 0.2736111 , 0.116666675    , 0.0 , 0.0 , -1.0    ,44.5625 , -1.9375 , 18.6875
274390  , 0.8513889 , 0.2736111 , 0.116666675    , 0.0 , 0.0 , -1.0    ,45.0625 , 0.5625 , 18.1875
39603659  , 0.83194447 , 0.2611111 , 0.15972222    , 0.0 , 0.0 , -1.0    ,45.0625 , 0.5625 , 18.1875
426830  , 0.83194447 , 0.2611111 , 0.15972222    , 0.0 , 0.0 , -1.0    ,45.3125 , 2.3125 , 17.75
39237805  , 0.8666667 , 0.26944447 , 0.14027779    , 0.0 , 0.0 , -1.0    ,45.3125 , 2.3125 , 17.75
457317  , 0.8666667 , 0.26944447 , 0.14027779    , 0.0 , 0.0 , -1.0    ,45.0625 , 4.5 , 16.75
38963415  , 0.8513889 , 0.31666666 , 0.14444445    , 0.0 , 0.0 , -1.0    ,45.0625 , 4.5 , 16.75
426830  , 0.8513889 , 0.31666666 , 0.14444445    , 0.0 , 0.0 , -1.0    ,44.8125 , 6.25 , 16.25
39237805  , 0.86388886 , 0.37916666 , 0.18333334    , 0.0 , 0.0 , -1.0    ,44.8125 , 6.25 , 16.25
426829  , 0.86388886 , 0.37916666 , 0.18333334    , 0.0 , 0.0 , -1.0    ,44.3125 , 8.0 , 16.0
38993903  , 0.9027778 , 0.36666667 , 0.17916667    , 0.0 , 0.0 , -1.0    ,44.3125 , 8.0 , 16.0
426829  , 0.9027778 , 0.36666667 , 0.17916667    , 0.0 , 0.0 , -1.0    ,44.0625 , 10.0 , 15.25
38993902  , 0.92222226 , 0.34722224 , 0.15694445    , 0.0 , 0.0 , -1.0    ,44.0625 , 10.0 , 15.25
426830  , 0.92222226 , 0.34722224 , 0.15694445    , 0.0 , 0.0 , -1.0    ,43.5 , 11.6875 , 15.25
39085366  , 0.93750006 , 0.33611113 , 0.19166668    , 0.0 , 0.0 , -1.0    ,43.5 , 11.6875 , 15.25
426830  , 0.93750006 , 0.33611113 , 0.19166668    , 0.0 , 0.0 , -1.0    ,43.75 , 13.1875 , 14.5625
39085366  , 0.9458333 , 0.4416667 , 0.19583334    , 0.0 , 0.0 , -1.0    ,43.75 , 13.1875 , 14.5625
426830  , 0.9458333 , 0.4416667 , 0.19583334    , 0.0 , 0.0 , -1.0    ,43.5 , 13.9375 , 14.0625
39085366  , 0.9486111 , 0.48472223 , 0.23888889    , 0.0 , 0.0 , -1.0    ,43.5 , 13.9375 , 14.0625
426830  , 0.9486111 , 0.48472223 , 0.23888889    , 0.0 , 0.0 , -1.0    ,43.25 , 15.1875 , 13.3125
39146342  , 0.9847223 , 0.46111113 , 0.3236111    , 0.0 , 0.0 , -1.0    ,43.25 , 15.1875 , 13.3125
426829  , 0.9847223 , 0.46111113 , 0.3236111    , 0.0 , 0.0 , -1.0    ,43.0 , 15.9375 , 12.375
39085366  , 1.0236112 , 0.37916666 , 0.375    , 0.0 , 0.0 , -1.0    ,43.0 , 15.9375 , 12.375
396342  , 1.0236112 , 0.37916666 , 0.375    , 0.0 , 0.0 , -1.0    ,42.5 , 16.1875 , 11.375
39024390  , 1.0819445 , 0.29305556 , 0.30416667    , 0.0 , 0.0 , -1.0    ,42.5 , 16.1875 , 11.375
426829  , 1.0819445 , 0.29305556 , 0.30416667    , 0.0 , 0.0 , -1.0    ,43.25 , 16.1875 , 10.375
39115853  , 1.0930556 , 0.25833333 , 0.3236111    , 0.0 , 0.0 , -1.0    ,43.25 , 16.1875 , 10.375
426829  , 1.0930556 , 0.25833333 , 0.3236111    , 0.0 , 0.0 , -1.0    ,44.0625 , 15.4375 , 10.375
43170732  , 1.1166667 , 0.17916667 , 0.34444445    , 0.0 , 0.0 , -1.0    ,44.0625 , 15.4375 , 10.375
426829  , 1.1166667 , 0.17916667 , 0.34444445    , 0.0 , 0.0 , -1.0    ,44.5625 , 14.6875 , 10.125
34969512  , 1.1638889 , 0.09305556 , 0.2777778    , 0.0 , 0.0 , -1.0    ,44.5625 , 14.6875 , 10.125
426829  , 1.1638889 , 0.09305556 , 0.2777778    , 0.0 , 0.0 , -1.0    ,45.0625 , 12.6875 , 10.125
38932927  , 1.1763889 , 0.07083333 , 0.32083333    , 0.0 , 0.0 , -1.0    ,45.0625 , 12.6875 , 10.125
182927  , 1.1763889 , 0.07083333 , 0.32083333    , 0.0 , 0.0 , -1.0    ,44.8125 , 11.1875 , 10.125
39847561  , 1.1444445 , 0.10972223 , 0.2888889    , 0.0 , 0.0 , -1.0    ,44.8125 , 11.1875 , 10.125
213414  , 1.1444445 , 0.10972223 , 0.2888889    , 0.0 , 0.0 , -1.0    ,44.5625 , 9.75 , 9.6875
38628049  , 1.1055555 , 0.07777778 , 0.32083333    , 0.0 , 0.0 , -1.0    ,44.5625 , 9.75 , 9.6875
213415  , 1.1055555 , 0.07777778 , 0.32083333    , 0.0 , 0.0 , -1.0    ,44.5625 , 7.75 , 9.1875
40487805  , 1.1333333 , -0.054166667 , 0.35555556    , 0.0 , 0.0 , -1.0    ,44.5625 , 7.75 , 9.1875
396342  , 1.1333333 , -0.054166667 , 0.35555556    , 0.0 , 0.0 , -1.0    ,44.8125 , 6.5 , 8.9375
39207317  , 1.125 , -0.101388894 , 0.31666666    , 0.0 , 0.0 , -1.0    ,44.8125 , 6.5 , 8.9375
426829  , 1.125 , -0.101388894 , 0.31666666    , 0.0 , 0.0 , -1.0    ,45.3125 , 4.5 , 8.6875
39207317  , 1.0930556 , -0.14444445 , 0.31666666    , 0.0 , 0.0 , -1.0    ,45.3125 , 4.5 , 8.6875
426829  , 1.0930556 , -0.14444445 , 0.31666666    , 0.0 , 0.0 , -1.0    ,45.5625 , 2.5625 , 8.1875
38689024  , 1.0625 , -0.14027779 , 0.22638889    , 0.0 , 0.0 , -1.0    ,45.5625 , 2.5625 , 8.1875
426829  , 1.0625 , -0.14027779 , 0.22638889    , 0.0 , 0.0 , -1.0    ,45.5625 , 0.5625 , 9.1875
39115854  , 1.0236112 , -0.19166668 , 0.21111113    , 0.0 , 0.0 , -1.0    ,45.5625 , 0.5625 , 9.1875
426829  , 1.0236112 , -0.19166668 , 0.21111113    , 0.0 , 0.0 , -1.0    ,45.5625 , -0.9375 , 9.6875
39207317  , 1.0152779 , -0.25 , 0.23472224    , 0.0 , 0.0 , -1.0    ,45.5625 , -0.9375 , 9.6875
426829  , 1.0152779 , -0.25 , 0.23472224    , 0.0 , 0.0 , -1.0    ,45.3125 , -2.1875 , 10.125
39268292  , 1.0083333 , -0.31666666 , 0.15972222    , 0.0 , 0.0 , -1.0    ,45.3125 , -2.1875 , 10.125
426830  , 1.0083333 , -0.31666666 , 0.15972222    , 0.0 , 0.0 , -1.0    ,45.5625 , -4.125 , 11.125
38780488  , 0.9458333 , -0.37083334 , 0.11388889    , 0.0 , 0.0 , -1.0    ,45.5625 , -4.125 , 11.125
426829  , 0.9458333 , -0.37083334 , 0.11388889    , 0.0 , 0.0 , -1.0    ,45.8125 , -5.625 , 10.875
39085366  , 0.9458333 , -0.5 , 0.15694445    , 0.0 , 0.0 , -1.0    ,45.8125 , -5.625 , 10.875
426829  , 0.9458333 , -0.5 , 0.15694445    , 0.0 , 0.0 , -1.0    ,45.5625 , -7.875 , 11.125
39115853  , 0.9527778 , -0.57361114 , 0.17638889    , 0.0 , 0.0 , -1.0    ,45.5625 , -7.875 , 11.125
426829  , 0.9527778 , -0.57361114 , 0.17638889    , 0.0 , 0.0 , -1.0    ,45.0625 , -10.125 , 11.125
39115853  , 0.9097222 , -0.5972222 , 0.16805556    , 0.0 , 0.0 , -1.0    ,45.0625 , -10.125 , 11.125
426829  , 0.9097222 , -0.5972222 , 0.16805556    , 0.0 , 0.0 , -1.0    ,44.0625 , -11.3125 , 11.125
39176830  , 0.8944445 , -0.5708333 , 0.17638889    , 0.0 , 0.0 , -1.0    ,44.0625 , -11.3125 , 11.125
426829  , 0.8944445 , -0.5708333 , 0.17638889    , 0.0 , 0.0 , -1.0    ,43.5 , -12.3125 , 11.125
38993902  , 0.8430556 , -0.5513889 , 0.16388889    , 0.0 , 0.0 , -1.0    ,43.5 , -12.3125 , 11.125
426829  , 0.8430556 , -0.5513889 , 0.16388889    , 0.0 , 0.0 , -1.0    ,43.0 , -13.3125 , 11.375
39146342  , 0.8208333 , -0.53888893 , 0.094444446    , 0.0 , 0.0 , -1.0    ,43.0 , -13.3125 , 11.375
426829  , 0.8208333 , -0.53888893 , 0.094444446    , 0.0 , 0.0 , -1.0    ,43.5 , -13.0625 , 11.375
38993903  , 0.80833334 , -0.5972222 , 0.20277779    , 0.0 , 0.0 , -1.0    ,43.5 , -13.0625 , 11.375
426829  , 0.80833334 , -0.5972222 , 0.20277779    , 0.0 , 0.0 , -1.0    ,44.0625 , -13.0625 , 11.375
39359756  , 0.8041667 , -0.6333333 , 0.17916667    , 0.0 , 0.0 , -1.0    ,44.0625 , -13.0625 , 11.375
426829  , 0.8041667 , -0.6333333 , 0.17916667    , 0.0 , 0.0 , -1.0    ,43.75 , -12.5625 , 11.875
38902439  , 0.8013889 , -0.6055556 , 0.125    , 0.0 , 0.0 , -1.0    ,43.75 , -12.5625 , 11.875
426830  , 0.8013889 , -0.6055556 , 0.125    , 0.0 , 0.0 , -1.0    ,44.0625 , -11.5625 , 11.375
39085366  , 0.8013889 , -0.5277778 , 0.116666675    , 0.0 , 0.0 , -1.0    ,44.0625 , -11.5625 , 11.375
426829  , 0.8013889 , -0.5277778 , 0.116666675    , 0.0 , 0.0 , -1.0    ,43.75 , -10.375 , 12.125
39146342  , 0.8277778 , -0.5 , 0.097222224    , 0.0 , 0.0 , -1.0    ,43.75 , -10.375 , 12.125
396341  , 0.8277778 , -0.5 , 0.097222224    , 0.0 , 0.0 , -1.0    ,43.75 , -9.125 , 12.5625
38323171  , 0.8361111 , -0.45277777 , 0.11388889    , 0.0 , 0.0 , -1.0    ,43.75 , -9.125 , 12.5625
243903  , 0.8361111 , -0.45277777 , 0.11388889    , 0.0 , 0.0 , -1.0    ,44.3125 , -7.625 , 12.375
38871951  , 0.8430556 , -0.48472223 , 0.034722224    , 0.0 , 0.0 , -1.0    ,44.3125 , -7.625 , 12.375
213415  , 0.8430556 , -0.48472223 , 0.034722224    , 0.0 , 0.0 , -1.0    ,45.3125 , -5.375 , 12.375
20579268  , 0.84722227 , -0.4652778 , -0.0    , 0.0 , 0.0 , -1.0    ,45.3125 , -5.375 , 12.375
243902  , 0.84722227 , -0.4652778 , -0.0    , 0.0 , 0.0 , -1.0    ,45.5625 , -3.625 , 12.125
39176829  , 0.8430556 , -0.3513889 , 0.019444445    , 0.0 , 0.0 , -1.0    ,45.5625 , -3.625 , 12.125
213414  , 0.8430556 , -0.3513889 , 0.019444445    , 0.0 , 0.0 , -1.0    ,45.3125 , -1.1875 , 12.375
30121951  , 0.81666666 , -0.22638889 , 0.031944446    , 0.0 , 0.0 , -1.0    ,45.3125 , -1.1875 , 12.375
365853  , 0.81666666 , -0.22638889 , 0.031944446    , 0.0 , 0.0 , -1.0    ,45.5625 , 1.5625 , 13.0625
39268293  , 0.79305553 , -0.14444445 , 0.015277779    , 0.0 , 0.0 , -1.0    ,45.5625 , 1.5625 , 13.0625
396341  , 0.79305553 , -0.14444445 , 0.015277779    , 0.0 , 0.0 , -1.0    ,44.8125 , 4.5 , 13.8125
39542683  , 0.81666666 , -0.058333337 , 0.03888889    , 0.0 , 0.0 , -1.0    ,44.8125 , 4.5 , 13.8125
396341  , 0.81666666 , -0.058333337 , 0.03888889    , 0.0 , 0.0 , -1.0    ,44.0625 , 8.0 , 14.0625
38932927  , 0.80833334 , -0.008333334 , 0.0625    , 0.0 , 0.0 , -1.0    ,44.0625 , 8.0 , 14.0625
426829  , 0.80833334 , -0.008333334 , 0.0625    , 0.0 , 0.0 , -1.0    ,43.75 , 11.6875 , 14.0625
39207317  , 0.80833334 , 0.08611111 , 0.058333337    , 0.0 , 0.0 , -1.0    ,43.75 , 11.6875 , 14.0625
426830  , 0.80833334 , 0.08611111 , 0.058333337    , 0.0 , 0.0 , -1.0    ,42.5 , 14.9375 , 13.5625
39329268  , 0.8208333 , 0.15972222 , 0.02777778    , 0.0 , 0.0 , -1.0    ,42.5 , 14.9375 , 13.5625
426829  , 0.8208333 , 0.15972222 , 0.02777778    , 0.0 , 0.0 , -1.0    ,41.25 , 17.6875 , 13.0625
38658536  , 0.83194447 , 0.24583335 , 0.08194444    , 0.0 , 0.0 , -1.0    ,41.25 , 17.6875 , 13.0625
426830  , 0.83194447 , 0.24583335 , 0.08194444    , 0.0 , 0.0 , -1.0    ,40.25 , 20.125 , 11.875
39054878  , 0.8208333 , 0.25416666 , 0.08194444    , 0.0 , 0.0 , -1.0    ,40.25 , 20.125 , 11.875
426829  , 0.8208333 , 0.25416666 , 0.08194444    , 0.0 , 0.0 , -1.0    ,38.6875 , 21.875 , 10.375
39176829  , 0.8430556 , 0.18333334 , 0.07361111    , 0.0 , 0.0 , -1.0    ,38.6875 , 21.875 , 10.375
396342  , 0.8430556 , 0.18333334 , 0.07361111    , 0.0 , 0.0 , -1.0    ,37.9375 , 23.625 , 9.6875
39085366  , 0.8666667 , 0.15972222 , 0.0625    , 0.0 , 0.0 , -1.0    ,37.9375 , 23.625 , 9.6875
426829  , 0.8666667 , 0.15972222 , 0.0625    , 0.0 , 0.0 , -1.0    ,37.6875 , 25.0625 , 8.9375
39268293  , 0.84722227 , 0.2847222 , 0.08611111    , 0.0 , 0.0 , -1.0    ,37.6875 , 25.0625 , 8.9375
426829  , 0.84722227 , 0.2847222 , 0.08611111    , 0.0 , 0.0 , -1.0    ,36.9375 , 26.5625 , 8.1875
39146341  , 0.8833334 , 0.29305556 , 0.09027778    , 0.0 , 0.0 , -1.0    ,36.9375 , 26.5625 , 8.1875
426829  , 0.8833334 , 0.29305556 , 0.09027778    , 0.0 , 0.0 , -1.0    ,36.4375 , 28.3125 , 7.6875
38932926  , 0.90555555 , 0.3013889 , 0.13611111    , 0.0 , 0.0 , -1.0    ,36.4375 , 28.3125 , 7.6875
426829  , 0.90555555 , 0.3013889 , 0.13611111    , 0.0 , 0.0 , -1.0    ,35.6875 , 29.8125 , 6.5
39024390  , 0.92222226 , 0.3402778 , 0.125    , 0.0 , 0.0 , -1.0    ,35.6875 , 29.8125 , 6.5
426829  , 0.92222226 , 0.3402778 , 0.125    , 0.0 , 0.0 , -1.0    ,34.625 , 31.5625 , 5.75
39176829  , 0.9458333 , 0.31666666 , 0.15277778    , 0.0 , 0.0 , -1.0    ,34.625 , 31.5625 , 5.75
457317  , 0.9458333 , 0.31666666 , 0.15277778    , 0.0 , 0.0 , -1.0    ,34.125 , 32.25 , 5.0
38963415  , 0.97638893 , 0.3236111 , 0.25    , 0.0 , 0.0 , -1.0    ,34.125 , 32.25 , 5.0
426829  , 0.97638893 , 0.3236111 , 0.25    , 0.0 , 0.0 , -1.0    ,33.625 , 32.5 , 4.0625
39237805  , 0.97638893 , 0.37083334 , 0.2847222    , 0.0 , 0.0 , -1.0    ,33.625 , 32.5 , 4.0625
426829  , 0.97638893 , 0.37083334 , 0.2847222    , 0.0 , 0.0 , -1.0    ,33.375 , 33.0 , 2.8125
39176829  , 1.0 , 0.42916667 , 0.25416666    , 0.0 , 0.0 , -1.0    ,33.375 , 33.0 , 2.8125
579269  , 1.0 , 0.42916667 , 0.25416666    , 0.0 , 0.0 , -1.0    ,32.375 , 33.0 , 1.375
38628049  , 0.9847223 , 0.4722222 , 0.125    , 0.0 , 0.0 , -1.0    ,32.375 , 33.0 , 1.375
426829  , 0.9847223 , 0.4722222 , 0.125    , 0.0 , 0.0 , -1.0    ,31.875 , 33.5 , 0.625
38140244  , 1.0305556 , 0.37916666 , 0.02777778    , 0.0 , 0.0 , -1.0    ,31.875 , 33.5 , 0.625
243902  , 1.0305556 , 0.37916666 , 0.02777778    , 0.0 , 0.0 , -1.0    ,32.125 , 33.5 , -0.125
40091463  , 1.0583334 , 0.32777777 , 0.14027779    , 0.0 , 0.0 , -1.0    ,32.125 , 33.5 , -0.125
213415  , 1.0583334 , 0.32777777 , 0.14027779    , 0.0 , 0.0 , -1.0    ,32.625 , 32.75 , -0.875
39969512  , 1.0708334 , 0.21111113 , 0.21111113    , 0.0 , 0.0 , -1.0    ,32.625 , 32.75 , -0.875
304878  , 1.0708334 , 0.21111113 , 0.21111113    , 0.0 , 0.0 , -1.0    ,34.125 , 32.0625 , -1.375
39786586  , 1.0666667 , 0.17916667 , 0.13611111    , 0.0 , 0.0 , -1.0    ,34.125 , 32.0625 , -1.375
396342  , 1.0666667 , 0.17916667 , 0.13611111    , 0.0 , 0.0 , -1.0    ,35.6875 , 30.5625 , -2.3125
38871951  , 1.0666667 , 0.08611111 , 0.18333334    , 0.0 , 0.0 , -1.0    ,35.6875 , 30.5625 , -2.3125
457317  , 1.0666667 , 0.08611111 , 0.18333334    , 0.0 , 0.0 , -1.0    ,37.1875 , 28.8125 , -3.3125
39054878  , 1.0861111 , -0.06666667 , 0.22638889    , 0.0 , 0.0 , -1.0    ,37.1875 , 28.8125 , -3.3125
426829  , 1.0861111 , -0.06666667 , 0.22638889    , 0.0 , 0.0 , -1.0    ,38.4375 , 26.8125 , -4.0625
39237805  , 1.1333333 , -0.1875 , 0.20694445    , 0.0 , 0.0 , -1.0    ,38.4375 , 26.8125 , -4.0625
426829  , 1.1333333 , -0.1875 , 0.20694445    , 0.0 , 0.0 , -1.0    ,39.1875 , 23.875 , -5.5
38750000  , 1.0819445 , -0.21527778 , 0.24583335    , 0.0 , 0.0 , -1.0    ,39.1875 , 23.875 , -5.5
426829  , 1.0819445 , -0.21527778 , 0.24583335    , 0.0 , 0.0 , -1.0    ,40.75 , 21.125 , -6.25
39115854  , 1.0902778 , -0.25 , 0.2611111    , 0.0 , 0.0 , -1.0    ,40.75 , 21.125 , -6.25
426829  , 1.0902778 , -0.25 , 0.2611111    , 0.0 , 0.0 , -1.0    ,42.0 , 18.375 , -7.1875
39115854  , 1.0861111 , -0.31666666 , 0.21944445    , 0.0 , 0.0 , -1.0    ,42.0 , 18.375 , -7.1875
426829  , 1.0861111 , -0.31666666 , 0.21944445    , 0.0 , 0.0 , -1.0    ,42.5 , 15.6875 , -8.1875
39664634  , 1.0777779 , -0.34444445 , 0.23472224    , 0.0 , 0.0 , -1.0    ,42.5 , 15.6875 , -8.1875
396342  , 1.0777779 , -0.34444445 , 0.23472224    , 0.0 , 0.0 , -1.0    ,43.25 , 13.4375 , -9.1875
38475610  , 1.0 , -0.2847222 , 0.21944445    , 0.0 , 0.0 , -1.0    ,43.25 , 13.4375 , -9.1875
396342  , 1.0 , -0.2847222 , 0.21944445    , 0.0 , 0.0 , -1.0    ,43.25 , 10.6875 , -10.625
39207317  , 0.9805556 , -0.32083333 , 0.2736111    , 0.0 , 0.0 , -1.0    ,43.25 , 10.6875 , -10.625
426829  , 0.9805556 , -0.32083333 , 0.2736111    , 0.0 , 0.0 , -1.0    ,43.0 , 8.75 , -12.125
39054878  , 0.97222227 , -0.31666666 , 0.24166667    , 0.0 , 0.0 , -1.0    ,43.0 , 8.75 , -12.125
396341  , 0.97222227 , -0.31666666 , 0.24166667    , 0.0 , 0.0 , -1.0    ,43.25 , 6.0 , -13.0625
39237805  , 0.9333334 , -0.35972223 , 0.21111113    , 0.0 , 0.0 , -1.0    ,43.25 , 6.0 , -13.0625
426829  , 0.9333334 , -0.35972223 , 0.21111113    , 0.0 , 0.0 , -1.0    ,43.25 , 3.5625 , -14.0625
38963415  , 0.9916667 , -0.5902778 , 0.28194445    , 0.0 , 0.0 , -1.0    ,43.25 , 3.5625 , -14.0625
426829  , 0.9916667 , -0.5902778 , 0.28194445    , 0.0 , 0.0 , -1.0    ,43.0 , 0.8125 , -14.8125
39298780  , 0.9680556 , -0.6597222 , 0.37083334    , 0.0 , 0.0 , -1.0    ,43.0 , 0.8125 , -14.8125
426829  , 0.9680556 , -0.6597222 , 0.37083334    , 0.0 , 0.0 , -1.0    ,42.5 , -2.9375 , -15.0625
38871951  , 0.89861107 , -0.6166667 , 0.2847222    , 0.0 , 0.0 , -1.0    ,42.5 , -2.9375 , -15.0625
426829  , 0.89861107 , -0.6166667 , 0.2847222    , 0.0 , 0.0 , -1.0    ,42.0 , -5.625 , -16.0
39451219  , 0.85555553 , -0.6402778 , 0.21111113    , 0.0 , 0.0 , -1.0    ,42.0 , -5.625 , -16.0
426829  , 0.85555553 , -0.6402778 , 0.21111113    , 0.0 , 0.0 , -1.0    ,41.0 , -8.375 , -16.5
38932926  , 0.8430556 , -0.71944445 , 0.21111113    , 0.0 , 0.0 , -1.0    ,41.0 , -8.375 , -16.5
426829  , 0.8430556 , -0.71944445 , 0.21111113    , 0.0 , 0.0 , -1.0    ,40.25 , -10.8125 , -16.5
39085366  , 0.7972222 , -0.76111114 , 0.25    , 0.0 , 0.0 , -1.0    ,40.25 , -10.8125 , -16.5
426829  , 0.7972222 , -0.76111114 , 0.25    , 0.0 , 0.0 , -1.0    ,39.1875 , -12.5625 , -17.0
39115854  , 0.7736111 , -0.7777778 , 0.23888889    , 0.0 , 0.0 , -1.0    ,39.1875 , -12.5625 , -17.0
426829  , 0.7736111 , -0.7777778 , 0.23888889    , 0.0 , 0.0 , -1.0    ,38.4375 , -15.0625 , -16.75
39329268  , 0.74583334 , -0.7263889 , 0.20694445    , 0.0 , 0.0 , -1.0    ,38.4375 , -15.0625 , -16.75
182927  , 0.74583334 , -0.7263889 , 0.20694445    , 0.0 , 0.0 , -1.0    ,37.9375 , -17.0625 , -16.5
43262195  , 0.7152778 , -0.7263889 , 0.20277779    , 0.0 , 0.0 , -1.0    ,37.9375 , -17.0625 , -16.5
182927  , 0.7152778 , -0.7263889 , 0.20277779    , 0.0 , 0.0 , -1.0    ,37.1875 , -18.75 , -17.0
25091464  , 0.69861114 , -0.72222227 , 0.1875    , 0.0 , 0.0 , -1.0    ,37.1875 , -18.75 , -17.0
243902  , 0.69861114 , -0.72222227 , 0.1875    , 0.0 , 0.0 , -1.0    ,37.1875 , -20.75 , -17.0
38993902  , 0.6638889 , -0.73472226 , 0.16805556    , 0.0 , 0.0 , -1.0    ,37.1875 , -20.75 , -17.0
243903  , 0.6638889 , -0.73472226 , 0.16805556    , 0.0 , 0.0 , -1.0    ,36.4375 , -21.75 , -17.25
30304878  , 0.6597222 , -0.7736111 , 0.16388889    , 0.0 , 0.0 , -1.0    ,36.4375 , -21.75 , -17.25
335365  , 0.6597222 , -0.7736111 , 0.16388889    , 0.0 , 0.0 , -1.0    ,36.1875 , -23.5 , -17.75
39329269  , 0.64444447 , -0.7736111 , 0.15694445    , 0.0 , 0.0 , -1.0    ,36.1875 , -23.5 , -17.75
365854  , 0.64444447 , -0.7736111 , 0.15694445    , 0.0 , 0.0 , -1.0    ,35.9375 , -24.25 , -17.75
39146342  , 0.625 , -0.79305553 , 0.19583334    , 0.0 , 0.0 , -1.0    ,35.9375 , -24.25 , -17.75
426830  , 0.625 , -0.79305553 , 0.19583334    , 0.0 , 0.0 , -1.0    ,35.375 , -24.9375 , -17.5
38993903  , 0.625 , -0.7652778 , 0.18333334    , 0.0 , 0.0 , -1.0    ,35.375 , -24.9375 , -17.5
426829  , 0.625 , -0.7652778 , 0.18333334    , 0.0 , 0.0 , -1.0    ,35.125 , -25.4375 , -17.5
39115853  , 0.6333333 , -0.7416667 , 0.097222224    , 0.0 , 0.0 , -1.0    ,35.125 , -25.4375 , -17.5
426829  , 0.6333333 , -0.7416667 , 0.097222224    , 0.0 , 0.0 , -1.0    ,34.875 , -24.75 , -17.5
39329269  , 0.6291667 , -0.6958334 , 0.11388889    , 0.0 , 0.0 , -1.0    ,34.875 , -24.75 , -17.5
426829  , 0.6291667 , -0.6958334 , 0.11388889    , 0.0 , 0.0 , -1.0    ,34.875 , -24.5 , -17.5
38750000  , 0.6291667 , -0.7152778 , 0.14027779    , 0.0 , 0.0 , -1.0    ,34.875 , -24.5 , -17.5
426829  , 0.6291667 , -0.7152778 , 0.14027779    , 0.0 , 0.0 , -1.0    ,34.875 , -23.5 , -18.0
39359756  , 0.6402778 , -0.68333334 , 0.08611111    , 0.0 , 0.0 , -1.0    ,34.875 , -23.5 , -18.0
426830  , 0.6402778 , -0.68333334 , 0.08611111    , 0.0 , 0.0 , -1.0    ,35.375 , -22.75 , -17.5
38932927  , 0.65555555 , -0.61388886 , 0.12083334    , 0.0 , 0.0 , -1.0    ,35.375 , -22.75 , -17.5
396342  , 0.65555555 , -0.61388886 , 0.12083334    , 0.0 , 0.0 , -1.0    ,36.4375 , -21.75 , -16.75
39146342  , 0.6875 , -0.55833334 , 0.08611111    , 0.0 , 0.0 , -1.0    ,36.4375 , -21.75 , -16.75
426829  , 0.6875 , -0.55833334 , 0.08611111    , 0.0 , 0.0 , -1.0    ,37.1875 , -20.75 , -16.5
39024390  , 0.72222227 , -0.5 , 0.008333334    , 0.0 , 0.0 , -1.0    ,37.1875 , -20.75 , -16.5
426829  , 0.72222227 , -0.5 , 0.008333334    , 0.0 , 0.0 , -1.0    ,38.4375 , -18.75 , -16.0
39481708  , 0.75 , -0.37916666 , 0.02777778    , 0.0 , 0.0 , -1.0    ,38.4375 , -18.75 , -16.0
426829  , 0.75 , -0.37916666 , 0.02777778    , 0.0 , 0.0 , -1.0    ,39.75 , -16.0625 , -16.25
38780488  , 0.8041667 , -0.3638889 , 0.08611111    , 0.0 , 0.0 , -1.0    ,39.75 , -16.0625 , -16.25
426829  , 0.8041667 , -0.3638889 , 0.08611111    , 0.0 , 0.0 , -1.0    ,40.75 , -13.0625 , -16.75
38262195  , 0.81250006 , -0.2888889 , 0.094444446    , 0.0 , 0.0 , -1.0    ,40.75 , -13.0625 , -16.75
213415  , 0.81250006 , -0.2888889 , 0.094444446    , 0.0 , 0.0 , -1.0    ,42.0 , -9.875 , -16.25
40670732  , 0.83194447 , -0.25416666 , 0.058333337    , 0.0 , 0.0 , -1.0    ,42.0 , -9.875 , -16.25
335366  , 0.83194447 , -0.25416666 , 0.058333337    , 0.0 , 0.0 , -1.0    ,42.75 , -7.125 , -16.0
39420732  , 0.8430556 , -0.21944445 , 0.094444446    , 0.0 , 0.0 , -1.0    ,42.75 , -7.125 , -16.0
365854  , 0.8430556 , -0.21944445 , 0.094444446    , 0.0 , 0.0 , -1.0    ,43.5 , -4.125 , -15.75
38932927  , 0.8666667 , -0.1875 , 0.0625    , 0.0 , 0.0 , -1.0    ,43.5 , -4.125 , -15.75
426829  , 0.8666667 , -0.1875 , 0.0625    , 0.0 , 0.0 , -1.0    ,43.5 , -1.6875 , -15.0625
42560975  , 0.85555553 , -0.097222224 , 0.004166667    , 0.0 , 0.0 , -1.0    ,43.5 , -1.6875 , -15.0625
426829  , 0.85555553 , -0.097222224 , 0.004166667    , 0.0 , 0.0 , -1.0    ,43.75 , 0.8125 , -15.0625
35487805  , 0.8666667 , -0.07361111 , -0.023611112    , 0.0 , 0.0 , -1.0    ,43.75 , 0.8125 , -15.0625
182926  , 0.8666667 , -0.07361111 , -0.023611112    , 0.0 , 0.0 , -1.0    ,43.75 , 2.8125 , -14.8125
39024390  , 0.88611114 , -0.03888889 , 0.015277779    , 0.0 , 0.0 , -1.0    ,43.75 , 2.8125 , -14.8125
182927  , 0.88611114 , -0.03888889 , 0.015277779    , 0.0 , 0.0 , -1.0    ,43.5 , 5.0 , -14.5625
39969512  , 0.94166666 , -0.011111111 , 0.06666667    , 0.0 , 0.0 , -1.0    ,43.5 , 5.0 , -14.5625
304878  , 0.94166666 , -0.011111111 , 0.06666667    , 0.0 , 0.0 , -1.0    ,43.25 , 6.75 , -14.5625
39939024  , 0.9652778 , 0.054166667 , 0.094444446    , 0.0 , 0.0 , -1.0    ,43.25 , 6.75 , -14.5625
396342  , 0.9652778 , 0.054166667 , 0.094444446    , 0.0 , 0.0 , -1.0    ,42.75 , 9.0 , -15.0625
38902439  , 1.0111111 , 0.116666675 , 0.058333337    , 0.0 , 0.0 , -1.0    ,42.75 , 9.0 , -15.0625
426829  , 1.0111111 , 0.116666675 , 0.058333337    , 0.0 , 0.0 , -1.0    ,42.25 , 10.6875 , -15.5
38750000  , 1.0194445 , 0.13611111 , 0.03888889    , 0.0 , 0.0 , -1.0    ,42.25 , 10.6875 , -15.5
426829  , 1.0194445 , 0.13611111 , 0.03888889    , 0.0 , 0.0 , -1.0    ,41.5 , 11.4375 , -16.0
39085366  , 1.0 , 0.14861111 , 0.14444445    , 0.0 , 0.0 , -1.0    ,41.5 , 11.4375 , -16.0
457317  , 1.0 , 0.14861111 , 0.14444445    , 0.0 , 0.0 , -1.0    ,41.25 , 12.9375 , -16.75
39146341  , 1.0236112 , 0.12916666 , 0.14444445    , 0.0 , 0.0 , -1.0    ,41.25 , 12.9375 , -16.75
426830  , 1.0236112 , 0.12916666 , 0.14444445    , 0.0 , 0.0 , -1.0    ,40.5 , 13.6875 , -17.0
39024390  , 1.0430555 , 0.08194444 , 0.09027778    , 0.0 , 0.0 , -1.0    ,40.5 , 13.6875 , -17.0
426829  , 1.0430555 , 0.08194444 , 0.09027778    , 0.0 , 0.0 , -1.0    ,39.75 , 14.4375 , -17.25
39054878  , 1.0388889 , 0.125 , 0.101388894    , 0.0 , 0.0 , -1.0    ,39.75 , 14.4375 , -17.25
426829  , 1.0388889 , 0.125 , 0.101388894    , 0.0 , 0.0 , -1.0    ,40.0 , 15.1875 , -17.25
39176829  , 1.0388889 , 0.125 , 0.094444446    , 0.0 , 0.0 , -1.0    ,40.0 , 15.1875 , -17.25
426830  , 1.0388889 , 0.125 , 0.094444446    , 0.0 , 0.0 , -1.0    ,39.75 , 15.1875 , -17.0
39085366  , 1.0541667 , 0.11388889 , 0.08611111    , 0.0 , 0.0 , -1.0    ,39.75 , 15.1875 , -17.0
426829  , 1.0541667 , 0.11388889 , 0.08611111    , 0.0 , 0.0 , -1.0    ,39.75 , 15.6875 , -17.25
38963415  , 1.0513889 , 0.21805556 , 0.097222224    , 0.0 , 0.0 , -1.0    ,39.75 , 15.6875 , -17.25
396341  , 1.0513889 , 0.21805556 , 0.097222224    , 0.0 , 0.0 , -1.0    ,40.0 , 15.9375 , -17.5
39390244  , 1.0277778 , 0.32777777 , 0.11388889    , 0.0 , 0.0 , -1.0    ,40.0 , 15.9375 , -17.5
426829  , 1.0277778 , 0.32777777 , 0.11388889    , 0.0 , 0.0 , -1.0    ,39.4375 , 15.9375 , -18.1875
38810976  , 1.0305556 , 0.33611113 , 0.116666675    , 0.0 , 0.0 , -1.0    ,39.4375 , 15.9375 , -18.1875
457317  , 1.0305556 , 0.33611113 , 0.116666675    , 0.0 , 0.0 , -1.0    ,39.75 , 15.1875 , -19.1875
39237805  , 1.0277778 , 0.21805556 , 0.20694445    , 0.0 , 0.0 , -1.0    ,39.75 , 15.1875 , -19.1875
426829  , 1.0277778 , 0.21805556 , 0.20694445    , 0.0 , 0.0 , -1.0    ,40.0 , 13.4375 , -20.4375
39176829  , 1.0736111 , 0.08194444 , 0.19861111    , 0.0 , 0.0 , -1.0    ,40.0 , 13.4375 , -20.4375
396342  , 1.0736111 , 0.08194444 , 0.19861111    , 0.0 , 0.0 , -1.0    ,40.0 , 11.6875 , -21.375
38841464  , 1.0194445 , 0.030555557 , 0.32083333    , 0.0 , 0.0 , -1.0    ,40.0 , 11.6875 , -21.375
426829  , 1.0194445 , 0.030555557 , 0.32083333    , 0.0 , 0.0 , -1.0    ,40.0 , 9.0 , -22.875
39268293  , 1.0777779 , -0.094444446 , 0.25833333    , 0.0 , 0.0 , -1.0    ,40.0 , 9.0 , -22.875
426829  , 1.0777779 , -0.094444446 , 0.25833333    , 0.0 , 0.0 , -1.0    ,39.75 , 6.0 , -24.3125
39146341  , 1.0472223 , -0.24583335 , 0.32083333    , 0.0 , 0.0 , -1.0    ,39.75 , 6.0 , -24.3125
396342  , 1.0472223 , -0.24583335 , 0.32083333    , 0.0 , 0.0 , -1.0    ,38.9375 , 2.3125 , -25.0625
38841464  , 1.1097223 , -0.39027777 , 0.34722224    , 0.0 , 0.0 , -1.0    ,38.9375 , 2.3125 , -25.0625
396341  , 1.1097223 , -0.39027777 , 0.34722224    , 0.0 , 0.0 , -1.0    ,37.9375 , -1.6875 , -26.5
39176829  , 1.113889 , -0.44583336 , 0.32083333    , 0.0 , 0.0 , -1.0    ,37.9375 , -1.6875 , -26.5
396342  , 1.113889 , -0.44583336 , 0.32083333    , 0.0 , 0.0 , -1.0    ,37.4375 , -4.625 , -26.75
39085366  , 1.0513889 , -0.42916667 , 0.26944447    , 0.0 , 0.0 , -1.0    ,37.4375 , -4.625 , -26.75
396342  , 1.0513889 , -0.42916667 , 0.26944447    , 0.0 , 0.0 , -1.0    ,36.4375 , -7.625 , -27.5
38871952  , 1.0236112 , -0.45694444 , 0.3236111    , 0.0 , 0.0 , -1.0    ,36.4375 , -7.625 , -27.5
182927  , 1.0236112 , -0.45694444 , 0.3236111    , 0.0 , 0.0 , -1.0    ,35.9375 , -9.625 , -27.75
39512195  , 1.0152779 , -0.4263889 , 0.38333336    , 0.0 , 0.0 , -1.0    ,35.9375 , -9.625 , -27.75
213415  , 1.0152779 , -0.4263889 , 0.38333336    , 0.0 , 0.0 , -1.0    ,35.375 , -11.5625 , -28.0
39725610  , 0.90555555 , -0.3236111 , 0.2888889    , 0.0 , 0.0 , -1.0    ,35.375 , -11.5625 , -28.0
243902  , 0.90555555 , -0.3236111 , 0.2888889    , 0.0 , 0.0 , -1.0    ,34.125 , -14.0625 , -28.5
40000000  , 0.9527778 , -0.45277777 , 0.3402778    , 0.0 , 0.0 , -1.0    ,34.125 , -14.0625 , -28.5
396342  , 0.9527778 , -0.45277777 , 0.3402778    , 0.0 , 0.0 , -1.0    ,32.875 , -16.0625 , -28.75
39298780  , 0.87083334 , -0.3861111 , 0.40694445    , 0.0 , 0.0 , -1.0    ,32.875 , -16.0625 , -28.75
426829  , 0.87083334 , -0.3861111 , 0.40694445    , 0.0 , 0.0 , -1.0    ,31.375 , -18.0 , -29.1875
38384147  , 0.8513889 , -0.4263889 , 0.26944447    , 0.0 , 0.0 , -1.0    ,31.375 , -18.0 , -29.1875
426829  , 0.8513889 , -0.4263889 , 0.26944447    , 0.0 , 0.0 , -1.0    ,30.3125 , -19.5 , -29.0
39146341  , 0.8208333 , -0.46111113 , 0.34722224    , 0.0 , 0.0 , -1.0    ,30.3125 , -19.5 , -29.0
426829  , 0.8208333 , -0.46111113 , 0.34722224    , 0.0 , 0.0 , -1.0    ,29.0625 , -21.0 , -28.5
39054878  , 0.84722227 , -0.53472227 , 0.40694445    , 0.0 , 0.0 , -1.0    ,29.0625 , -21.0 , -28.5
426829  , 0.84722227 , -0.53472227 , 0.40694445    , 0.0 , 0.0 , -1.0    ,27.3125 , -22.75 , -27.5
39146341  , 0.8208333 , -0.6291667 , 0.37083334    , 0.0 , 0.0 , -1.0    ,27.3125 , -22.75 , -27.5
426829  , 0.8208333 , -0.6291667 , 0.37083334    , 0.0 , 0.0 , -1.0    ,26.0 , -24.75 , -26.75
39298780  , 0.81250006 , -0.68333334 , 0.3513889    , 0.0 , 0.0 , -1.0    ,26.0 , -24.75 , -26.75
426830  , 0.81250006 , -0.68333334 , 0.3513889    , 0.0 , 0.0 , -1.0    ,24.0 , -26.9375 , -26.5
38841464  , 0.81250006 , -0.73472226 , 0.29305556    , 0.0 , 0.0 , -1.0    ,24.0 , -26.9375 , -26.5
426829  , 0.81250006 , -0.73472226 , 0.29305556    , 0.0 , 0.0 , -1.0    ,23.0 , -28.9375 , -26.5
39146341  , 0.81666666 , -0.71944445 , 0.375    , 0.0 , 0.0 , -1.0    ,23.0 , -28.9375 , -26.5
426829  , 0.81666666 , -0.71944445 , 0.375    , 0.0 , 0.0 , -1.0    ,22.6875 , -30.1875 , -26.0625
39054878  , 0.7972222 , -0.62083334 , 0.32083333    , 0.0 , 0.0 , -1.0    ,22.6875 , -30.1875 , -26.0625
426829  , 0.7972222 , -0.62083334 , 0.32083333    , 0.0 , 0.0 , -1.0    ,22.6875 , -30.6875 , -25.8125
39054878  , 0.76111114 , -0.5236111 , 0.29305556    , 0.0 , 0.0 , -1.0    ,22.6875 , -30.6875 , -25.8125
426830  , 0.76111114 , -0.5236111 , 0.29305556    , 0.0 , 0.0 , -1.0    ,23.75 , -30.6875 , -24.5625
39115854  , 0.78055555 , -0.51111114 , 0.25416666    , 0.0 , 0.0 , -1.0    ,23.75 , -30.6875 , -24.5625
426830  , 0.78055555 , -0.51111114 , 0.25416666    , 0.0 , 0.0 , -1.0    ,25.0 , -30.6875 , -22.875
39237805  , 0.7652778 , -0.41805556 , 0.20277779    , 0.0 , 0.0 , -1.0    ,25.0 , -30.6875 , -22.875
426830  , 0.7652778 , -0.41805556 , 0.20277779    , 0.0 , 0.0 , -1.0    ,27.0 , -29.6875 , -22.125
39024391  , 0.81250006 , -0.42222226 , 0.06666667    , 0.0 , 0.0 , -1.0    ,27.0 , -29.6875 , -22.125
426829  , 0.81250006 , -0.42222226 , 0.06666667    , 0.0 , 0.0 , -1.0    ,29.5625 , -28.9375 , -20.6875
39298780  , 0.8277778 , -0.38333336 , 0.054166667    , 0.0 , 0.0 , -1.0    ,29.5625 , -28.9375 , -20.6875
426829  , 0.8277778 , -0.38333336 , 0.054166667    , 0.0 , 0.0 , -1.0    ,31.375 , -27.9375 , -20.1875
38902439  , 0.82361114 , -0.3236111 , 0.019444445    , 0.0 , 0.0 , -1.0    ,31.375 , -27.9375 , -20.1875
426829  , 0.82361114 , -0.3236111 , 0.019444445    , 0.0 , 0.0 , -1.0    ,33.125 , -25.9375 , -19.1875
39176829  , 0.86388886 , -0.3013889 , 0.03888889    , 0.0 , 0.0 , -1.0    ,33.125 , -25.9375 , -19.1875
426829  , 0.86388886 , -0.3013889 , 0.03888889    , 0.0 , 0.0 , -1.0    ,34.875 , -24.5 , -17.75
39390243  , 0.8666667 , -0.23888889 , 0.07777778    , 0.0 , 0.0 , -1.0    ,34.875 , -24.5 , -17.75
426829  , 0.8666667 , -0.23888889 , 0.07777778    , 0.0 , 0.0 , -1.0    ,36.1875 , -22.5 , -16.5
38658536  , 0.8277778 , -0.14861111 , -0.0    , 0.0 , 0.0 , -1.0    ,36.1875 , -22.5 , -16.5
243902  , 0.8277778 , -0.14861111 , -0.0    , 0.0 , 0.0 , -1.0    ,38.1875 , -20.5 , -15.0625
38841463  , 0.8597222 , -0.116666675 , -0.011111111    , 0.0 , 0.0 , -1.0    ,38.1875 , -20.5 , -15.0625
182927  , 0.8597222 , -0.116666675 , -0.011111111    , 0.0 , 0.0 , -1.0    ,39.4375 , -18.75 , -15.0625
41432926  , 0.87083334 , -0.0625 , -0.019444445    , 0.0 , 0.0 , -1.0    ,39.4375 , -18.75 , -15.0625
304878  , 0.87083334 , -0.0625 , -0.019444445    , 0.0 , 0.0 , -1.0    ,40.75 , -17.0625 , -14.8125
38323171  , 0.85555553 , 0.023611112 , -0.08611111    , 0.0 , 0.0 , -1.0    ,40.75 , -17.0625 , -14.8125
365854  , 0.85555553 , 0.023611112 , -0.08611111    , 0.0 , 0.0 , -1.0    ,41.5 , -15.0625 , -14.3125
39878048  , 0.92916673 , -0.004166667 , -0.02777778    , 0.0 , 0.0 , -1.0    ,41.5 , -15.0625 , -14.3125
426829  , 0.92916673 , -0.004166667 , -0.02777778    , 0.0 , 0.0 , -1.0    ,42.5 , -13.8125 , -14.3125
38323171  , 0.95694447 , 0.011111111 , 0.05138889    , 0.0 , 0.0 , -1.0    ,42.5 , -13.8125 , -14.3125
457317  , 0.95694447 , 0.011111111 , 0.05138889    , 0.0 , 0.0 , -1.0    ,43.25 , -12.8125 , -14.3125
39176830  , 0.99583334 , -0.034722224 , 0.004166667    , 0.0 , 0.0 , -1.0    ,43.25 , -12.8125 , -14.3125
457317  , 0.99583334 , -0.034722224 , 0.004166667    , 0.0 , 0.0 , -1.0    ,42.75 , -12.5625 , -14.5625
38963414  , 1.0305556 , -0.07083333 , 0.047222223    , 0.0 , 0.0 , -1.0    ,42.75 , -12.5625 , -14.5625
1524390  , 1.0305556 , -0.07083333 , 0.047222223    , 0.0 , 0.0 , -1.0    ,42.75 , -13.0625 , -15.75
37896342  , 1.0388889 , -0.06666667 , 0.07361111    , 0.0 , 0.0 , -1.0    ,42.75 , -13.0625 , -15.75
426829  , 1.0388889 , -0.06666667 , 0.07361111    , 0.0 , 0.0 , -1.0    ,42.0 , -13.0625 , -15.75
39085366  , 1.0472223 , -0.047222223 , 0.058333337    , 0.0 , 0.0 , -1.0    ,42.0 , -13.0625 , -15.75
426829  , 1.0472223 , -0.047222223 , 0.058333337    , 0.0 , 0.0 , -1.0    ,41.75 , -13.0625 , -15.75
39146341  , 1.0625 , -0.07083333 , 0.11388889    , 0.0 , 0.0 , -1.0    ,41.75 , -13.0625 , -15.75
426830  , 1.0625 , -0.07083333 , 0.11388889    , 0.0 , 0.0 , -1.0    ,42.0 , -12.8125 , -16.0
39298781  , 1.0777779 , -0.0625 , 0.12083334    , 0.0 , 0.0 , -1.0    ,42.0 , -12.8125 , -16.0
457317  , 1.0777779 , -0.0625 , 0.12083334    , 0.0 , 0.0 , -1.0    ,41.75 , -13.3125 , -15.75
39024390  , 1.0152779 , 0.019444445 , 0.0625    , 0.0 , 0.0 , -1.0    ,41.75 , -13.3125 , -15.75
426829  , 1.0152779 , 0.019444445 , 0.0625    , 0.0 , 0.0 , -1.0    ,41.25 , -13.0625 , -16.25
38810975  , 1.0513889 , -0.034722224 , 0.15277778    , 0.0 , 0.0 , -1.0    ,41.25 , -13.0625 , -16.25
182927  , 1.0513889 , -0.034722224 , 0.15277778    , 0.0 , 0.0 , -1.0    ,41.0 , -13.0625 , -16.5
39817073  , 1.0513889 , -0.031944446 , 0.17916667    , 0.0 , 0.0 , -1.0    ,41.0 , -13.0625 , -16.5
304878  , 1.0513889 , -0.031944446 , 0.17916667    , 0.0 , 0.0 , -1.0    ,40.25 , -13.3125 , -17.25
39817074  , 1.0513889 , -0.058333337 , 0.19583334    , 0.0 , 0.0 , -1.0    ,40.25 , -13.3125 , -17.25
335366  , 1.0513889 , -0.058333337 , 0.19583334    , 0.0 , 0.0 , -1.0    ,40.0 , -13.0625 , -17.75
39451219  , 1.0388889 , -0.023611112 , 0.15277778    , 0.0 , 0.0 , -1.0    ,40.0 , -13.0625 , -17.75
365854  , 1.0388889 , -0.023611112 , 0.15277778    , 0.0 , 0.0 , -1.0    ,40.0 , -13.5625 , -17.75
