time, x, y, z, orX, orY, orZ, orRowX, orRowY, orRowZ
58871951  , 0.48472223 , -0.8666667 , 0.17222223    , 0.0 , 0.0 , -1.0    ,28.875 , -36.75 , 13.0
182926  , 0.48472223 , -0.8666667 , 0.17222223    , 0.0 , 0.0 , -1.0    ,29.125 , -37.0 , 13.5
42774390  , 0.4916667 , -0.89027786 , 0.15972222    , 0.0 , 0.0 , -1.0    ,29.125 , -37.0 , 13.5
182927  , 0.4916667 , -0.89027786 , 0.15972222    , 0.0 , 0.0 , -1.0    ,28.625 , -37.0 , 13.25
48810976  , 0.4763889 , -0.9027778 , 0.14861111    , 0.0 , 0.0 , -1.0    ,28.625 , -37.0 , 13.25
213415  , 0.4763889 , -0.9027778 , 0.14861111    , 0.0 , 0.0 , -1.0    ,28.375 , -37.25 , 13.25
24237805  , 0.48888892 , -0.89861107 , 0.15277778    , 0.0 , 0.0 , -1.0    ,28.375 , -37.25 , 13.25
4573171  , 0.48888892 , -0.89861107 , 0.15277778    , 0.0 , 0.0 , -1.0    ,28.125 , -37.5 , 13.0
23231707  , 0.4916667 , -0.93750006 , 0.17222223    , 0.0 , 0.0 , -1.0    ,28.125 , -37.5 , 13.0
213415  , 0.4916667 , -0.93750006 , 0.17222223    , 0.0 , 0.0 , -1.0    ,27.875 , -37.75 , 12.5
28689024  , 0.48888892 , -0.89861107 , 0.15694445    , 0.0 , 0.0 , -1.0    ,27.875 , -37.75 , 12.5
243903  , 0.48888892 , -0.89861107 , 0.15694445    , 0.0 , 0.0 , -1.0    ,28.125 , -37.75 , 12.3125
41981707  , 0.48055556 , -0.8833334 , 0.17222223    , 0.0 , 0.0 , -1.0    ,28.125 , -37.75 , 12.3125
182927  , 0.48055556 , -0.8833334 , 0.17222223    , 0.0 , 0.0 , -1.0    ,28.375 , -37.5 , 12.5
31463414  , 0.48888892 , -0.88611114 , 0.1875    , 0.0 , 0.0 , -1.0    ,28.375 , -37.5 , 12.5
182927  , 0.48888892 , -0.88611114 , 0.1875    , 0.0 , 0.0 , -1.0    ,28.625 , -37.75 , 12.0625
30304878  , 0.4916667 , -0.8833334 , 0.19861111    , 0.0 , 0.0 , -1.0    ,28.625 , -37.75 , 12.0625
182927  , 0.4916667 , -0.8833334 , 0.19861111    , 0.0 , 0.0 , -1.0    ,28.625 , -38.0 , 12.3125
29085366  , 0.4916667 , -0.8791667 , 0.15972222    , 0.0 , 0.0 , -1.0    ,28.625 , -38.0 , 12.3125
213414  , 0.4916667 , -0.8791667 , 0.15972222    , 0.0 , 0.0 , -1.0    ,28.875 , -38.25 , 12.75
40853658  , 0.4916667 , -0.8791667 , 0.16805556    , 0.0 , 0.0 , -1.0    ,28.875 , -38.25 , 12.75
243902  , 0.4916667 , -0.8791667 , 0.16805556    , 0.0 , 0.0 , -1.0    ,28.625 , -38.0 , 13.0
29725610  , 0.5513889 , -0.95694447 , 0.15694445    , 0.0 , 0.0 , -1.0    ,28.625 , -38.0 , 13.0
213415  , 0.5513889 , -0.95694447 , 0.15694445    , 0.0 , 0.0 , -1.0    ,28.875 , -37.5 , 13.75
182927  , 0.5708333 , -1.0041667 , 0.17222223    , 0.0 , 0.0 , -1.0    ,28.875 , -37.5 , 13.75
182926  , 0.5708333 , -1.0041667 , 0.17222223    , 0.0 , 0.0 , -1.0    ,28.625 , -37.0 , 13.75
55914634  , 0.5861111 , -0.9847223 , 0.19583334    , 0.0 , 0.0 , -1.0    ,28.625 , -37.0 , 13.75
213415  , 0.5861111 , -0.9847223 , 0.19583334    , 0.0 , 0.0 , -1.0    ,28.625 , -37.25 , 14.25
36859756  , 0.625 , -0.9916667 , 0.19861111    , 0.0 , 0.0 , -1.0    ,28.625 , -37.25 , 14.25
243903  , 0.625 , -0.9916667 , 0.19861111    , 0.0 , 0.0 , -1.0    ,29.125 , -37.25 , 14.25
57103658  , 0.67222226 , -1.0513889 , 0.18333334    , 0.0 , 0.0 , -1.0    ,29.125 , -37.25 , 14.25
243902  , 0.67222226 , -1.0513889 , 0.18333334    , 0.0 , 0.0 , -1.0    ,29.125 , -36.5 , 14.25
49725609  , 0.68333334 , -1.0430555 , 0.15972222    , 0.0 , 0.0 , -1.0    ,29.125 , -36.5 , 14.25
182926  , 0.68333334 , -1.0430555 , 0.15972222    , 0.0 , 0.0 , -1.0    ,29.875 , -36.25 , 14.0
182927  , 0.6763889 , -0.98888886 , 0.116666675    , 0.0 , 0.0 , -1.0    ,29.875 , -36.25 , 14.0
182927  , 0.6763889 , -0.98888886 , 0.116666675    , 0.0 , 0.0 , -1.0    ,30.875 , -35.25 , 13.25
40518293  , 0.6527778 , -0.92222226 , 0.09027778    , 0.0 , 0.0 , -1.0    ,30.875 , -35.25 , 13.25
182927  , 0.6527778 , -0.92222226 , 0.09027778    , 0.0 , 0.0 , -1.0    ,31.4375 , -34.0 , 13.5
3780488  , 0.65555555 , -0.9027778 , 0.116666675    , 0.0 , 0.0 , -1.0    ,31.4375 , -34.0 , 13.5
13628049  , 0.65555555 , -0.9027778 , 0.116666675    , 0.0 , 0.0 , -1.0    ,32.4375 , -33.25 , 13.75
45243902  , 0.6597222 , -0.85555553 , 0.13333334    , 0.0 , 0.0 , -1.0    ,32.4375 , -33.25 , 13.75
213414  , 0.6597222 , -0.85555553 , 0.13333334    , 0.0 , 0.0 , -1.0    ,33.4375 , -32.0625 , 14.5
23414634  , 0.6402778 , -0.78472227 , 0.15277778    , 0.0 , 0.0 , -1.0    ,33.4375 , -32.0625 , 14.5
182927  , 0.6402778 , -0.78472227 , 0.15277778    , 0.0 , 0.0 , -1.0    ,34.1875 , -30.3125 , 15.25
31707317  , 0.6402778 , -0.7777778 , 0.15277778    , 0.0 , 0.0 , -1.0    ,34.1875 , -30.3125 , 15.25
182927  , 0.6402778 , -0.7777778 , 0.15277778    , 0.0 , 0.0 , -1.0    ,35.75 , -28.8125 , 15.4375
30091463  , 0.6763889 , -0.73472226 , 0.11388889    , 0.0 , 0.0 , -1.0    ,35.75 , -28.8125 , 15.4375
243903  , 0.6763889 , -0.73472226 , 0.11388889    , 0.0 , 0.0 , -1.0    ,37.25 , -26.8125 , 15.4375
17378049  , 0.69861114 , -0.6791667 , 0.094444446    , 0.0 , 0.0 , -1.0    ,37.25 , -26.8125 , 15.4375
26402438  , 0.69861114 , -0.6791667 , 0.094444446    , 0.0 , 0.0 , -1.0    ,39.0 , -24.375 , 15.6875
25609756  , 0.7111111 , -0.61388886 , 0.10972223    , 0.0 , 0.0 , -1.0    ,39.0 , -24.375 , 15.6875
182927  , 0.7111111 , -0.61388886 , 0.10972223    , 0.0 , 0.0 , -1.0    ,40.5625 , -21.375 , 16.4375
24390244  , 0.7152778 , -0.5277778 , 0.097222224    , 0.0 , 0.0 , -1.0    ,40.5625 , -21.375 , 16.4375
182927  , 0.7152778 , -0.5277778 , 0.097222224    , 0.0 , 0.0 , -1.0    ,41.5625 , -18.375 , 16.6875
47621951  , 0.6958334 , -0.4486111 , 0.07777778    , 0.0 , 0.0 , -1.0    ,41.5625 , -18.375 , 16.6875
182926  , 0.6958334 , -0.4486111 , 0.07777778    , 0.0 , 0.0 , -1.0    ,42.5625 , -15.4375 , 17.1875
44207317  , 0.70694447 , -0.32083333 , 0.023611112    , 0.0 , 0.0 , -1.0    ,42.5625 , -15.4375 , 17.1875
1524390  , 0.70694447 , -0.32083333 , 0.023611112    , 0.0 , 0.0 , -1.0    ,43.0625 , -11.8125 , 18.0625
21189024  , 0.70694447 , -0.14444445 , 0.08194444    , 0.0 , 0.0 , -1.0    ,43.0625 , -11.8125 , 18.0625
182927  , 0.70694447 , -0.14444445 , 0.08194444    , 0.0 , 0.0 , -1.0    ,43.875 , -8.875 , 18.0625
24573171  , 0.7416667 , -0.07083333 , 0.094444446    , 0.0 , 0.0 , -1.0    ,43.875 , -8.875 , 18.0625
213414  , 0.7416667 , -0.07083333 , 0.094444446    , 0.0 , 0.0 , -1.0    ,44.375 , -5.625 , 18.75
26158536  , 0.74583334 , 0.047222223 , 0.101388894    , 0.0 , 0.0 , -1.0    ,44.375 , -5.625 , 18.75
213414  , 0.74583334 , 0.047222223 , 0.101388894    , 0.0 , 0.0 , -1.0    ,44.625 , -2.1875 , 19.0
16493902  , 0.75 , 0.12916666 , 0.097222224    , 0.0 , 0.0 , -1.0    ,44.625 , -2.1875 , 19.0
213415  , 0.75 , 0.12916666 , 0.097222224    , 0.0 , 0.0 , -1.0    ,44.375 , 1.0625 , 19.25
40243903  , 0.7777778 , 0.13333334 , 0.0625    , 0.0 , 0.0 , -1.0    ,44.375 , 1.0625 , 19.25
304878  , 0.7777778 , 0.13333334 , 0.0625    , 0.0 , 0.0 , -1.0    ,44.375 , 4.25 , 19.25
39542683  , 0.8361111 , 0.14861111 , 0.034722224    , 0.0 , 0.0 , -1.0    ,44.375 , 4.25 , 19.25
426829  , 0.8361111 , 0.14861111 , 0.034722224    , 0.0 , 0.0 , -1.0    ,44.125 , 7.25 , 19.5
38871951  , 0.87083334 , 0.09027778 , 0.008333334    , 0.0 , 0.0 , -1.0    ,44.125 , 7.25 , 19.5
426830  , 0.87083334 , 0.09027778 , 0.008333334    , 0.0 , 0.0 , -1.0    ,43.3125 , 9.5 , 19.5
39085366  , 0.89027786 , 0.17916667 , 0.043055557    , 0.0 , 0.0 , -1.0    ,43.3125 , 9.5 , 19.5
426830  , 0.89027786 , 0.17916667 , 0.043055557    , 0.0 , 0.0 , -1.0    ,42.5 , 11.0625 , 20.0
39359756  , 0.8944445 , 0.20694445 , 0.07361111    , 0.0 , 0.0 , -1.0    ,42.5 , 11.0625 , 20.0
426829  , 0.8944445 , 0.20694445 , 0.07361111    , 0.0 , 0.0 , -1.0    ,41.25 , 13.0625 , 20.0
38750000  , 0.9180556 , 0.15555556 , 0.019444445    , 0.0 , 0.0 , -1.0    ,41.25 , 13.0625 , 20.0
426829  , 0.9180556 , 0.15555556 , 0.019444445    , 0.0 , 0.0 , -1.0    ,40.5 , 14.5625 , 20.0
39054878  , 0.9180556 , 0.25833333 , 0.12916666    , 0.0 , 0.0 , -1.0    ,40.5 , 14.5625 , 20.0
182927  , 0.9180556 , 0.25833333 , 0.12916666    , 0.0 , 0.0 , -1.0    ,39.8125 , 16.625 , 20.625
39054878  , 0.92222226 , 0.2611111 , 0.07361111    , 0.0 , 0.0 , -1.0    ,39.8125 , 16.625 , 20.625
213415  , 0.92222226 , 0.2611111 , 0.07361111    , 0.0 , 0.0 , -1.0    ,39.25 , 17.8125 , 19.625
29512195  , 0.9652778 , 0.30416667 , 0.023611112    , 0.0 , 0.0 , -1.0    ,39.25 , 17.8125 , 19.625
213415  , 0.9652778 , 0.30416667 , 0.023611112    , 0.0 , 0.0 , -1.0    ,39.25 , 18.5625 , 19.625
39756098  , 0.94166666 , 0.3402778 , 0.058333337    , 0.0 , 0.0 , -1.0    ,39.25 , 18.5625 , 19.625
213415  , 0.94166666 , 0.3402778 , 0.058333337    , 0.0 , 0.0 , -1.0    ,39.25 , 18.8125 , 19.125
39939024  , 0.9916667 , 0.22222224 , 0.08194444    , 0.0 , 0.0 , -1.0    ,39.25 , 18.8125 , 19.125
365853  , 0.9916667 , 0.22222224 , 0.08194444    , 0.0 , 0.0 , -1.0    ,39.8125 , 18.8125 , 18.625
39207317  , 1.0861111 , 0.16805556 , 0.19861111    , 0.0 , 0.0 , -1.0    ,39.8125 , 18.8125 , 18.625
426829  , 1.0861111 , 0.16805556 , 0.19861111    , 0.0 , 0.0 , -1.0    ,41.0625 , 18.5625 , 18.125
39298781  , 1.0861111 , 0.11388889 , 0.17222223    , 0.0 , 0.0 , -1.0    ,41.0625 , 18.5625 , 18.125
426829  , 1.0861111 , 0.11388889 , 0.17222223    , 0.0 , 0.0 , -1.0    ,41.9375 , 16.875 , 17.1875
38810976  , 1.1013889 , -0.015277779 , 0.14444445    , 0.0 , 0.0 , -1.0    ,41.9375 , 16.875 , 17.1875
426829  , 1.1013889 , -0.015277779 , 0.14444445    , 0.0 , 0.0 , -1.0    ,43.25 , 14.4375 , 15.8125
39329268  , 1.1013889 , -0.18333334 , 0.105555564    , 0.0 , 0.0 , -1.0    ,43.25 , 14.4375 , 15.8125
426830  , 1.1013889 , -0.18333334 , 0.105555564    , 0.0 , 0.0 , -1.0    ,44.5625 , 11.4375 , 14.875
38963415  , 1.0819445 , -0.4097222 , 0.116666675    , 0.0 , 0.0 , -1.0    ,44.5625 , 11.4375 , 14.875
396342  , 1.0819445 , -0.4097222 , 0.116666675    , 0.0 , 0.0 , -1.0    ,45.3125 , 7.0 , 13.875
39115854  , 1.0902778 , -0.5972222 , 0.09027778    , 0.0 , 0.0 , -1.0    ,45.3125 , 7.0 , 13.875
426829  , 1.0902778 , -0.5972222 , 0.09027778    , 0.0 , 0.0 , -1.0    ,46.0625 , 2.3125 , 13.375
39298781  , 1.0625 , -0.68333334 , 0.14027779    , 0.0 , 0.0 , -1.0    ,46.0625 , 2.3125 , 13.375
426829  , 1.0625 , -0.68333334 , 0.14027779    , 0.0 , 0.0 , -1.0    ,46.0625 , -1.9375 , 12.875
38810976  , 1.0041667 , -0.71944445 , 0.17638889    , 0.0 , 0.0 , -1.0    ,46.0625 , -1.9375 , 12.875
426829  , 1.0041667 , -0.71944445 , 0.17638889    , 0.0 , 0.0 , -1.0    ,45.3125 , -6.625 , 12.625
39115853  , 0.95694447 , -0.75416666 , 0.12916666    , 0.0 , 0.0 , -1.0    ,45.3125 , -6.625 , 12.625
426829  , 0.95694447 , -0.75416666 , 0.12916666    , 0.0 , 0.0 , -1.0    ,44.5625 , -10.625 , 12.875
39237805  , 0.9527778 , -0.78888893 , 0.07777778    , 0.0 , 0.0 , -1.0    ,44.5625 , -10.625 , 12.875
396341  , 0.9527778 , -0.78888893 , 0.07777778    , 0.0 , 0.0 , -1.0    ,43.5 , -14.0625 , 13.125
51981707  , 0.8666667 , -0.7972222 , 0.097222224    , 0.0 , 0.0 , -1.0    ,43.5 , -14.0625 , 13.125
182927  , 0.8666667 , -0.7972222 , 0.097222224    , 0.0 , 0.0 , -1.0    ,42.75 , -17.3125 , 13.625
34725610  , 0.81250006 , -0.86388886 , 0.08611111    , 0.0 , 0.0 , -1.0    ,42.75 , -17.3125 , 13.625
152439  , 0.81250006 , -0.86388886 , 0.08611111    , 0.0 , 0.0 , -1.0    ,42.0 , -20.0 , 13.875
31128049  , 0.75 , -0.89027786 , 0.08194444    , 0.0 , 0.0 , -1.0    ,42.0 , -20.0 , 13.875
182927  , 0.75 , -0.89027786 , 0.08194444    , 0.0 , 0.0 , -1.0    ,40.5 , -22.75 , 14.125
30853659  , 0.67222226 , -0.9180556 , -0.047222223    , 0.0 , 0.0 , -1.0    ,40.5 , -22.75 , 14.125
182927  , 0.67222226 , -0.9180556 , -0.047222223    , 0.0 , 0.0 , -1.0    ,39.1875 , -24.75 , 13.625
34359756  , 0.64444447 , -1.0194445 , -0.030555557    , 0.0 , 0.0 , -1.0    ,39.1875 , -24.75 , 13.625
182927  , 0.64444447 , -1.0194445 , -0.030555557    , 0.0 , 0.0 , -1.0    ,37.6875 , -26.6875 , 13.375
47225610  , 0.53888893 , -0.9916667 , 0.13611111    , 0.0 , 0.0 , -1.0    ,37.6875 , -26.6875 , 13.375
213415  , 0.53888893 , -0.9916667 , 0.13611111    , 0.0 , 0.0 , -1.0    ,36.5625 , -28.4375 , 12.3125
28719512  , 0.4916667 , -1.0472223 , 0.10972223    , 0.0 , 0.0 , -1.0    ,36.5625 , -28.4375 , 12.3125
20000000  , 0.4916667 , -1.0472223 , 0.10972223    , 0.0 , 0.0 , -1.0    ,35.0 , -30.1875 , 11.625
26890244  , 0.48472223 , -1.0513889 , 0.07361111    , 0.0 , 0.0 , -1.0    ,35.0 , -30.1875 , 11.625
396341  , 0.48472223 , -1.0513889 , 0.07361111    , 0.0 , 0.0 , -1.0    ,34.25 , -31.4375 , 10.875
39481708  , 0.43333334 , -1.0 , 0.11388889    , 0.0 , 0.0 , -1.0    ,34.25 , -31.4375 , 10.875
182927  , 0.43333334 , -1.0 , 0.11388889    , 0.0 , 0.0 , -1.0    ,33.75 , -32.375 , 9.875
11768293  , 0.4097222 , -0.97638893 , 0.14861111    , 0.0 , 0.0 , -1.0    ,33.75 , -32.375 , 9.875
243903  , 0.4097222 , -0.97638893 , 0.14861111    , 0.0 , 0.0 , -1.0    ,33.5 , -32.875 , 9.4375
13871951  , 0.45277777 , -1.0152779 , 0.2736111    , 0.0 , 0.0 , -1.0    ,33.5 , -32.875 , 9.4375
182927  , 0.45277777 , -1.0152779 , 0.2736111    , 0.0 , 0.0 , -1.0    ,34.0 , -33.125 , 8.6875
38902440  , 0.42916667 , -0.9611111 , 0.3125    , 0.0 , 0.0 , -1.0    ,34.0 , -33.125 , 8.6875
243902  , 0.42916667 , -0.9611111 , 0.3125    , 0.0 , 0.0 , -1.0    ,33.9375 , -32.9375 , 8.5625
39146342  , 0.4138889 , -0.81666666 , 0.17638889    , 0.0 , 0.0 , -1.0    ,33.9375 , -32.9375 , 8.5625
213415  , 0.4138889 , -0.81666666 , 0.17638889    , 0.0 , 0.0 , -1.0    ,34.4375 , -32.0 , 8.8125
40792683  , 0.44583336 , -0.7583333 , 0.08194444    , 0.0 , 0.0 , -1.0    ,34.4375 , -32.0 , 8.8125
487805  , 0.44583336 , -0.7583333 , 0.08194444    , 0.0 , 0.0 , -1.0    ,35.5625 , -30.75 , 9.5625
38414634  , 0.48055556 , -0.7388889 , 0.13611111    , 0.0 , 0.0 , -1.0    ,35.5625 , -30.75 , 9.5625
426829  , 0.48055556 , -0.7388889 , 0.13611111    , 0.0 , 0.0 , -1.0    ,36.8125 , -28.75 , 10.5
39329268  , 0.5277778 , -0.7416667 , 0.07777778    , 0.0 , 0.0 , -1.0    ,36.8125 , -28.75 , 10.5
426829  , 0.5277778 , -0.7416667 , 0.07777778    , 0.0 , 0.0 , -1.0    ,39.1875 , -26.5625 , 11.125
38841463  , 0.5472222 , -0.6875 , -0.008333334    , 0.0 , 0.0 , -1.0    ,39.1875 , -26.5625 , 11.125
426829  , 0.5472222 , -0.6875 , -0.008333334    , 0.0 , 0.0 , -1.0    ,40.75 , -24.375 , 12.8125
39298781  , 0.57361114 , -0.62083334 , -0.030555557    , 0.0 , 0.0 , -1.0    ,40.75 , -24.375 , 12.8125
426829  , 0.57361114 , -0.62083334 , -0.030555557    , 0.0 , 0.0 , -1.0    ,41.75 , -21.875 , 14.0625
38932927  , 0.5972222 , -0.5902778 , -0.047222223    , 0.0 , 0.0 , -1.0    ,41.75 , -21.875 , 14.0625
426829  , 0.5972222 , -0.5902778 , -0.047222223    , 0.0 , 0.0 , -1.0    ,42.5 , -19.125 , 15.25
38993902  , 0.6055556 , -0.5472222 , -0.097222224    , 0.0 , 0.0 , -1.0    ,42.5 , -19.125 , 15.25
426830  , 0.6055556 , -0.5472222 , -0.097222224    , 0.0 , 0.0 , -1.0    ,43.0 , -15.6875 , 16.5
39359756  , 0.63611114 , -0.4652778 , -0.125    , 0.0 , 0.0 , -1.0    ,43.0 , -15.6875 , 16.5
426829  , 0.63611114 , -0.4652778 , -0.125    , 0.0 , 0.0 , -1.0    ,43.75 , -12.1875 , 16.75
38993902  , 0.65555555 , -0.35972223 , -0.097222224    , 0.0 , 0.0 , -1.0    ,43.75 , -12.1875 , 16.75
426829  , 0.65555555 , -0.35972223 , -0.097222224    , 0.0 , 0.0 , -1.0    ,44.5625 , -8.25 , 17.0
39176829  , 0.6763889 , -0.21111113 , -0.097222224    , 0.0 , 0.0 , -1.0    ,44.5625 , -8.25 , 17.0
396341  , 0.6763889 , -0.21111113 , -0.097222224    , 0.0 , 0.0 , -1.0    ,44.8125 , -4.0 , 17.25
38810975  , 0.7180556 , -0.22222224 , -0.11388889    , 0.0 , 0.0 , -1.0    ,44.8125 , -4.0 , 17.25
426829  , 0.7180556 , -0.22222224 , -0.11388889    , 0.0 , 0.0 , -1.0    ,44.8125 , -0.8125 , 17.5
39085366  , 0.7777778 , -0.17916667 , -0.06666667    , 0.0 , 0.0 , -1.0    ,44.8125 , -0.8125 , 17.5
426829  , 0.7777778 , -0.17916667 , -0.06666667    , 0.0 , 0.0 , -1.0    ,44.8125 , 2.6875 , 17.25
39176829  , 0.81666666 , -0.07083333 , -0.023611112    , 0.0 , 0.0 , -1.0    ,44.8125 , 2.6875 , 17.25
426830  , 0.81666666 , -0.07083333 , -0.023611112    , 0.0 , 0.0 , -1.0    ,44.5625 , 5.875 , 17.25
39207317  , 0.8666667 , -0.031944446 , -0.011111111    , 0.0 , 0.0 , -1.0    ,44.5625 , 5.875 , 17.25
426829  , 0.8666667 , -0.031944446 , -0.011111111    , 0.0 , 0.0 , -1.0    ,44.8125 , 8.875 , 17.0
39329268  , 0.8944445 , -0.08194444 , -0.03888889    , 0.0 , 0.0 , -1.0    ,44.8125 , 8.875 , 17.0
426830  , 0.8944445 , -0.08194444 , -0.03888889    , 0.0 , 0.0 , -1.0    ,44.3125 , 11.5625 , 16.0
38993903  , 0.8791667 , -0.011111111 , -0.08611111    , 0.0 , 0.0 , -1.0    ,44.3125 , 11.5625 , 16.0
426829  , 0.8791667 , -0.011111111 , -0.08611111    , 0.0 , 0.0 , -1.0    ,43.75 , 14.5625 , 15.5
42652439  , 0.88611114 , 0.097222224 , -0.09027778    , 0.0 , 0.0 , -1.0    ,43.75 , 14.5625 , 15.5
426830  , 0.88611114 , 0.097222224 , -0.09027778    , 0.0 , 0.0 , -1.0    ,42.75 , 17.0625 , 15.0625
36676829  , 0.9027778 , 0.14861111 , -0.06666667    , 0.0 , 0.0 , -1.0    ,42.75 , 17.0625 , 15.0625
243903  , 0.9027778 , 0.14861111 , -0.06666667    , 0.0 , 0.0 , -1.0    ,42.0 , 19.5 , 14.3125
37804878  , 0.92222226 , 0.23055556 , -0.023611112    , 0.0 , 0.0 , -1.0    ,42.0 , 19.5 , 14.3125
243903  , 0.92222226 , 0.23055556 , -0.023611112    , 0.0 , 0.0 , -1.0    ,41.5 , 21.75 , 13.5625
29115854  , 0.9333334 , 0.33194444 , 0.004166667    , 0.0 , 0.0 , -1.0    ,41.5 , 21.75 , 13.5625
213414  , 0.9333334 , 0.33194444 , 0.004166667    , 0.0 , 0.0 , -1.0    ,40.0 , 23.5 , 13.3125
39756097  , 0.95694447 , 0.33611113 , -0.008333334    , 0.0 , 0.0 , -1.0    ,40.0 , 23.5 , 13.3125
213415  , 0.95694447 , 0.33611113 , -0.008333334    , 0.0 , 0.0 , -1.0    ,39.1875 , 24.9375 , 12.5625
40243902  , 0.97638893 , 0.2777778 , 0.008333334    , 0.0 , 0.0 , -1.0    ,39.1875 , 24.9375 , 12.5625
396341  , 0.97638893 , 0.2777778 , 0.008333334    , 0.0 , 0.0 , -1.0    ,37.9375 , 25.9375 , 11.625
38810976  , 1.0 , 0.2611111 , 0.07777778    , 0.0 , 0.0 , -1.0    ,37.9375 , 25.9375 , 11.625
426829  , 1.0 , 0.2611111 , 0.07777778    , 0.0 , 0.0 , -1.0    ,37.6875 , 26.6875 , 11.125
39054878  , 1.0041667 , 0.21805556 , 0.02777778    , 0.0 , 0.0 , -1.0    ,37.6875 , 26.6875 , 11.125
457317  , 1.0041667 , 0.21805556 , 0.02777778    , 0.0 , 0.0 , -1.0    ,37.6875 , 26.9375 , 10.375
39146341  , 1.0430555 , 0.17916667 , 0.03888889    , 0.0 , 0.0 , -1.0    ,37.6875 , 26.9375 , 10.375
426829  , 1.0430555 , 0.17916667 , 0.03888889    , 0.0 , 0.0 , -1.0    ,37.9375 , 26.4375 , 9.6875
39359757  , 1.0625 , 0.1875 , 0.14444445    , 0.0 , 0.0 , -1.0    ,37.9375 , 26.4375 , 9.6875
426829  , 1.0625 , 0.1875 , 0.14444445    , 0.0 , 0.0 , -1.0    ,38.6875 , 25.9375 , 8.6875
38780488  , 1.0902778 , 0.15972222 , 0.13333334    , 0.0 , 0.0 , -1.0    ,38.6875 , 25.9375 , 8.6875
426829  , 1.0902778 , 0.15972222 , 0.13333334    , 0.0 , 0.0 , -1.0    ,39.1875 , 25.4375 , 7.9375
39207318  , 1.125 , 0.097222224 , 0.07777778    , 0.0 , 0.0 , -1.0    ,39.1875 , 25.4375 , 7.9375
396341  , 1.125 , 0.097222224 , 0.07777778    , 0.0 , 0.0 , -1.0    ,40.0 , 24.0 , 6.5
43018292  , 1.1333333 , -0.023611112 , 0.16388889    , 0.0 , 0.0 , -1.0    ,40.0 , 24.0 , 6.5
426829  , 1.1333333 , -0.023611112 , 0.16388889    , 0.0 , 0.0 , -1.0    ,41.5 , 21.5 , 4.75
35609757  , 1.125 , -0.17222223 , 0.18333334    , 0.0 , 0.0 , -1.0    ,41.5 , 21.5 , 4.75
426829  , 1.125 , -0.17222223 , 0.18333334    , 0.0 , 0.0 , -1.0    ,43.0 , 18.75 , 3.0625
38018293  , 1.1166667 , -0.2777778 , 0.25416666    , 0.0 , 0.0 , -1.0    ,43.0 , 18.75 , 3.0625
213414  , 1.1166667 , -0.2777778 , 0.25416666    , 0.0 , 0.0 , -1.0    ,44.8125 , 15.0625 , 0.625
39664634  , 1.113889 , -0.4097222 , 0.32777777    , 0.0 , 0.0 , -1.0    ,44.8125 , 15.0625 , 0.625
335365  , 1.113889 , -0.4097222 , 0.32777777    , 0.0 , 0.0 , -1.0    ,46.3125 , 11.8125 , -1.125
39664635  , 1.0513889 , -0.39444447 , 0.28194445    , 0.0 , 0.0 , -1.0    ,46.3125 , 11.8125 , -1.125
426829  , 1.0513889 , -0.39444447 , 0.28194445    , 0.0 , 0.0 , -1.0    ,46.8125 , 9.125 , -2.8125
39054878  , 0.9916667 , -0.4652778 , 0.28194445    , 0.0 , 0.0 , -1.0    ,46.8125 , 9.125 , -2.8125
426829  , 0.9916667 , -0.4652778 , 0.28194445    , 0.0 , 0.0 , -1.0    ,47.0625 , 5.125 , -4.0625
39115854  , 0.9611111 , -0.54305553 , 0.24583335    , 0.0 , 0.0 , -1.0    ,47.0625 , 5.125 , -4.0625
396341  , 0.9611111 , -0.54305553 , 0.24583335    , 0.0 , 0.0 , -1.0    ,47.0625 , 1.4375 , -4.75
39451219  , 0.9333334 , -0.67222226 , 0.21527778    , 0.0 , 0.0 , -1.0    ,47.0625 , 1.4375 , -4.75
426829  , 0.9333334 , -0.67222226 , 0.21527778    , 0.0 , 0.0 , -1.0    ,46.8125 , -2.5625 , -6.25
38780488  , 0.8791667 , -0.75416666 , 0.24166667    , 0.0 , 0.0 , -1.0    ,46.8125 , -2.5625 , -6.25
426829  , 0.8791667 , -0.75416666 , 0.24166667    , 0.0 , 0.0 , -1.0    ,46.5625 , -6.75 , -6.75
39146341  , 0.8208333 , -0.8666667 , 0.23888889    , 0.0 , 0.0 , -1.0    ,46.5625 , -6.75 , -6.75
426829  , 0.8208333 , -0.8666667 , 0.23888889    , 0.0 , 0.0 , -1.0    ,45.5625 , -10.6875 , -7.4375
39329269  , 0.78472227 , -0.85555553 , 0.24583335    , 0.0 , 0.0 , -1.0    ,45.5625 , -10.6875 , -7.4375
396341  , 0.78472227 , -0.85555553 , 0.24583335    , 0.0 , 0.0 , -1.0    ,44.3125 , -14.1875 , -7.6875
38810975  , 0.7416667 , -0.84027785 , 0.23055556    , 0.0 , 0.0 , -1.0    ,44.3125 , -14.1875 , -7.6875
426829  , 0.7416667 , -0.84027785 , 0.23055556    , 0.0 , 0.0 , -1.0    ,43.25 , -17.6875 , -7.9375
39176829  , 0.67222226 , -0.79305553 , 0.20694445    , 0.0 , 0.0 , -1.0    ,43.25 , -17.6875 , -7.9375
396342  , 0.67222226 , -0.79305553 , 0.20694445    , 0.0 , 0.0 , -1.0    ,42.25 , -20.375 , -8.4375
44268293  , 0.625 , -0.84722227 , 0.101388894    , 0.0 , 0.0 , -1.0    ,42.25 , -20.375 , -8.4375
182927  , 0.625 , -0.84722227 , 0.101388894    , 0.0 , 0.0 , -1.0    ,41.5 , -22.125 , -8.4375
23902439  , 0.5972222 , -0.84027785 , 0.12083334    , 0.0 , 0.0 , -1.0    ,41.5 , -22.125 , -8.4375
213414  , 0.5972222 , -0.84027785 , 0.12083334    , 0.0 , 0.0 , -1.0    ,40.5 , -23.375 , -8.6875
39268292  , 0.56666666 , -0.8597222 , 0.17638889    , 0.0 , 0.0 , -1.0    ,40.5 , -23.375 , -8.6875
213415  , 0.56666666 , -0.8597222 , 0.17638889    , 0.0 , 0.0 , -1.0    ,39.75 , -24.125 , -8.1875
40182927  , 0.5513889 , -0.90694445 , 0.22638889    , 0.0 , 0.0 , -1.0    ,39.75 , -24.125 , -8.1875
304878  , 0.5513889 , -0.90694445 , 0.22638889    , 0.0 , 0.0 , -1.0    ,38.6875 , -24.875 , -8.1875
39573171  , 0.5472222 , -0.93750006 , 0.23472224    , 0.0 , 0.0 , -1.0    ,38.6875 , -24.875 , -8.1875
426829  , 0.5472222 , -0.93750006 , 0.23472224    , 0.0 , 0.0 , -1.0    ,38.4375 , -25.3125 , -8.1875
39085366  , 0.53888893 , -0.89027786 , 0.125    , 0.0 , 0.0 , -1.0    ,38.4375 , -25.3125 , -8.1875
426829  , 0.53888893 , -0.89027786 , 0.125    , 0.0 , 0.0 , -1.0    ,38.1875 , -25.8125 , -8.1875
39176829  , 0.53055555 , -0.8208333 , 0.12916666    , 0.0 , 0.0 , -1.0    ,38.1875 , -25.8125 , -8.1875
426830  , 0.53055555 , -0.8208333 , 0.12916666    , 0.0 , 0.0 , -1.0    ,38.4375 , -26.0625 , -8.1875
39207317  , 0.5513889 , -0.79305553 , 0.0625    , 0.0 , 0.0 , -1.0    ,38.4375 , -26.0625 , -8.1875
426829  , 0.5513889 , -0.79305553 , 0.0625    , 0.0 , 0.0 , -1.0    ,39.1875 , -25.3125 , -7.6875
39146341  , 0.57361114 , -0.74583334 , 0.03888889    , 0.0 , 0.0 , -1.0    ,39.1875 , -25.3125 , -7.6875
426830  , 0.57361114 , -0.74583334 , 0.03888889    , 0.0 , 0.0 , -1.0    ,39.4375 , -24.125 , -7.4375
39054878  , 0.5861111 , -0.7263889 , 0.14861111    , 0.0 , 0.0 , -1.0    ,39.4375 , -24.125 , -7.4375
426829  , 0.5861111 , -0.7263889 , 0.14861111    , 0.0 , 0.0 , -1.0    ,40.0 , -23.125 , -6.9375
38658536  , 0.5861111 , -0.7111111 , 0.125    , 0.0 , 0.0 , -1.0    ,40.0 , -23.125 , -6.9375
426829  , 0.5861111 , -0.7111111 , 0.125    , 0.0 , 0.0 , -1.0    ,40.5 , -21.875 , -6.9375
39176830  , 0.5902778 , -0.68333334 , 0.07777778    , 0.0 , 0.0 , -1.0    ,40.5 , -21.875 , -6.9375
396341  , 0.5902778 , -0.68333334 , 0.07777778    , 0.0 , 0.0 , -1.0    ,40.5 , -20.375 , -6.75
39115854  , 0.6097222 , -0.7263889 , 0.105555564    , 0.0 , 0.0 , -1.0    ,40.5 , -20.375 , -6.75
426829  , 0.6097222 , -0.7263889 , 0.105555564    , 0.0 , 0.0 , -1.0    ,41.75 , -18.875 , -6.5
39237805  , 0.63611114 , -0.8041667 , 0.15694445    , 0.0 , 0.0 , -1.0    ,41.75 , -18.875 , -6.5
426829  , 0.63611114 , -0.8041667 , 0.15694445    , 0.0 , 0.0 , -1.0    ,43.0 , -16.9375 , -6.25
38932927  , 0.6527778 , -0.6791667 , 0.043055557    , 0.0 , 0.0 , -1.0    ,43.0 , -16.9375 , -6.25
426829  , 0.6527778 , -0.6791667 , 0.043055557    , 0.0 , 0.0 , -1.0    ,44.3125 , -14.1875 , -5.0
39115854  , 0.62083334 , -0.40694445 , -0.043055557    , 0.0 , 0.0 , -1.0    ,44.3125 , -14.1875 , -5.0
426829  , 0.62083334 , -0.40694445 , -0.043055557    , 0.0 , 0.0 , -1.0    ,45.8125 , -10.6875 , -4.0625
39085366  , 0.6763889 , -0.26527777 , -0.09305556    , 0.0 , 0.0 , -1.0    ,45.8125 , -10.6875 , -4.0625
426829  , 0.6763889 , -0.26527777 , -0.09305556    , 0.0 , 0.0 , -1.0    ,46.3125 , -7.0 , -2.8125
39115853  , 0.7263889 , -0.20694445 , -0.09027778    , 0.0 , 0.0 , -1.0    ,46.3125 , -7.0 , -2.8125
426829  , 0.7263889 , -0.20694445 , -0.09027778    , 0.0 , 0.0 , -1.0    ,47.0625 , -3.0625 , -1.375
39085366  , 0.76944447 , -0.19166668 , -0.02777778    , 0.0 , 0.0 , -1.0    ,47.0625 , -3.0625 , -1.375
426829  , 0.76944447 , -0.19166668 , -0.02777778    , 0.0 , 0.0 , -1.0    ,47.3125 , 0.9375 , -0.625
39085366  , 0.76111114 , -0.13611111 , 0.008333334    , 0.0 , 0.0 , -1.0    ,47.3125 , 0.9375 , -0.625
396341  , 0.76111114 , -0.13611111 , 0.008333334    , 0.0 , 0.0 , -1.0    ,47.5625 , 4.375 , -0.125
39390244  , 0.76944447 , -0.07083333 , -0.0    , 0.0 , 0.0 , -1.0    ,47.5625 , 4.375 , -0.125
548780  , 0.76944447 , -0.07083333 , -0.0    , 0.0 , 0.0 , -1.0    ,47.3125 , 7.875 , 0.375
38750000  , 0.7652778 , 0.019444445 , -0.015277779    , 0.0 , 0.0 , -1.0    ,47.3125 , 7.875 , 0.375
426829  , 0.7652778 , 0.019444445 , -0.015277779    , 0.0 , 0.0 , -1.0    ,46.5625 , 12.0625 , 0.125
38536585  , 0.79305553 , 0.09027778 , 0.019444445    , 0.0 , 0.0 , -1.0    ,46.5625 , 12.0625 , 0.125
182927  , 0.79305553 , 0.09027778 , 0.019444445    , 0.0 , 0.0 , -1.0    ,45.3125 , 15.5625 , -0.125
39664634  , 0.8013889 , 0.21527778 , 0.06666667    , 0.0 , 0.0 , -1.0    ,45.3125 , 15.5625 , -0.125
243903  , 0.8013889 , 0.21527778 , 0.06666667    , 0.0 , 0.0 , -1.0    ,43.5 , 18.75 , -0.375
39634146  , 0.8513889 , 0.2847222 , 0.06666667    , 0.0 , 0.0 , -1.0    ,43.5 , 18.75 , -0.375
274390  , 0.8513889 , 0.2847222 , 0.06666667    , 0.0 , 0.0 , -1.0    ,42.0 , 21.5 , -0.875
40121951  , 0.9263889 , 0.32777777 , 0.13333334    , 0.0 , 0.0 , -1.0    ,42.0 , 21.5 , -0.875
396341  , 0.9263889 , 0.32777777 , 0.13333334    , 0.0 , 0.0 , -1.0    ,40.75 , 23.0 , -1.125
38902439  , 0.97638893 , 0.30416667 , 0.23888889    , 0.0 , 0.0 , -1.0    ,40.75 , 23.0 , -1.125
426830  , 0.97638893 , 0.30416667 , 0.23888889    , 0.0 , 0.0 , -1.0    ,39.4375 , 24.9375 , -1.8125
38841464  , 1.0 , 0.33611113 , 0.22222224    , 0.0 , 0.0 , -1.0    ,39.4375 , 24.9375 , -1.8125
426829  , 1.0 , 0.33611113 , 0.22222224    , 0.0 , 0.0 , -1.0    ,38.4375 , 26.1875 , -2.0625
39176829  , 1.0305556 , 0.2847222 , 0.23888889    , 0.0 , 0.0 , -1.0    ,38.4375 , 26.1875 , -2.0625
426830  , 1.0305556 , 0.2847222 , 0.23888889    , 0.0 , 0.0 , -1.0    ,38.1875 , 26.6875 , -3.0625
38932927  , 1.0472223 , 0.21111113 , 0.31666666    , 0.0 , 0.0 , -1.0    ,38.1875 , 26.6875 , -3.0625
426830  , 1.0472223 , 0.21111113 , 0.31666666    , 0.0 , 0.0 , -1.0    ,38.1875 , 27.1875 , -3.8125
39298781  , 1.0708334 , 0.15277778 , 0.25416666    , 0.0 , 0.0 , -1.0    ,38.1875 , 27.1875 , -3.8125
426829  , 1.0708334 , 0.15277778 , 0.25416666    , 0.0 , 0.0 , -1.0    ,38.6875 , 26.6875 , -4.25
39176829  , 1.0541667 , 0.14861111 , 0.13611111    , 0.0 , 0.0 , -1.0    ,38.6875 , 26.6875 , -4.25
426830  , 1.0541667 , 0.14861111 , 0.13611111    , 0.0 , 0.0 , -1.0    ,39.4375 , 25.9375 , -5.5
39085366  , 1.0972222 , 0.004166667 , 0.20694445    , 0.0 , 0.0 , -1.0    ,39.4375 , 25.9375 , -5.5
426829  , 1.0972222 , 0.004166667 , 0.20694445    , 0.0 , 0.0 , -1.0    ,40.5 , 24.25 , -6.9375
38810975  , 1.1638889 , -0.13333334 , 0.13333334    , 0.0 , 0.0 , -1.0    ,40.5 , 24.25 , -6.9375
396342  , 1.1638889 , -0.13333334 , 0.13333334    , 0.0 , 0.0 , -1.0    ,41.0 , 21.25 , -8.6875
39176830  , 1.1361111 , -0.17222223 , 0.23888889    , 0.0 , 0.0 , -1.0    ,41.0 , 21.25 , -8.6875
396341  , 1.1361111 , -0.17222223 , 0.23888889    , 0.0 , 0.0 , -1.0    ,41.75 , 17.5625 , -10.875
39176829  , 1.1486112 , -0.19861111 , 0.20694445    , 0.0 , 0.0 , -1.0    ,41.75 , 17.5625 , -10.875
426830  , 1.1486112 , -0.19861111 , 0.20694445    , 0.0 , 0.0 , -1.0    ,42.25 , 12.5625 , -13.0625
38689025  , 1.1166667 , -0.34444445 , 0.17222223    , 0.0 , 0.0 , -1.0    ,42.25 , 12.5625 , -13.0625
182927  , 1.1166667 , -0.34444445 , 0.17222223    , 0.0 , 0.0 , -1.0    ,42.25 , 8.125 , -14.8125
39847561  , 1.0625 , -0.49583334 , 0.18333334    , 0.0 , 0.0 , -1.0    ,42.25 , 8.125 , -14.8125
274390  , 1.0625 , -0.49583334 , 0.18333334    , 0.0 , 0.0 , -1.0    ,42.75 , 3.4375 , -17.25
39908537  , 1.0513889 , -0.71944445 , 0.31666666    , 0.0 , 0.0 , -1.0    ,42.75 , 3.4375 , -17.25
365854  , 1.0513889 , -0.71944445 , 0.31666666    , 0.0 , 0.0 , -1.0    ,42.25 , -1.3125 , -18.6875
38963415  , 0.98888886 , -0.78194445 , 0.39444447    , 0.0 , 0.0 , -1.0    ,42.25 , -1.3125 , -18.6875
426830  , 0.98888886 , -0.78194445 , 0.39444447    , 0.0 , 0.0 , -1.0    ,41.25 , -6.25 , -20.1875
38963415  , 0.89027786 , -0.78194445 , 0.32083333    , 0.0 , 0.0 , -1.0    ,41.25 , -6.25 , -20.1875
426830  , 0.89027786 , -0.78194445 , 0.32083333    , 0.0 , 0.0 , -1.0    ,40.0 , -10.5 , -21.625
39146342  , 0.7972222 , -0.80833334 , 0.19166668    , 0.0 , 0.0 , -1.0    ,40.0 , -10.5 , -21.625
426829  , 0.7972222 , -0.80833334 , 0.19166668    , 0.0 , 0.0 , -1.0    ,37.9375 , -14.4375 , -21.625
38750000  , 0.7111111 , -0.8833334 , 0.2611111    , 0.0 , 0.0 , -1.0    ,37.9375 , -14.4375 , -21.625
213415  , 0.7111111 , -0.8833334 , 0.2611111    , 0.0 , 0.0 , -1.0    ,36.1875 , -18.375 , -21.875
39756098  , 0.63611114 , -0.8944445 , 0.29722223    , 0.0 , 0.0 , -1.0    ,36.1875 , -18.375 , -21.875
213415  , 0.63611114 , -0.8944445 , 0.29722223    , 0.0 , 0.0 , -1.0    ,34.625 , -21.125 , -22.375
38993902  , 0.5708333 , -0.9263889 , 0.23472224    , 0.0 , 0.0 , -1.0    ,34.625 , -21.125 , -22.375
213415  , 0.5708333 , -0.9263889 , 0.23472224    , 0.0 , 0.0 , -1.0    ,32.125 , -24.375 , -22.125
39634147  , 0.49583334 , -0.88611114 , 0.2777778    , 0.0 , 0.0 , -1.0    ,32.125 , -24.375 , -22.125
213415  , 0.49583334 , -0.88611114 , 0.2777778    , 0.0 , 0.0 , -1.0    ,29.3125 , -27.0625 , -22.875
40945122  , 0.4486111 , -0.9611111 , 0.24583335    , 0.0 , 0.0 , -1.0    ,29.3125 , -27.0625 , -22.875
365853  , 0.4486111 , -0.9611111 , 0.24583335    , 0.0 , 0.0 , -1.0    ,27.0 , -29.0625 , -23.375
38597561  , 0.4097222 , -1.0083333 , 0.23055556    , 0.0 , 0.0 , -1.0    ,27.0 , -29.0625 , -23.375
457317  , 0.4097222 , -1.0083333 , 0.23055556    , 0.0 , 0.0 , -1.0    ,24.25 , -31.3125 , -22.875
38658537  , 0.3236111 , -0.9652778 , 0.17916667    , 0.0 , 0.0 , -1.0    ,24.25 , -31.3125 , -22.875
426829  , 0.3236111 , -0.9652778 , 0.17916667    , 0.0 , 0.0 , -1.0    ,21.9375 , -33.25 , -22.875
39237805  , 0.3236111 , -1.0347222 , 0.25    , 0.0 , 0.0 , -1.0    ,21.9375 , -33.25 , -22.875
426829  , 0.3236111 , -1.0347222 , 0.25    , 0.0 , 0.0 , -1.0    ,20.1875 , -35.25 , -22.125
38963414  , 0.33611113 , -1.0819445 , 0.24583335    , 0.0 , 0.0 , -1.0    ,20.1875 , -35.25 , -22.125
426830  , 0.33611113 , -1.0819445 , 0.24583335    , 0.0 , 0.0 , -1.0    ,18.125 , -37.25 , -21.625
39085366  , 0.31666666 , -1.0277778 , 0.19166668    , 0.0 , 0.0 , -1.0    ,18.125 , -37.25 , -21.625
426830  , 0.31666666 , -1.0277778 , 0.19166668    , 0.0 , 0.0 , -1.0    ,16.875 , -38.5 , -20.875
39237805  , 0.31666666 , -0.9916667 , 0.14027779    , 0.0 , 0.0 , -1.0    ,16.875 , -38.5 , -20.875
426830  , 0.31666666 , -0.9916667 , 0.14027779    , 0.0 , 0.0 , -1.0    ,16.125 , -39.0 , -19.6875
38780488  , 0.32777777 , -0.9263889 , 0.18333334    , 0.0 , 0.0 , -1.0    ,16.125 , -39.0 , -19.6875
396342  , 0.32777777 , -0.9263889 , 0.18333334    , 0.0 , 0.0 , -1.0    ,15.875 , -39.1875 , -18.9375
39390244  , 0.35972223 , -0.89027786 , 0.15972222    , 0.0 , 0.0 , -1.0    ,15.875 , -39.1875 , -18.9375
426829  , 0.35972223 , -0.89027786 , 0.15972222    , 0.0 , 0.0 , -1.0    ,16.375 , -39.0 , -18.1875
38841463  , 0.37916666 , -0.83194447 , 0.08611111    , 0.0 , 0.0 , -1.0    ,16.375 , -39.0 , -18.1875
426830  , 0.37916666 , -0.83194447 , 0.08611111    , 0.0 , 0.0 , -1.0    ,18.125 , -38.5 , -17.75
39268293  , 0.44583336 , -0.7152778 , 0.05138889    , 0.0 , 0.0 , -1.0    ,18.125 , -38.5 , -17.75
426829  , 0.44583336 , -0.7152778 , 0.05138889    , 0.0 , 0.0 , -1.0    ,20.9375 , -37.75 , -18.1875
39176829  , 0.4763889 , -0.58194447 , -0.019444445    , 0.0 , 0.0 , -1.0    ,20.9375 , -37.75 , -18.1875
457317  , 0.4763889 , -0.58194447 , -0.019444445    , 0.0 , 0.0 , -1.0    ,24.0 , -36.0 , -18.1875
38780487  , 0.5472222 , -0.54305553 , -0.019444445    , 0.0 , 0.0 , -1.0    ,24.0 , -36.0 , -18.1875
426829  , 0.5472222 , -0.54305553 , -0.019444445    , 0.0 , 0.0 , -1.0    ,27.8125 , -33.5 , -18.1875
39146342  , 0.6402778 , -0.49583334 , 0.07083333    , 0.0 , 0.0 , -1.0    ,27.8125 , -33.5 , -18.1875
426830  , 0.6402778 , -0.49583334 , 0.07083333    , 0.0 , 0.0 , -1.0    ,30.5625 , -30.5625 , -18.4375
39176830  , 0.65555555 , -0.4916667 , 0.07777778    , 0.0 , 0.0 , -1.0    ,30.5625 , -30.5625 , -18.4375
426829  , 0.65555555 , -0.4916667 , 0.07777778    , 0.0 , 0.0 , -1.0    ,32.875 , -27.3125 , -18.0
38993902  , 0.72222227 , -0.5708333 , 0.047222223    , 0.0 , 0.0 , -1.0    ,32.875 , -27.3125 , -18.0
426830  , 0.72222227 , -0.5708333 , 0.047222223    , 0.0 , 0.0 , -1.0    ,35.125 , -23.875 , -18.1875
39024391  , 0.7736111 , -0.4722222 , 0.047222223    , 0.0 , 0.0 , -1.0    ,35.125 , -23.875 , -18.1875
426829  , 0.7736111 , -0.4722222 , 0.047222223    , 0.0 , 0.0 , -1.0    ,36.6875 , -21.125 , -18.1875
39146341  , 0.78472227 , -0.3986111 , 0.0625    , 0.0 , 0.0 , -1.0    ,36.6875 , -21.125 , -18.1875
426829  , 0.78472227 , -0.3986111 , 0.0625    , 0.0 , 0.0 , -1.0    ,38.6875 , -18.625 , -18.1875
39237805  , 0.8208333 , -0.36666667 , 0.058333337    , 0.0 , 0.0 , -1.0    ,38.6875 , -18.625 , -18.1875
426829  , 0.8208333 , -0.36666667 , 0.058333337    , 0.0 , 0.0 , -1.0    ,40.25 , -15.6875 , -17.75
39146341  , 0.8208333 , -0.26527777 , -0.019444445    , 0.0 , 0.0 , -1.0    ,40.25 , -15.6875 , -17.75
426829  , 0.8208333 , -0.26527777 , -0.019444445    , 0.0 , 0.0 , -1.0    ,41.75 , -13.4375 , -16.5
38871951  , 0.84722227 , -0.1875 , -0.047222223    , 0.0 , 0.0 , -1.0    ,41.75 , -13.4375 , -16.5
213415  , 0.84722227 , -0.1875 , -0.047222223    , 0.0 , 0.0 , -1.0    ,43.0 , -10.25 , -15.5
39542683  , 0.8666667 , -0.08194444 , 0.015277779    , 0.0 , 0.0 , -1.0    ,43.0 , -10.25 , -15.5
213415  , 0.8666667 , -0.08194444 , 0.015277779    , 0.0 , 0.0 , -1.0    ,43.75 , -6.5 , -14.5625
29054878  , 0.8791667 , -0.043055557 , -0.058333337    , 0.0 , 0.0 , -1.0    ,43.75 , -6.5 , -14.5625
243903  , 0.8791667 , -0.043055557 , -0.058333337    , 0.0 , 0.0 , -1.0    ,44.8125 , -3.5625 , -14.0625
39420732  , 0.875 , 0.019444445 , -0.08611111    , 0.0 , 0.0 , -1.0    ,44.8125 , -3.5625 , -14.0625
243903  , 0.875 , 0.019444445 , -0.08611111    , 0.0 , 0.0 , -1.0    ,45.5625 , -0.5625 , -13.8125
30457317  , 0.8597222 , 0.07777778 , -0.09305556    , 0.0 , 0.0 , -1.0    ,45.5625 , -0.5625 , -13.8125
365854  , 0.8597222 , 0.07777778 , -0.09305556    , 0.0 , 0.0 , -1.0    ,46.0625 , 2.1875 , -13.5625
38750000  , 0.89027786 , 0.07083333 , -0.08611111    , 0.0 , 0.0 , -1.0    ,46.0625 , 2.1875 , -13.5625
396341  , 0.89027786 , 0.07083333 , -0.08611111    , 0.0 , 0.0 , -1.0    ,46.3125 , 4.125 , -13.5625
39481707  , 0.8791667 , 0.14444445 , -0.116666675    , 0.0 , 0.0 , -1.0    ,46.3125 , 4.125 , -13.5625
457317  , 0.8791667 , 0.14444445 , -0.116666675    , 0.0 , 0.0 , -1.0    ,45.5625 , 6.125 , -13.5625
39115853  , 0.89861107 , 0.18333334 , -0.054166667    , 0.0 , 0.0 , -1.0    ,45.5625 , 6.125 , -13.5625
426830  , 0.89861107 , 0.18333334 , -0.054166667    , 0.0 , 0.0 , -1.0    ,44.5625 , 8.625 , -14.3125
38871952  , 0.9097222 , 0.22638889 , 0.019444445    , 0.0 , 0.0 , -1.0    ,44.5625 , 8.625 , -14.3125
426829  , 0.9097222 , 0.22638889 , 0.019444445    , 0.0 , 0.0 , -1.0    ,43.25 , 10.625 , -15.0625
39207317  , 0.92916673 , 0.30416667 , 0.019444445    , 0.0 , 0.0 , -1.0    ,43.25 , 10.625 , -15.0625
426829  , 0.92916673 , 0.30416667 , 0.019444445    , 0.0 , 0.0 , -1.0    ,42.25 , 12.5625 , -15.5
39115854  , 0.9097222 , 0.3513889 , 0.019444445    , 0.0 , 0.0 , -1.0    ,42.25 , 12.5625 , -15.5
426829  , 0.9097222 , 0.3513889 , 0.019444445    , 0.0 , 0.0 , -1.0    ,41.5 , 15.0625 , -16.0
39268292  , 0.95694447 , 0.3986111 , 0.08611111    , 0.0 , 0.0 , -1.0    ,41.5 , 15.0625 , -16.0
426829  , 0.95694447 , 0.3986111 , 0.08611111    , 0.0 , 0.0 , -1.0    ,40.5 , 17.0625 , -16.5
38750000  , 0.9680556 , 0.41805556 , 0.08194444    , 0.0 , 0.0 , -1.0    ,40.5 , 17.0625 , -16.5
396341  , 0.9680556 , 0.41805556 , 0.08194444    , 0.0 , 0.0 , -1.0    ,39.75 , 19.0 , -16.75
39085366  , 1.0305556 , 0.44583336 , 0.011111111    , 0.0 , 0.0 , -1.0    ,39.75 , 19.0 , -16.75
426829  , 1.0305556 , 0.44583336 , 0.011111111    , 0.0 , 0.0 , -1.0    ,38.6875 , 20.75 , -17.5
39207317  , 1.0861111 , 0.39027777 , 0.116666675    , 0.0 , 0.0 , -1.0    ,38.6875 , 20.75 , -17.5
426830  , 1.0861111 , 0.39027777 , 0.116666675    , 0.0 , 0.0 , -1.0    ,38.4375 , 21.75 , -17.75
39085366  , 1.1486112 , 0.34305555 , 0.15694445    , 0.0 , 0.0 , -1.0    ,38.4375 , 21.75 , -17.75
426830  , 1.1486112 , 0.34305555 , 0.15694445    , 0.0 , 0.0 , -1.0    ,38.1875 , 21.75 , -18.0
39268293  , 1.1680557 , 0.3986111 , 0.14861111    , 0.0 , 0.0 , -1.0    ,38.1875 , 21.75 , -18.0
426830  , 1.1680557 , 0.3986111 , 0.14861111    , 0.0 , 0.0 , -1.0    ,37.9375 , 21.25 , -18.6875
39237805  , 1.1722223 , 0.4138889 , 0.15694445    , 0.0 , 0.0 , -1.0    ,37.9375 , 21.25 , -18.6875
426830  , 1.1722223 , 0.4138889 , 0.15694445    , 0.0 , 0.0 , -1.0    ,38.9375 , 19.75 , -18.9375
39085366  , 1.2027779 , 0.21527778 , 0.20277779    , 0.0 , 0.0 , -1.0    ,38.9375 , 19.75 , -18.9375
426829  , 1.2027779 , 0.21527778 , 0.20277779    , 0.0 , 0.0 , -1.0    ,39.4375 , 17.5625 , -19.6875
38689025  , 1.2027779 , 0.08611111 , 0.21527778    , 0.0 , 0.0 , -1.0    ,39.4375 , 17.5625 , -19.6875
426829  , 1.2027779 , 0.08611111 , 0.21527778    , 0.0 , 0.0 , -1.0    ,40.25 , 14.5625 , -20.4375
39237805  , 1.1486112 , 0.03888889 , 0.17916667    , 0.0 , 0.0 , -1.0    ,40.25 , 14.5625 , -20.4375
426829  , 1.1486112 , 0.03888889 , 0.17916667    , 0.0 , 0.0 , -1.0    ,41.5 , 10.625 , -20.4375
39024390  , 1.1291666 , -0.0625 , 0.20277779    , 0.0 , 0.0 , -1.0    ,41.5 , 10.625 , -20.4375
670731  , 1.1291666 , -0.0625 , 0.20277779    , 0.0 , 0.0 , -1.0    ,41.5 , 5.875 , -20.875
38871951  , 1.113889 , -0.21527778 , 0.116666675    , 0.0 , 0.0 , -1.0    ,41.5 , 5.875 , -20.875
426829  , 1.113889 , -0.21527778 , 0.116666675    , 0.0 , 0.0 , -1.0    ,41.5 , 0.6875 , -21.125
38231707  , 1.0305556 , -0.23888889 , 0.02777778    , 0.0 , 0.0 , -1.0    ,41.5 , 0.6875 , -21.125
213415  , 1.0305556 , -0.23888889 , 0.02777778    , 0.0 , 0.0 , -1.0    ,41.25 , -4.5 , -21.125
39817073  , 1.0 , -0.34722224 , 0.08194444    , 0.0 , 0.0 , -1.0    ,41.25 , -4.5 , -21.125
213414  , 1.0 , -0.34722224 , 0.08194444    , 0.0 , 0.0 , -1.0    ,40.5 , -10.0 , -21.125
29512195  , 0.9680556 , -0.44583336 , 0.17638889    , 0.0 , 0.0 , -1.0    ,40.5 , -10.0 , -21.125
274390  , 0.9680556 , -0.44583336 , 0.17638889    , 0.0 , 0.0 , -1.0    ,39.1875 , -14.9375 , -20.6875
40457317  , 0.9097222 , -0.5541667 , 0.125    , 0.0 , 0.0 , -1.0    ,39.1875 , -14.9375 , -20.6875
396342  , 0.9097222 , -0.5541667 , 0.125    , 0.0 , 0.0 , -1.0    ,37.4375 , -19.625 , -20.875
38932927  , 0.875 , -0.6638889 , 0.094444446    , 0.0 , 0.0 , -1.0    ,37.4375 , -19.625 , -20.875
457317  , 0.875 , -0.6638889 , 0.094444446    , 0.0 , 0.0 , -1.0    ,34.875 , -23.625 , -20.1875
38810976  , 0.7972222 , -0.73472226 , 0.17916667    , 0.0 , 0.0 , -1.0    ,34.875 , -23.625 , -20.1875
426829  , 0.7972222 , -0.73472226 , 0.17916667    , 0.0 , 0.0 , -1.0    ,31.625 , -27.0625 , -19.6875
39390244  , 0.75 , -0.8013889 , 0.13333334    , 0.0 , 0.0 , -1.0    ,31.625 , -27.0625 , -19.6875
426830  , 0.75 , -0.8013889 , 0.13333334    , 0.0 , 0.0 , -1.0    ,28.8125 , -29.8125 , -19.4375
38750000  , 0.6875 , -0.8513889 , 0.031944446    , 0.0 , 0.0 , -1.0    ,28.8125 , -29.8125 , -19.4375
396342  , 0.6875 , -0.8513889 , 0.031944446    , 0.0 , 0.0 , -1.0    ,26.25 , -32.5 , -19.1875
39420732  , 0.6055556 , -0.87083334 , 0.097222224    , 0.0 , 0.0 , -1.0    ,26.25 , -32.5 , -19.1875
426830  , 0.6055556 , -0.87083334 , 0.097222224    , 0.0 , 0.0 , -1.0    ,24.0 , -34.75 , -19.6875
38932927  , 0.5902778 , -1.0041667 , 0.105555564    , 0.0 , 0.0 , -1.0    ,24.0 , -34.75 , -19.6875
426830  , 0.5902778 , -1.0041667 , 0.105555564    , 0.0 , 0.0 , -1.0    ,22.1875 , -36.5 , -20.1875
38993903  , 0.5513889 , -1.0111111 , 0.08194444    , 0.0 , 0.0 , -1.0    ,22.1875 , -36.5 , -20.1875
426829  , 0.5513889 , -1.0111111 , 0.08194444    , 0.0 , 0.0 , -1.0    ,20.4375 , -37.75 , -20.4375
39268293  , 0.4916667 , -0.9486111 , 0.07083333    , 0.0 , 0.0 , -1.0    ,20.4375 , -37.75 , -20.4375
426829  , 0.4916667 , -0.9486111 , 0.07083333    , 0.0 , 0.0 , -1.0    ,18.9375 , -38.25 , -19.9375
38871951  , 0.4916667 , -0.95694447 , 0.054166667    , 0.0 , 0.0 , -1.0    ,18.9375 , -38.25 , -19.9375
426830  , 0.4916667 , -0.95694447 , 0.054166667    , 0.0 , 0.0 , -1.0    ,18.375 , -38.75 , -19.4375
38993903  , 0.45277777 , -0.875 , 0.034722224    , 0.0 , 0.0 , -1.0    ,18.375 , -38.75 , -19.4375
426829  , 0.45277777 , -0.875 , 0.034722224    , 0.0 , 0.0 , -1.0    ,18.125 , -38.75 , -19.4375
39207317  , 0.4263889 , -0.8277778 , -0.004166667    , 0.0 , 0.0 , -1.0    ,18.125 , -38.75 , -19.4375
426830  , 0.4263889 , -0.8277778 , -0.004166667    , 0.0 , 0.0 , -1.0    ,18.625 , -39.0 , -18.6875
39115854  , 0.4263889 , -0.8444445 , -0.019444445    , 0.0 , 0.0 , -1.0    ,18.625 , -39.0 , -18.6875
426829  , 0.4263889 , -0.8444445 , -0.019444445    , 0.0 , 0.0 , -1.0    ,20.1875 , -38.75 , -18.0
39298781  , 0.45694444 , -0.73055553 , 0.0625    , 0.0 , 0.0 , -1.0    ,20.1875 , -38.75 , -18.0
426829  , 0.45694444 , -0.73055553 , 0.0625    , 0.0 , 0.0 , -1.0    ,21.4375 , -38.25 , -17.25
38902439  , 0.49583334 , -0.5902778 , 0.14027779    , 0.0 , 0.0 , -1.0    ,21.4375 , -38.25 , -17.25
426829  , 0.49583334 , -0.5902778 , 0.14027779    , 0.0 , 0.0 , -1.0    ,23.75 , -37.5 , -16.5
39024390  , 0.5625 , -0.5236111 , 0.116666675    , 0.0 , 0.0 , -1.0    ,23.75 , -37.5 , -16.5
396341  , 0.5625 , -0.5236111 , 0.116666675    , 0.0 , 0.0 , -1.0    ,26.0 , -36.25 , -16.5
39451220  , 0.60138893 , -0.48472223 , 0.094444446    , 0.0 , 0.0 , -1.0    ,26.0 , -36.25 , -16.5
426830  , 0.60138893 , -0.48472223 , 0.094444446    , 0.0 , 0.0 , -1.0    ,28.3125 , -34.75 , -16.75
38780488  , 0.6527778 , -0.4027778 , 0.011111111    , 0.0 , 0.0 , -1.0    ,28.3125 , -34.75 , -16.75
426830  , 0.6527778 , -0.4027778 , 0.011111111    , 0.0 , 0.0 , -1.0    ,31.0625 , -32.75 , -16.5
39085366  , 0.6958334 , -0.20277779 , 0.02777778    , 0.0 , 0.0 , -1.0    ,31.0625 , -32.75 , -16.5
426830  , 0.6958334 , -0.20277779 , 0.02777778    , 0.0 , 0.0 , -1.0    ,33.875 , -30.5625 , -15.5
38963415  , 0.76111114 , -0.12083334 , 0.12916666    , 0.0 , 0.0 , -1.0    ,33.875 , -30.5625 , -15.5
182927  , 0.76111114 , -0.12083334 , 0.12916666    , 0.0 , 0.0 , -1.0    ,36.4375 , -27.8125 , -14.5625
39481708  , 0.89027786 , -0.13333334 , 0.125    , 0.0 , 0.0 , -1.0    ,36.4375 , -27.8125 , -14.5625
213414  , 0.89027786 , -0.13333334 , 0.125    , 0.0 , 0.0 , -1.0    ,38.6875 , -25.5625 , -13.3125
29146341  , 0.83194447 , -0.034722224 , 0.023611112    , 0.0 , 0.0 , -1.0    ,38.6875 , -25.5625 , -13.3125
213415  , 0.83194447 , -0.034722224 , 0.023611112    , 0.0 , 0.0 , -1.0    ,40.75 , -22.625 , -12.375
39664634  , 0.8597222 , -0.097222224 , -0.043055557    , 0.0 , 0.0 , -1.0    ,40.75 , -22.625 , -12.375
213415  , 0.8597222 , -0.097222224 , -0.043055557    , 0.0 , 0.0 , -1.0    ,42.25 , -20.625 , -11.375
39939025  , 0.9027778 , -0.17638889 , -0.101388894    , 0.0 , 0.0 , -1.0    ,42.25 , -20.625 , -11.375
396341  , 0.9027778 , -0.17638889 , -0.101388894    , 0.0 , 0.0 , -1.0    ,43.0 , -18.875 , -10.375
39176830  , 0.8944445 , -0.16388889 , -0.15972222    , 0.0 , 0.0 , -1.0    ,43.0 , -18.875 , -10.375
426829  , 0.8944445 , -0.16388889 , -0.15972222    , 0.0 , 0.0 , -1.0    ,44.0625 , -16.9375 , -9.6875
39542683  , 0.9333334 , -0.094444446 , -0.24166667    , 0.0 , 0.0 , -1.0    ,44.0625 , -16.9375 , -9.6875
426829  , 0.9333334 , -0.094444446 , -0.24166667    , 0.0 , 0.0 , -1.0    ,44.8125 , -16.1875 , -8.6875
38597561  , 0.89861107 , -0.0 , -0.22222224    , 0.0 , 0.0 , -1.0    ,44.8125 , -16.1875 , -8.6875
426829  , 0.89861107 , -0.0 , -0.22222224    , 0.0 , 0.0 , -1.0    ,45.3125 , -14.1875 , -8.4375
39115853  , 0.86388886 , 0.058333337 , -0.21805556    , 0.0 , 0.0 , -1.0    ,45.3125 , -14.1875 , -8.4375
426829  , 0.86388886 , 0.058333337 , -0.21805556    , 0.0 , 0.0 , -1.0    ,46.0625 , -12.9375 , -8.4375
39237805  , 0.87083334 , 0.08611111 , -0.16388889    , 0.0 , 0.0 , -1.0    ,46.0625 , -12.9375 , -8.4375
457317  , 0.87083334 , 0.08611111 , -0.16388889    , 0.0 , 0.0 , -1.0    ,45.8125 , -11.1875 , -9.1875
39146341  , 0.85555553 , 0.14444445 , -0.07777778    , 0.0 , 0.0 , -1.0    ,45.8125 , -11.1875 , -9.1875
426829  , 0.85555553 , 0.14444445 , -0.07777778    , 0.0 , 0.0 , -1.0    ,45.8125 , -9.25 , -10.625
38810976  , 0.8430556 , 0.15972222 , -0.058333337    , 0.0 , 0.0 , -1.0    ,45.8125 , -9.25 , -10.625
426829  , 0.8430556 , 0.15972222 , -0.058333337    , 0.0 , 0.0 , -1.0    ,45.8125 , -8.25 , -12.125
39268293  , 0.85555553 , 0.105555564 , -0.015277779    , 0.0 , 0.0 , -1.0    ,45.8125 , -8.25 , -12.125
426829  , 0.85555553 , 0.105555564 , -0.015277779    , 0.0 , 0.0 , -1.0    ,45.0625 , -7.25 , -14.0625
38932927  , 0.89861107 , 0.06666667 , 0.0625    , 0.0 , 0.0 , -1.0    ,45.0625 , -7.25 , -14.0625
426829  , 0.89861107 , 0.06666667 , 0.0625    , 0.0 , 0.0 , -1.0    ,44.5625 , -7.0 , -15.75
39115854  , 0.8666667 , 0.08194444 , 0.17222223    , 0.0 , 0.0 , -1.0    ,44.5625 , -7.0 , -15.75
426829  , 0.8666667 , 0.08194444 , 0.17222223    , 0.0 , 0.0 , -1.0    ,43.25 , -7.5 , -18.1875
39115854  , 0.89027786 , -0.02777778 , 0.28194445    , 0.0 , 0.0 , -1.0    ,43.25 , -7.5 , -18.1875
426829  , 0.89027786 , -0.02777778 , 0.28194445    , 0.0 , 0.0 , -1.0    ,41.25 , -8.0 , -21.125
39146341  , 0.9027778 , -0.116666675 , 0.45277777    , 0.0 , 0.0 , -1.0    ,41.25 , -8.0 , -21.125
426829  , 0.9027778 , -0.116666675 , 0.45277777    , 0.0 , 0.0 , -1.0    ,39.1875 , -9.0 , -24.0625
39085366  , 0.89861107 , -0.17916667 , 0.57361114    , 0.0 , 0.0 , -1.0    ,39.1875 , -9.0 , -24.0625
426829  , 0.89861107 , -0.17916667 , 0.57361114    , 0.0 , 0.0 , -1.0    ,36.4375 , -10.25 , -27.75
39268293  , 0.8944445 , -0.26944447 , 0.6486111    , 0.0 , 0.0 , -1.0    ,36.4375 , -10.25 , -27.75
426829  , 0.8944445 , -0.26944447 , 0.6486111    , 0.0 , 0.0 , -1.0    ,33.375 , -11.1875 , -30.4375
39176830  , 0.81250006 , -0.2888889 , 0.71944445    , 0.0 , 0.0 , -1.0    ,33.375 , -11.1875 , -30.4375
426829  , 0.81250006 , -0.2888889 , 0.71944445    , 0.0 , 0.0 , -1.0    ,29.8125 , -12.4375 , -33.125
38810975  , 0.78055555 , -0.41805556 , 0.7972222    , 0.0 , 0.0 , -1.0    ,29.8125 , -12.4375 , -33.125
426829  , 0.78055555 , -0.41805556 , 0.7972222    , 0.0 , 0.0 , -1.0    ,26.0 , -13.4375 , -35.5625
42926829  , 0.7152778 , -0.42916667 , 1.0041667    , 0.0 , 0.0 , -1.0    ,26.0 , -13.4375 , -35.5625
396342  , 0.7152778 , -0.42916667 , 1.0041667    , 0.0 , 0.0 , -1.0    ,20.9375 , -14.9375 , -37.3125
35396342  , 0.5972222 , -0.45694444 , 1.1875    , 0.0 , 0.0 , -1.0    ,20.9375 , -14.9375 , -37.3125
457317  , 0.5972222 , -0.45694444 , 1.1875    , 0.0 , 0.0 , -1.0    ,15.625 , -16.4375 , -39.25
38445122  , 0.63611114 , -0.5777778 , 1.1833333    , 0.0 , 0.0 , -1.0    ,15.625 , -16.4375 , -39.25
213415  , 0.63611114 , -0.5777778 , 1.1833333    , 0.0 , 0.0 , -1.0    ,10.25 , -18.625 , -40.4375
29481708  , 0.60138893 , -0.5972222 , 1.2583334    , 0.0 , 0.0 , -1.0    ,10.25 , -18.625 , -40.4375
213415  , 0.60138893 , -0.5972222 , 1.2583334    , 0.0 , 0.0 , -1.0    ,5.1875 , -19.875 , -40.6875
39268293  , 0.5236111 , -0.55833334 , 1.2152778    , 0.0 , 0.0 , -1.0    ,5.1875 , -19.875 , -40.6875
274390  , 0.5236111 , -0.55833334 , 1.2152778    , 0.0 , 0.0 , -1.0    ,1.625 , -21.125 , -40.9375
40640244  , 0.48472223 , -0.5472222 , 1.1986111    , 0.0 , 0.0 , -1.0    ,1.625 , -21.125 , -40.9375
396342  , 0.48472223 , -0.5472222 , 1.1986111    , 0.0 , 0.0 , -1.0    ,-0.875 , -22.375 , -40.9375
39237805  , 0.3986111 , -0.4652778 , 1.1638889    , 0.0 , 0.0 , -1.0    ,-0.875 , -22.375 , -40.9375
426830  , 0.3986111 , -0.4652778 , 1.1638889    , 0.0 , 0.0 , -1.0    ,-2.9375 , -22.625 , -40.0
38597561  , 0.3402778 , -0.5152778 , 0.9458333    , 0.0 , 0.0 , -1.0    ,-2.9375 , -22.625 , -40.0
213414  , 0.3402778 , -0.5152778 , 0.9458333    , 0.0 , 0.0 , -1.0    ,-4.6875 , -23.625 , -39.75
39695122  , 0.23888889 , -0.60138893 , 0.93750006    , 0.0 , 0.0 , -1.0    ,-4.6875 , -23.625 , -39.75
304878  , 0.23888889 , -0.60138893 , 0.93750006    , 0.0 , 0.0 , -1.0    ,-6.75 , -24.375 , -38.5
40030488  , 0.17222223 , -0.7111111 , 1.1291666    , 0.0 , 0.0 , -1.0    ,-6.75 , -24.375 , -38.5
426829  , 0.17222223 , -0.7111111 , 1.1291666    , 0.0 , 0.0 , -1.0    ,-9.75 , -25.3125 , -36.8125
38353659  , 0.12083334 , -0.7263889 , 1.2263889    , 0.0 , 0.0 , -1.0    ,-9.75 , -25.3125 , -36.8125
426830  , 0.12083334 , -0.7263889 , 1.2263889    , 0.0 , 0.0 , -1.0    ,-13.0625 , -26.3125 , -35.0625
39329268  , -0.12083334 , -0.46111113 , 1.1013889    , 0.0 , 0.0 , -1.0    ,-13.0625 , -26.3125 , -35.0625
426829  , -0.12083334 , -0.46111113 , 1.1013889    , 0.0 , 0.0 , -1.0    ,-15.875 , -27.5625 , -33.625
38841463  , 0.011111111 , -0.5625 , 0.9486111    , 0.0 , 0.0 , -1.0    ,-15.875 , -27.5625 , -33.625
396342  , 0.011111111 , -0.5625 , 0.9486111    , 0.0 , 0.0 , -1.0    ,-17.125 , -29.0625 , -32.375
39298781  , 0.09305556 , -0.7583333 , 1.0    , 0.0 , 0.0 , -1.0    ,-17.125 , -29.0625 , -32.375
426829  , 0.09305556 , -0.7583333 , 1.0    , 0.0 , 0.0 , -1.0    ,-17.625 , -29.3125 , -31.4375
38871951  , -0.004166667 , -0.6097222 , 0.9027778    , 0.0 , 0.0 , -1.0    ,-17.625 , -29.3125 , -31.4375
426830  , -0.004166667 , -0.6097222 , 0.9027778    , 0.0 , 0.0 , -1.0    ,-16.375 , -30.5625 , -31.6875
39146342  , 0.02777778 , -0.5513889 , 0.92222226    , 0.0 , 0.0 , -1.0    ,-16.375 , -30.5625 , -31.6875
426829  , 0.02777778 , -0.5513889 , 0.92222226    , 0.0 , 0.0 , -1.0    ,-14.5625 , -31.0625 , -32.125
39268292  , -0.004166667 , -0.39027777 , 0.78888893    , 0.0 , 0.0 , -1.0    ,-14.5625 , -31.0625 , -32.125
396341  , -0.004166667 , -0.39027777 , 0.78888893    , 0.0 , 0.0 , -1.0    ,-12.5625 , -30.8125 , -32.875
38810975  , 0.054166667 , -0.21111113 , 0.6680556    , 0.0 , 0.0 , -1.0    ,-12.5625 , -30.8125 , -32.875
426830  , 0.054166667 , -0.21111113 , 0.6680556    , 0.0 , 0.0 , -1.0    ,-9.75 , -30.8125 , -34.125
39207317  , 0.07361111 , -0.16388889 , 0.7583333    , 0.0 , 0.0 , -1.0    ,-9.75 , -30.8125 , -34.125
426829  , 0.07361111 , -0.16388889 , 0.7583333    , 0.0 , 0.0 , -1.0    ,-7.5 , -29.3125 , -36.0625
39298780  , 0.15972222 , -0.1875 , 0.5541667    , 0.0 , 0.0 , -1.0    ,-7.5 , -29.3125 , -36.0625
426829  , 0.15972222 , -0.1875 , 0.5541667    , 0.0 , 0.0 , -1.0    ,-4.6875 , -27.5625 , -37.5
38810975  , 0.23472224 , -0.21527778 , 0.5708333    , 0.0 , 0.0 , -1.0    ,-4.6875 , -27.5625 , -37.5
426830  , 0.23472224 , -0.21527778 , 0.5708333    , 0.0 , 0.0 , -1.0    ,-2.6875 , -25.3125 , -39.5
39115854  , 0.20277779 , -0.13611111 , 0.69861114    , 0.0 , 0.0 , -1.0    ,-2.6875 , -25.3125 , -39.5
396342  , 0.20277779 , -0.13611111 , 0.69861114    , 0.0 , 0.0 , -1.0    ,-0.375 , -22.625 , -41.4375
39054878  , 0.2888889 , -0.14027779 , 0.6680556    , 0.0 , 0.0 , -1.0    ,-0.375 , -22.625 , -41.4375
396342  , 0.2888889 , -0.14027779 , 0.6680556    , 0.0 , 0.0 , -1.0    ,2.1875 , -19.375 , -42.9375
39115854  , 0.40555558 , -0.08611111 , 0.49583334    , 0.0 , 0.0 , -1.0    ,2.1875 , -19.375 , -42.9375
426829  , 0.40555558 , -0.08611111 , 0.49583334    , 0.0 , 0.0 , -1.0    ,4.4375 , -15.6875 , -44.375
38963415  , 0.3125 , 0.17222223 , 0.3986111    , 0.0 , 0.0 , -1.0    ,4.4375 , -15.6875 , -44.375
182927  , 0.3125 , 0.17222223 , 0.3986111    , 0.0 , 0.0 , -1.0    ,6.5 , -11.1875 , -45.125
46768292  , 0.3013889 , 0.33611113 , 0.60138893    , 0.0 , 0.0 , -1.0    ,6.5 , -11.1875 , -45.125
182926  , 0.3013889 , 0.33611113 , 0.60138893    , 0.0 , 0.0 , -1.0    ,8.0 , -7.0 , -45.8125
21798780  , 0.4097222 , 0.3402778 , 0.4486111    , 0.0 , 0.0 , -1.0    ,8.0 , -7.0 , -45.8125
213415  , 0.4097222 , 0.3402778 , 0.4486111    , 0.0 , 0.0 , -1.0    ,8.5 , -2.8125 , -45.8125
39786585  , 0.3861111 , 0.30416667 , 0.5972222    , 0.0 , 0.0 , -1.0    ,8.5 , -2.8125 , -45.8125
213414  , 0.3861111 , 0.30416667 , 0.5972222    , 0.0 , 0.0 , -1.0    ,8.75 , 0.9375 , -45.625
40000000  , 0.3638889 , 0.4138889 , 0.75    , 0.0 , 0.0 , -1.0    ,8.75 , 0.9375 , -45.625
365854  , 0.3638889 , 0.4138889 , 0.75    , 0.0 , 0.0 , -1.0    ,8.5 , 3.875 , -45.625
39420732  , 0.29722223 , 0.51944447 , 0.8208333    , 0.0 , 0.0 , -1.0    ,8.5 , 3.875 , -45.625
426829  , 0.29722223 , 0.51944447 , 0.8208333    , 0.0 , 0.0 , -1.0    ,7.75 , 6.375 , -44.875
38780488  , 0.29722223 , 0.48055556 , 0.90694445    , 0.0 , 0.0 , -1.0    ,7.75 , 6.375 , -44.875
426829  , 0.29722223 , 0.48055556 , 0.90694445    , 0.0 , 0.0 , -1.0    ,7.0 , 8.375 , -45.125
39481707  , 0.2847222 , 0.53472227 , 0.96944445    , 0.0 , 0.0 , -1.0    ,7.0 , 8.375 , -45.125
426829  , 0.2847222 , 0.53472227 , 0.96944445    , 0.0 , 0.0 , -1.0    ,5.4375 , 9.875 , -44.625
38963415  , 0.3125 , 0.58194447 , 0.9333334    , 0.0 , 0.0 , -1.0    ,5.4375 , 9.875 , -44.625
426830  , 0.3125 , 0.58194447 , 0.9333334    , 0.0 , 0.0 , -1.0    ,4.6875 , 10.375 , -44.375
39176829  , 0.2736111 , 0.54305553 , 0.89861107    , 0.0 , 0.0 , -1.0    ,4.6875 , 10.375 , -44.375
426829  , 0.2736111 , 0.54305553 , 0.89861107    , 0.0 , 0.0 , -1.0    ,4.4375 , 10.625 , -44.875
38750000  , 0.20694445 , 0.43333334 , 0.98888886    , 0.0 , 0.0 , -1.0    ,4.4375 , 10.625 , -44.875
426829  , 0.20694445 , 0.43333334 , 0.98888886    , 0.0 , 0.0 , -1.0    ,3.6875 , 9.625 , -45.125
39146341  , 0.16805556 , 0.29305556 , 1.0583334    , 0.0 , 0.0 , -1.0    ,3.6875 , 9.625 , -45.125
426829  , 0.16805556 , 0.29305556 , 1.0583334    , 0.0 , 0.0 , -1.0    ,3.1875 , 7.875 , -45.625
39054879  , 0.12083334 , 0.19861111 , 1.1986111    , 0.0 , 0.0 , -1.0    ,3.1875 , 7.875 , -45.625
426829  , 0.12083334 , 0.19861111 , 1.1986111    , 0.0 , 0.0 , -1.0    ,1.875 , 4.875 , -46.0625
39115853  , 0.0625 , 0.23888889 , 1.2111112    , 0.0 , 0.0 , -1.0    ,1.875 , 4.875 , -46.0625
426829  , 0.0625 , 0.23888889 , 1.2111112    , 0.0 , 0.0 , -1.0    ,0.125 , 1.1875 , -46.0625
39237805  , 0.08194444 , 0.11388889 , 1.2152778    , 0.0 , 0.0 , -1.0    ,0.125 , 1.1875 , -46.0625
426829  , 0.08194444 , 0.11388889 , 1.2152778    , 0.0 , 0.0 , -1.0    ,-1.625 , -3.3125 , -45.625
38810975  , 0.09027778 , -0.043055557 , 1.1638889    , 0.0 , 0.0 , -1.0    ,-1.625 , -3.3125 , -45.625
426829  , 0.09027778 , -0.043055557 , 1.1638889    , 0.0 , 0.0 , -1.0    ,-3.1875 , -7.25 , -45.375
39085366  , 0.043055557 , -0.07777778 , 1.2777778    , 0.0 , 0.0 , -1.0    ,-3.1875 , -7.25 , -45.375
426830  , 0.043055557 , -0.07777778 , 1.2777778    , 0.0 , 0.0 , -1.0    ,-4.4375 , -10.9375 , -44.625
39024391  , -0.015277779 , -0.14027779 , 1.3166667    , 0.0 , 0.0 , -1.0    ,-4.4375 , -10.9375 , -44.625
396341  , -0.015277779 , -0.14027779 , 1.3166667    , 0.0 , 0.0 , -1.0    ,-4.9375 , -14.9375 , -43.875
39024391  , -0.06666667 , -0.21527778 , 1.2819445    , 0.0 , 0.0 , -1.0    ,-4.9375 , -14.9375 , -43.875
426829  , -0.06666667 , -0.21527778 , 1.2819445    , 0.0 , 0.0 , -1.0    ,-4.9375 , -18.125 , -42.6875
39481707  , -0.03888889 , -0.30416667 , 1.2388889    , 0.0 , 0.0 , -1.0    ,-4.9375 , -18.125 , -42.6875
396341  , -0.03888889 , -0.30416667 , 1.2388889    , 0.0 , 0.0 , -1.0    ,-4.9375 , -22.125 , -40.6875
38750000  , -0.07361111 , -0.34722224 , 1.2736111    , 0.0 , 0.0 , -1.0    ,-4.9375 , -22.125 , -40.6875
396341  , -0.07361111 , -0.34722224 , 1.2736111    , 0.0 , 0.0 , -1.0    ,-4.9375 , -25.3125 , -39.0
39146342  , -0.054166667 , -0.40694445 , 1.2611111    , 0.0 , 0.0 , -1.0    ,-4.9375 , -25.3125 , -39.0
548781  , -0.054166667 , -0.40694445 , 1.2611111    , 0.0 , 0.0 , -1.0    ,-5.1875 , -28.0625 , -36.3125
39085366  , -0.058333337 , -0.4027778 , 1.1597223    , 0.0 , 0.0 , -1.0    ,-5.1875 , -28.0625 , -36.3125
457317  , -0.058333337 , -0.4027778 , 1.1597223    , 0.0 , 0.0 , -1.0    ,-4.9375 , -31.0625 , -34.125
38079268  , -0.054166667 , -0.44583336 , 1.1527778    , 0.0 , 0.0 , -1.0    ,-4.9375 , -31.0625 , -34.125
213415  , -0.054166667 , -0.44583336 , 1.1527778    , 0.0 , 0.0 , -1.0    ,-4.1875 , -33.25 , -32.375
29878049  , -0.05138889 , -0.46111113 , 1.1013889    , 0.0 , 0.0 , -1.0    ,-4.1875 , -33.25 , -32.375
243902  , -0.05138889 , -0.46111113 , 1.1013889    , 0.0 , 0.0 , -1.0    ,-3.4375 , -35.5 , -30.1875
39542683  , -0.023611112 , -0.48888892 , 1.0152779    , 0.0 , 0.0 , -1.0    ,-3.4375 , -35.5 , -30.1875
243902  , -0.023611112 , -0.48888892 , 1.0152779    , 0.0 , 0.0 , -1.0    ,-1.875 , -37.5 , -29.0
39878049  , 0.0 , -0.5513889 , 1.0    , 0.0 , 0.0 , -1.0    ,-1.875 , -37.5 , -29.0
426829  , 0.0 , -0.5513889 , 1.0    , 0.0 , 0.0 , -1.0    ,-0.875 , -39.0 , -27.5
40365853  , 0.004166667 , -0.56666666 , 0.89027786    , 0.0 , 0.0 , -1.0    ,-0.875 , -39.0 , -27.5
640244  , 0.004166667 , -0.56666666 , 0.89027786    , 0.0 , 0.0 , -1.0    ,-0.125 , -40.1875 , -26.5
38292683  , 0.011111111 , -0.5152778 , 0.8361111    , 0.0 , 0.0 , -1.0    ,-0.125 , -40.1875 , -26.5
609756  , 0.011111111 , -0.5152778 , 0.8361111    , 0.0 , 0.0 , -1.0    ,0.875 , -40.6875 , -25.5625
36829268  , 0.043055557 , -0.5902778 , 0.98888886    , 0.0 , 0.0 , -1.0    ,0.875 , -40.6875 , -25.5625
213415  , 0.043055557 , -0.5902778 , 0.98888886    , 0.0 , 0.0 , -1.0    ,1.125 , -41.4375 , -24.5625
30030488  , 0.019444445 , -0.56666666 , 0.9458333    , 0.0 , 0.0 , -1.0    ,1.125 , -41.4375 , -24.5625
243903  , 0.019444445 , -0.56666666 , 0.9458333    , 0.0 , 0.0 , -1.0    ,2.1875 , -41.4375 , -23.8125
40365853  , 0.011111111 , -0.5 , 0.78472227    , 0.0 , 0.0 , -1.0    ,2.1875 , -41.4375 , -23.8125
457317  , 0.011111111 , -0.5 , 0.78472227    , 0.0 , 0.0 , -1.0    ,2.9375 , -41.1875 , -23.125
38445122  , 0.034722224 , -0.44583336 , 0.83194447    , 0.0 , 0.0 , -1.0    ,2.9375 , -41.1875 , -23.125
426829  , 0.034722224 , -0.44583336 , 0.83194447    , 0.0 , 0.0 , -1.0    ,4.1875 , -41.1875 , -23.375
39268292  , 0.034722224 , -0.4263889 , 0.8277778    , 0.0 , 0.0 , -1.0    ,4.1875 , -41.1875 , -23.375
426829  , 0.034722224 , -0.4263889 , 0.8277778    , 0.0 , 0.0 , -1.0    ,5.4375 , -40.1875 , -24.3125
39237804  , 0.008333334 , -0.25416666 , 0.73055553    , 0.0 , 0.0 , -1.0    ,5.4375 , -40.1875 , -24.3125
426829  , 0.008333334 , -0.25416666 , 0.73055553    , 0.0 , 0.0 , -1.0    ,6.1875 , -38.75 , -26.0625
39146341  , 0.08194444 , -0.20694445 , 0.80833334    , 0.0 , 0.0 , -1.0    ,6.1875 , -38.75 , -26.0625
426830  , 0.08194444 , -0.20694445 , 0.80833334    , 0.0 , 0.0 , -1.0    ,7.75 , -36.75 , -28.75
39085366  , 0.09027778 , -0.101388894 , 0.8041667    , 0.0 , 0.0 , -1.0    ,7.75 , -36.75 , -28.75
426830  , 0.09027778 , -0.101388894 , 0.8041667    , 0.0 , 0.0 , -1.0    ,8.75 , -33.5 , -31.4375
38780488  , 0.10972223 , -0.058333337 , 0.70694447    , 0.0 , 0.0 , -1.0    ,8.75 , -33.5 , -31.4375
426830  , 0.10972223 , -0.058333337 , 0.70694447    , 0.0 , 0.0 , -1.0    ,10.0 , -30.0625 , -34.8125
39115854  , 0.1875 , -0.019444445 , 0.67222226    , 0.0 , 0.0 , -1.0    ,10.0 , -30.0625 , -34.8125
426830  , 0.1875 , -0.019444445 , 0.67222226    , 0.0 , 0.0 , -1.0    ,11.3125 , -25.5625 , -38.0
39176830  , 0.16805556 , 0.12083334 , 0.74583334    , 0.0 , 0.0 , -1.0    ,11.3125 , -25.5625 , -38.0
426829  , 0.16805556 , 0.12083334 , 0.74583334    , 0.0 , 0.0 , -1.0    ,12.0625 , -21.375 , -40.0
39268292  , 0.17222223 , 0.12083334 , 0.8444445    , 0.0 , 0.0 , -1.0    ,12.0625 , -21.375 , -40.0
426829  , 0.17222223 , 0.12083334 , 0.8444445    , 0.0 , 0.0 , -1.0    ,13.3125 , -17.4375 , -41.6875
38871951  , 0.32083333 , 0.15972222 , 0.70694447    , 0.0 , 0.0 , -1.0    ,13.3125 , -17.4375 , -41.6875
426829  , 0.32083333 , 0.15972222 , 0.70694447    , 0.0 , 0.0 , -1.0    ,14.5625 , -12.9375 , -42.1875
39115854  , 0.3236111 , 0.29722223 , 0.62083334    , 0.0 , 0.0 , -1.0    ,14.5625 , -12.9375 , -42.1875
426829  , 0.3236111 , 0.29722223 , 0.62083334    , 0.0 , 0.0 , -1.0    ,15.875 , -10.25 , -42.4375
39054878  , 0.2777778 , 0.39027777 , 0.71944445    , 0.0 , 0.0 , -1.0    ,15.875 , -10.25 , -42.4375
426829  , 0.2777778 , 0.39027777 , 0.71944445    , 0.0 , 0.0 , -1.0    ,17.125 , -7.0 , -42.6875
39420732  , 0.24583335 , 0.29722223 , 0.74583334    , 0.0 , 0.0 , -1.0    ,17.125 , -7.0 , -42.6875
426829  , 0.24583335 , 0.29722223 , 0.74583334    , 0.0 , 0.0 , -1.0    ,17.875 , -4.5 , -42.9375
39146341  , 0.22638889 , 0.21111113 , 0.7777778    , 0.0 , 0.0 , -1.0    ,17.875 , -4.5 , -42.9375
426830  , 0.22638889 , 0.21111113 , 0.7777778    , 0.0 , 0.0 , -1.0    ,17.875 , -2.8125 , -43.375
38750000  , 0.16805556 , 0.2847222 , 0.92916673    , 0.0 , 0.0 , -1.0    ,17.875 , -2.8125 , -43.375
213414  , 0.16805556 , 0.2847222 , 0.92916673    , 0.0 , 0.0 , -1.0    ,18.125 , -0.5625 , -43.375
39390244  , 0.16805556 , 0.3402778 , 0.7736111    , 0.0 , 0.0 , -1.0    ,18.125 , -0.5625 , -43.375
274391  , 0.16805556 , 0.3402778 , 0.7736111    , 0.0 , 0.0 , -1.0    ,18.375 , 0.9375 , -43.625
39939024  , 0.25 , 0.42916667 , 0.7111111    , 0.0 , 0.0 , -1.0    ,18.375 , 0.9375 , -43.625
396341  , 0.25 , 0.42916667 , 0.7111111    , 0.0 , 0.0 , -1.0    ,19.1875 , 3.1875 , -43.625
39024390  , 0.22638889 , 0.5625 , 0.7416667    , 0.0 , 0.0 , -1.0    ,19.1875 , 3.1875 , -43.625
457318  , 0.22638889 , 0.5625 , 0.7416667    , 0.0 , 0.0 , -1.0    ,19.9375 , 4.625 , -43.375
38902439  , 0.24583335 , 0.5 , 0.80833334    , 0.0 , 0.0 , -1.0    ,19.9375 , 4.625 , -43.375
426829  , 0.24583335 , 0.5 , 0.80833334    , 0.0 , 0.0 , -1.0    ,20.1875 , 6.375 , -43.125
38993903  , 0.22222224 , 0.4763889 , 0.88611114    , 0.0 , 0.0 , -1.0    ,20.1875 , 6.375 , -43.125
457317  , 0.22222224 , 0.4763889 , 0.88611114    , 0.0 , 0.0 , -1.0    ,19.6875 , 7.375 , -43.125
38963414  , 0.101388894 , 0.4652778 , 1.1444445    , 0.0 , 0.0 , -1.0    ,19.6875 , 7.375 , -43.125
426830  , 0.101388894 , 0.4652778 , 1.1444445    , 0.0 , 0.0 , -1.0    ,18.625 , 6.875 , -43.875
39329269  , 0.054166667 , 0.3986111 , 1.1722223    , 0.0 , 0.0 , -1.0    ,18.625 , 6.875 , -43.875
426829  , 0.054166667 , 0.3986111 , 1.1722223    , 0.0 , 0.0 , -1.0    ,17.375 , 6.625 , -44.375
39054878  , 0.02777778 , 0.23888889 , 1.1763889    , 0.0 , 0.0 , -1.0    ,17.375 , 6.625 , -44.375
426829  , 0.02777778 , 0.23888889 , 1.1763889    , 0.0 , 0.0 , -1.0    ,15.625 , 4.375 , -45.125
38902439  , -0.058333337 , 0.13333334 , 1.3083333    , 0.0 , 0.0 , -1.0    ,15.625 , 4.375 , -45.125
426830  , -0.058333337 , 0.13333334 , 1.3083333    , 0.0 , 0.0 , -1.0    ,14.0625 , 1.4375 , -45.625
39146342  , -0.12083334 , 0.047222223 , 1.3319445    , 0.0 , 0.0 , -1.0    ,14.0625 , 1.4375 , -45.625
426829  , -0.12083334 , 0.047222223 , 1.3319445    , 0.0 , 0.0 , -1.0    ,12.3125 , -1.8125 , -45.625
39298780  , -0.097222224 , -0.08611111 , 1.3513889    , 0.0 , 0.0 , -1.0    ,12.3125 , -1.8125 , -45.625
426829  , -0.097222224 , -0.08611111 , 1.3513889    , 0.0 , 0.0 , -1.0    ,10.8125 , -5.5 , -45.375
39115853  , -0.094444446 , -0.14444445 , 1.3041667    , 0.0 , 0.0 , -1.0    ,10.8125 , -5.5 , -45.375
396342  , -0.094444446 , -0.14444445 , 1.3041667    , 0.0 , 0.0 , -1.0    ,9.75 , -8.75 , -44.875
39176830  , -0.12083334 , -0.17638889 , 1.25    , 0.0 , 0.0 , -1.0    ,9.75 , -8.75 , -44.875
426829  , -0.12083334 , -0.17638889 , 1.25    , 0.0 , 0.0 , -1.0    ,9.0 , -11.4375 , -44.625
39024390  , -0.17222223 , -0.18333334 , 1.3236111    , 0.0 , 0.0 , -1.0    ,9.0 , -11.4375 , -44.625
396342  , -0.17222223 , -0.18333334 , 1.3236111    , 0.0 , 0.0 , -1.0    ,8.75 , -14.1875 , -43.375
39146342  , -0.14861111 , -0.23472224 , 1.301389    , 0.0 , 0.0 , -1.0    ,8.75 , -14.1875 , -43.375
396342  , -0.14861111 , -0.23472224 , 1.301389    , 0.0 , 0.0 , -1.0    ,8.5 , -16.6875 , -42.4375
38780488  , -0.12083334 , -0.32083333 , 1.2069445    , 0.0 , 0.0 , -1.0    ,8.5 , -16.6875 , -42.4375
426830  , -0.12083334 , -0.32083333 , 1.2069445    , 0.0 , 0.0 , -1.0    ,9.0 , -18.625 , -41.6875
39329269  , -0.08611111 , -0.375 , 1.1527778    , 0.0 , 0.0 , -1.0    ,9.0 , -18.625 , -41.6875
396341  , -0.08611111 , -0.375 , 1.1527778    , 0.0 , 0.0 , -1.0    ,9.75 , -20.875 , -40.6875
38841463  , -0.11388889 , -0.3861111 , 1.1763889    , 0.0 , 0.0 , -1.0    ,9.75 , -20.875 , -40.6875
426830  , -0.11388889 , -0.3861111 , 1.1763889    , 0.0 , 0.0 , -1.0    ,10.0 , -22.625 , -39.5
39268293  , -0.116666675 , -0.39444447 , 1.1291666    , 0.0 , 0.0 , -1.0    ,10.0 , -22.625 , -39.5
426829  , -0.116666675 , -0.39444447 , 1.1291666    , 0.0 , 0.0 , -1.0    ,11.0625 , -24.625 , -38.25
38871951  , -0.11388889 , -0.40694445 , 1.0736111    , 0.0 , 0.0 , -1.0    ,11.0625 , -24.625 , -38.25
579269  , -0.11388889 , -0.40694445 , 1.0736111    , 0.0 , 0.0 , -1.0    ,11.3125 , -26.8125 , -36.8125
38719512  , -0.116666675 , -0.48055556 , 1.0111111    , 0.0 , 0.0 , -1.0    ,11.3125 , -26.8125 , -36.8125
182927  , -0.116666675 , -0.48055556 , 1.0111111    , 0.0 , 0.0 , -1.0    ,11.5625 , -28.5625 , -34.8125
40701220  , -0.11388889 , -0.56666666 , 0.9527778    , 0.0 , 0.0 , -1.0    ,11.5625 , -28.5625 , -34.8125
182927  , -0.11388889 , -0.56666666 , 0.9527778    , 0.0 , 0.0 , -1.0    ,13.0625 , -30.5625 , -33.125
38567073  , -0.12083334 , -0.61388886 , 0.9486111    , 0.0 , 0.0 , -1.0    ,13.0625 , -30.5625 , -33.125
304878  , -0.12083334 , -0.61388886 , 0.9486111    , 0.0 , 0.0 , -1.0    ,13.8125 , -32.0625 , -31.1875
40000000  , -0.10972223 , -0.6291667 , 0.9138889    , 0.0 , 0.0 , -1.0    ,13.8125 , -32.0625 , -31.1875
365854  , -0.10972223 , -0.6291667 , 0.9138889    , 0.0 , 0.0 , -1.0    ,15.125 , -33.5 , -29.6875
39054878  , -0.125 , -0.6097222 , 0.87083334    , 0.0 , 0.0 , -1.0    ,15.125 , -33.5 , -29.6875
426830  , -0.125 , -0.6097222 , 0.87083334    , 0.0 , 0.0 , -1.0    ,15.875 , -34.75 , -28.25
38628049  , -0.0625 , -0.5902778 , 0.78194445    , 0.0 , 0.0 , -1.0    ,15.875 , -34.75 , -28.25
426830  , -0.0625 , -0.5902778 , 0.78194445    , 0.0 , 0.0 , -1.0    ,15.625 , -35.75 , -27.5
38993903  , -0.02777778 , -0.57361114 , 0.7736111    , 0.0 , 0.0 , -1.0    ,15.625 , -35.75 , -27.5
426829  , -0.02777778 , -0.57361114 , 0.7736111    , 0.0 , 0.0 , -1.0    ,15.625 , -35.75 , -27.75
39146341  , -0.004166667 , -0.5236111 , 0.78194445    , 0.0 , 0.0 , -1.0    ,15.625 , -35.75 , -27.75
426830  , -0.004166667 , -0.5236111 , 0.78194445    , 0.0 , 0.0 , -1.0    ,16.125 , -35.25 , -27.5
39420732  , 0.015277779 , -0.48055556 , 0.78194445    , 0.0 , 0.0 , -1.0    ,16.125 , -35.25 , -27.5
426830  , 0.015277779 , -0.48055556 , 0.78194445    , 0.0 , 0.0 , -1.0    ,17.625 , -34.25 , -28.5
38719512  , 0.015277779 , -0.4097222 , 0.81250006    , 0.0 , 0.0 , -1.0    ,17.625 , -34.25 , -28.5
426829  , 0.015277779 , -0.4097222 , 0.81250006    , 0.0 , 0.0 , -1.0    ,19.4375 , -32.5 , -30.1875
39115854  , 0.047222223 , -0.3236111 , 0.7263889    , 0.0 , 0.0 , -1.0    ,19.4375 , -32.5 , -30.1875
426830  , 0.047222223 , -0.3236111 , 0.7263889    , 0.0 , 0.0 , -1.0    ,20.9375 , -31.0625 , -31.1875
39085366  , 0.10972223 , -0.22638889 , 0.72222227    , 0.0 , 0.0 , -1.0    ,20.9375 , -31.0625 , -31.1875
426830  , 0.10972223 , -0.22638889 , 0.72222227    , 0.0 , 0.0 , -1.0    ,21.4375 , -28.3125 , -33.375
39085366  , 0.10972223 , -0.15972222 , 0.7583333    , 0.0 , 0.0 , -1.0    ,21.4375 , -28.3125 , -33.375
426829  , 0.10972223 , -0.15972222 , 0.7583333    , 0.0 , 0.0 , -1.0    ,21.4375 , -25.0625 , -35.0625
39237805  , 0.15555556 , -0.2611111 , 0.89861107    , 0.0 , 0.0 , -1.0    ,21.4375 , -25.0625 , -35.0625
396341  , 0.15555556 , -0.2611111 , 0.89861107    , 0.0 , 0.0 , -1.0    ,21.4375 , -22.375 , -36.3125
39146341  , 0.20277779 , -0.21111113 , 0.78472227    , 0.0 , 0.0 , -1.0    ,21.4375 , -22.375 , -36.3125
396342  , 0.20277779 , -0.21111113 , 0.78472227    , 0.0 , 0.0 , -1.0    ,21.9375 , -18.875 , -38.25
38902439  , 0.17222223 , -0.05138889 , 0.8277778    , 0.0 , 0.0 , -1.0    ,21.9375 , -18.875 , -38.25
426830  , 0.17222223 , -0.05138889 , 0.8277778    , 0.0 , 0.0 , -1.0    ,23.0 , -16.4375 , -38.75
39237805  , 0.12083334 , 0.058333337 , 0.90694445    , 0.0 , 0.0 , -1.0    ,23.0 , -16.4375 , -38.75
426829  , 0.12083334 , 0.058333337 , 0.90694445    , 0.0 , 0.0 , -1.0    ,24.0 , -13.6875 , -39.5
39115854  , 0.19166668 , 0.11388889 , 0.81250006    , 0.0 , 0.0 , -1.0    ,24.0 , -13.6875 , -39.5
426829  , 0.19166668 , 0.11388889 , 0.81250006    , 0.0 , 0.0 , -1.0    ,24.75 , -9.75 , -40.0
39207317  , 0.21805556 , 0.26527777 , 0.76944447    , 0.0 , 0.0 , -1.0    ,24.75 , -9.75 , -40.0
426830  , 0.21805556 , 0.26527777 , 0.76944447    , 0.0 , 0.0 , -1.0    ,26.0 , -6.5 , -39.5
38932927  , 0.20277779 , 0.30833334 , 0.86388886    , 0.0 , 0.0 , -1.0    ,26.0 , -6.5 , -39.5
426830  , 0.20277779 , 0.30833334 , 0.86388886    , 0.0 , 0.0 , -1.0    ,27.0 , -3.3125 , -39.5
39054878  , 0.26944447 , 0.21805556 , 0.81666666    , 0.0 , 0.0 , -1.0    ,27.0 , -3.3125 , -39.5
426829  , 0.26944447 , 0.21805556 , 0.81666666    , 0.0 , 0.0 , -1.0    ,27.5625 , -0.5625 , -38.25
38993902  , 0.40555558 , 0.125 , 0.7027778    , 0.0 , 0.0 , -1.0    ,27.5625 , -0.5625 , -38.25
426830  , 0.40555558 , 0.125 , 0.7027778    , 0.0 , 0.0 , -1.0    ,28.5625 , 0.9375 , -37.3125
39115854  , 0.23888889 , 0.14444445 , 0.8597222    , 0.0 , 0.0 , -1.0    ,28.5625 , 0.9375 , -37.3125
426830  , 0.23888889 , 0.14444445 , 0.8597222    , 0.0 , 0.0 , -1.0    ,28.5625 , 2.1875 , -36.3125
39054878  , 0.116666675 , 0.25416666 , 0.8513889    , 0.0 , 0.0 , -1.0    ,28.5625 , 2.1875 , -36.3125
182927  , 0.116666675 , 0.25416666 , 0.8513889    , 0.0 , 0.0 , -1.0    ,28.5625 , 3.625 , -36.5625
43506097  , 0.13333334 , 0.3013889 , 0.9027778    , 0.0 , 0.0 , -1.0    ,28.5625 , 3.625 , -36.5625
213415  , 0.13333334 , 0.3013889 , 0.9027778    , 0.0 , 0.0 , -1.0    ,28.5625 , 5.875 , -36.8125
25609757  , 0.08611111 , 0.32777777 , 0.97638893    , 0.0 , 0.0 , -1.0    ,28.5625 , 5.875 , -36.8125
213415  , 0.08611111 , 0.32777777 , 0.97638893    , 0.0 , 0.0 , -1.0    ,27.5625 , 7.875 , -37.0625
39024390  , 0.05138889 , 0.3402778 , 0.8833334    , 0.0 , 0.0 , -1.0    ,27.5625 , 7.875 , -37.0625
213414  , 0.05138889 , 0.3402778 , 0.8833334    , 0.0 , 0.0 , -1.0    ,26.75 , 9.875 , -38.0
39908536  , 0.06666667 , 0.39027777 , 0.8361111    , 0.0 , 0.0 , -1.0    ,26.75 , 9.875 , -38.0
365854  , 0.06666667 , 0.39027777 , 0.8361111    , 0.0 , 0.0 , -1.0    ,25.75 , 11.3125 , -37.75
39695122  , 0.023611112 , 0.35555556 , 0.90694445    , 0.0 , 0.0 , -1.0    ,25.75 , 11.3125 , -37.75
457317  , 0.023611112 , 0.35555556 , 0.90694445    , 0.0 , 0.0 , -1.0    ,24.25 , 12.0625 , -38.5
38536585  , 0.02777778 , 0.34305555 , 1.0347222    , 0.0 , 0.0 , -1.0    ,24.25 , 12.0625 , -38.5
213415  , 0.02777778 , 0.34305555 , 1.0347222    , 0.0 , 0.0 , -1.0    ,23.25 , 12.8125 , -39.0
39542683  , 0.023611112 , 0.2736111 , 1.0736111    , 0.0 , 0.0 , -1.0    ,23.25 , 12.8125 , -39.0
304878  , 0.023611112 , 0.2736111 , 1.0736111    , 0.0 , 0.0 , -1.0    ,21.9375 , 13.5625 , -40.0
39298780  , -0.047222223 , 0.25 , 1.2888889    , 0.0 , 0.0 , -1.0    ,21.9375 , 13.5625 , -40.0
304878  , -0.047222223 , 0.25 , 1.2888889    , 0.0 , 0.0 , -1.0    ,20.6875 , 13.3125 , -40.9375
39664634  , -0.14027779 , 0.19861111 , 1.2541667    , 0.0 , 0.0 , -1.0    ,20.6875 , 13.3125 , -40.9375
335366  , -0.14027779 , 0.19861111 , 1.2541667    , 0.0 , 0.0 , -1.0    ,19.4375 , 12.3125 , -41.9375
39176829  , -0.11388889 , 0.043055557 , 1.2305555    , 0.0 , 0.0 , -1.0    ,19.4375 , 12.3125 , -41.9375
426829  , -0.11388889 , 0.043055557 , 1.2305555    , 0.0 , 0.0 , -1.0    ,18.125 , 11.3125 , -43.125
39237805  , -0.08194444 , -0.097222224 , 1.2111112    , 0.0 , 0.0 , -1.0    ,18.125 , 11.3125 , -43.125
426829  , -0.08194444 , -0.097222224 , 1.2111112    , 0.0 , 0.0 , -1.0    ,16.625 , 9.125 , -43.625
39176830  , -0.14861111 , -0.13611111 , 1.2388889    , 0.0 , 0.0 , -1.0    ,16.625 , 9.125 , -43.625
426829  , -0.14861111 , -0.13611111 , 1.2388889    , 0.0 , 0.0 , -1.0    ,14.875 , 7.125 , -44.375
39085366  , -0.21944445 , -0.15277778 , 1.2847222    , 0.0 , 0.0 , -1.0    ,14.875 , 7.125 , -44.375
426829  , -0.21944445 , -0.15277778 , 1.2847222    , 0.0 , 0.0 , -1.0    ,14.0625 , 4.375 , -45.125
39115853  , -0.23055556 , -0.1875 , 1.2388889    , 0.0 , 0.0 , -1.0    ,14.0625 , 4.375 , -45.125
396342  , -0.23055556 , -0.1875 , 1.2388889    , 0.0 , 0.0 , -1.0    ,13.0625 , 1.6875 , -45.375
39024391  , -0.22638889 , -0.20277779 , 1.2416667    , 0.0 , 0.0 , -1.0    ,13.0625 , 1.6875 , -45.375
426829  , -0.22638889 , -0.20277779 , 1.2416667    , 0.0 , 0.0 , -1.0    ,11.8125 , -1.0625 , -45.625
38719512  , -0.21111113 , -0.25833333 , 1.2111112    , 0.0 , 0.0 , -1.0    ,11.8125 , -1.0625 , -45.625
426829  , -0.21111113 , -0.25833333 , 1.2111112    , 0.0 , 0.0 , -1.0    ,11.5625 , -3.5625 , -45.625
39207317  , -0.19166668 , -0.32083333 , 1.0861111    , 0.0 , 0.0 , -1.0    ,11.5625 , -3.5625 , -45.625
426830  , -0.19166668 , -0.32083333 , 1.0861111    , 0.0 , 0.0 , -1.0    ,10.8125 , -5.5 , -45.125
38963415  , -0.15972222 , -0.4097222 , 1.0861111    , 0.0 , 0.0 , -1.0    ,10.8125 , -5.5 , -45.125
396341  , -0.15972222 , -0.4097222 , 1.0861111    , 0.0 , 0.0 , -1.0    ,10.0 , -8.0 , -45.125
39329268  , -0.20694445 , -0.42916667 , 1.1291666    , 0.0 , 0.0 , -1.0    ,10.0 , -8.0 , -45.125
426830  , -0.20694445 , -0.42916667 , 1.1291666    , 0.0 , 0.0 , -1.0    ,10.25 , -10.5 , -44.875
38902439  , -0.23888889 , -0.4652778 , 1.0625    , 0.0 , 0.0 , -1.0    ,10.25 , -10.5 , -44.875
426829  , -0.23888889 , -0.4652778 , 1.0625    , 0.0 , 0.0 , -1.0    ,10.0 , -12.1875 , -44.625
43689025  , -0.25416666 , -0.4916667 , 0.9916667    , 0.0 , 0.0 , -1.0    ,10.0 , -12.1875 , -44.625
396341  , -0.25416666 , -0.4916667 , 0.9916667    , 0.0 , 0.0 , -1.0    ,9.75 , -13.9375 , -44.125
34634146  , -0.23055556 , -0.5541667 , 1.1013889    , 0.0 , 0.0 , -1.0    ,9.75 , -13.9375 , -44.125
396342  , -0.23055556 , -0.5541667 , 1.1013889    , 0.0 , 0.0 , -1.0    ,9.5 , -15.9375 , -43.125
38536586  , -0.25 , -0.57361114 , 0.9847223    , 0.0 , 0.0 , -1.0    ,9.5 , -15.9375 , -43.125
243902  , -0.25 , -0.57361114 , 0.9847223    , 0.0 , 0.0 , -1.0    ,9.75 , -17.1875 , -42.4375
40274390  , -0.22222224 , -0.5902778 , 0.9027778    , 0.0 , 0.0 , -1.0    ,9.75 , -17.1875 , -42.4375
182927  , -0.22222224 , -0.5902778 , 0.9027778    , 0.0 , 0.0 , -1.0    ,9.75 , -19.375 , -41.4375
38597561  , -0.21111113 , -0.59444445 , 0.8791667    , 0.0 , 0.0 , -1.0    ,9.75 , -19.375 , -41.4375
274391  , -0.21111113 , -0.59444445 , 0.8791667    , 0.0 , 0.0 , -1.0    ,10.5625 , -20.875 , -40.9375
39908537  , -0.19583334 , -0.62083334 , 0.97222227    , 0.0 , 0.0 , -1.0    ,10.5625 , -20.875 , -40.9375
335366  , -0.19583334 , -0.62083334 , 0.97222227    , 0.0 , 0.0 , -1.0    ,11.5625 , -21.375 , -40.4375
39573171  , -0.18333334 , -0.59444445 , 0.9097222    , 0.0 , 0.0 , -1.0    ,11.5625 , -21.375 , -40.4375
426829  , -0.18333334 , -0.59444445 , 0.9097222    , 0.0 , 0.0 , -1.0    ,11.8125 , -22.375 , -40.0
39115854  , -0.16805556 , -0.53194445 , 0.90694445    , 0.0 , 0.0 , -1.0    ,11.8125 , -22.375 , -40.0
426829  , -0.16805556 , -0.53194445 , 0.90694445    , 0.0 , 0.0 , -1.0    ,12.3125 , -22.125 , -39.75
39176829  , -0.15694445 , -0.4763889 , 0.8597222    , 0.0 , 0.0 , -1.0    ,12.3125 , -22.125 , -39.75
396342  , -0.15694445 , -0.4763889 , 0.8597222    , 0.0 , 0.0 , -1.0    ,12.5625 , -22.375 , -39.0
39298781  , -0.08194444 , -0.49583334 , 0.7388889    , 0.0 , 0.0 , -1.0    ,12.5625 , -22.375 , -39.0
426829  , -0.08194444 , -0.49583334 , 0.7388889    , 0.0 , 0.0 , -1.0    ,12.8125 , -22.125 , -38.75
38902439  , -0.08611111 , -0.5083333 , 0.82361114    , 0.0 , 0.0 , -1.0    ,12.8125 , -22.125 , -38.75
426830  , -0.08611111 , -0.5083333 , 0.82361114    , 0.0 , 0.0 , -1.0    ,13.8125 , -21.375 , -39.0
39329268  , -0.023611112 , -0.51111114 , 0.84722227    , 0.0 , 0.0 , -1.0    ,13.8125 , -21.375 , -39.0
426829  , -0.023611112 , -0.51111114 , 0.84722227    , 0.0 , 0.0 , -1.0    ,14.3125 , -19.875 , -39.25
38750000  , 0.011111111 , -0.4763889 , 0.7263889    , 0.0 , 0.0 , -1.0    ,14.3125 , -19.875 , -39.25
426829  , 0.011111111 , -0.4763889 , 0.7263889    , 0.0 , 0.0 , -1.0    ,14.875 , -17.875 , -40.25
39115854  , 0.054166667 , -0.5083333 , 0.72222227    , 0.0 , 0.0 , -1.0    ,14.875 , -17.875 , -40.25
426829  , 0.054166667 , -0.5083333 , 0.72222227    , 0.0 , 0.0 , -1.0    ,15.125 , -15.9375 , -41.1875
39115854  , 0.030555557 , -0.35972223 , 0.78888893    , 0.0 , 0.0 , -1.0    ,15.125 , -15.9375 , -41.1875
426829  , 0.030555557 , -0.35972223 , 0.78888893    , 0.0 , 0.0 , -1.0    ,14.5625 , -13.6875 , -41.6875
39085366  , -0.019444445 , -0.17916667 , 0.82361114    , 0.0 , 0.0 , -1.0    ,14.5625 , -13.6875 , -41.6875
426829  , -0.019444445 , -0.17916667 , 0.82361114    , 0.0 , 0.0 , -1.0    ,15.375 , -11.9375 , -42.4375
39085366  , -0.015277779 , -0.13333334 , 0.71944445    , 0.0 , 0.0 , -1.0    ,15.375 , -11.9375 , -42.4375
426829  , -0.015277779 , -0.13333334 , 0.71944445    , 0.0 , 0.0 , -1.0    ,15.375 , -9.75 , -42.6875
39176829  , 0.07777778 , -0.125 , 0.78194445    , 0.0 , 0.0 , -1.0    ,15.375 , -9.75 , -42.6875
426829  , 0.07777778 , -0.125 , 0.78194445    , 0.0 , 0.0 , -1.0    ,16.375 , -7.75 , -42.9375
39115854  , 0.105555564 , -0.09027778 , 0.7583333    , 0.0 , 0.0 , -1.0    ,16.375 , -7.75 , -42.9375
426829  , 0.105555564 , -0.09027778 , 0.7583333    , 0.0 , 0.0 , -1.0    ,17.875 , -5.75 , -43.125
39390244  , 0.13333334 , -0.047222223 , 0.78472227    , 0.0 , 0.0 , -1.0    ,17.875 , -5.75 , -43.125
426829  , 0.13333334 , -0.047222223 , 0.78472227    , 0.0 , 0.0 , -1.0    ,18.375 , -3.75 , -42.6875
38750000  , 0.125 , -0.034722224 , 0.70694447    , 0.0 , 0.0 , -1.0    ,18.375 , -3.75 , -42.6875
426829  , 0.125 , -0.034722224 , 0.70694447    , 0.0 , 0.0 , -1.0    ,19.6875 , -2.3125 , -42.4375
39329268  , 0.12083334 , -0.011111111 , 0.69166666    , 0.0 , 0.0 , -1.0    ,19.6875 , -2.3125 , -42.4375
426830  , 0.12083334 , -0.011111111 , 0.69166666    , 0.0 , 0.0 , -1.0    ,20.6875 , -0.3125 , -41.6875
39176829  , 0.09305556 , 0.08194444 , 0.7777778    , 0.0 , 0.0 , -1.0    ,20.6875 , -0.3125 , -41.6875
426829  , 0.09305556 , 0.08194444 , 0.7777778    , 0.0 , 0.0 , -1.0    ,20.9375 , 1.4375 , -40.9375
39176830  , 0.08194444 , 0.14027779 , 0.83194447    , 0.0 , 0.0 , -1.0    ,20.9375 , 1.4375 , -40.9375
426829  , 0.08194444 , 0.14027779 , 0.83194447    , 0.0 , 0.0 , -1.0    ,21.6875 , 3.1875 , -40.4375
38689024  , 0.03888889 , 0.25833333 , 0.87083334    , 0.0 , 0.0 , -1.0    ,21.6875 , 3.1875 , -40.4375
426829  , 0.03888889 , 0.25833333 , 0.87083334    , 0.0 , 0.0 , -1.0    ,21.9375 , 4.875 , -39.75
38323171  , 0.05138889 , 0.25833333 , 0.9652778    , 0.0 , 0.0 , -1.0    ,21.9375 , 4.875 , -39.75
213415  , 0.05138889 , 0.25833333 , 0.9652778    , 0.0 , 0.0 , -1.0    ,21.6875 , 6.375 , -39.75
29969511  , 0.058333337 , 0.2777778 , 1.0041667    , 0.0 , 0.0 , -1.0    ,21.6875 , 6.375 , -39.75
243903  , 0.058333337 , 0.2777778 , 1.0041667    , 0.0 , 0.0 , -1.0    ,21.4375 , 8.375 , -39.5
39146341  , 0.015277779 , 0.28055558 , 1.0083333    , 0.0 , 0.0 , -1.0    ,21.4375 , 8.375 , -39.5
213415  , 0.015277779 , 0.28055558 , 1.0083333    , 0.0 , 0.0 , -1.0    ,20.9375 , 9.875 , -39.25
40731707  , -0.004166667 , 0.3402778 , 0.92222226    , 0.0 , 0.0 , -1.0    ,20.9375 , 9.875 , -39.25
457317  , -0.004166667 , 0.3402778 , 0.92222226    , 0.0 , 0.0 , -1.0    ,20.4375 , 11.3125 , -39.5
38719512  , -0.015277779 , 0.3402778 , 0.90694445    , 0.0 , 0.0 , -1.0    ,20.4375 , 11.3125 , -39.5
426830  , -0.015277779 , 0.3402778 , 0.90694445    , 0.0 , 0.0 , -1.0    ,19.9375 , 12.0625 , -39.5
38932927  , -0.011111111 , 0.26527777 , 0.8791667    , 0.0 , 0.0 , -1.0    ,19.9375 , 12.0625 , -39.5
426829  , -0.011111111 , 0.26527777 , 0.8791667    , 0.0 , 0.0 , -1.0    ,19.4375 , 12.3125 , -40.0
39115854  , -0.15694445 , 0.21111113 , 0.9652778    , 0.0 , 0.0 , -1.0    ,19.4375 , 12.3125 , -40.0
396342  , -0.15694445 , 0.21111113 , 0.9652778    , 0.0 , 0.0 , -1.0    ,18.125 , 11.3125 , -41.4375
39207317  , -0.12916666 , 0.08611111 , 1.1791667    , 0.0 , 0.0 , -1.0    ,18.125 , 11.3125 , -41.4375
426829  , -0.12916666 , 0.08611111 , 1.1791667    , 0.0 , 0.0 , -1.0    ,17.125 , 9.375 , -42.4375
38993903  , -0.101388894 , -0.004166667 , 1.1597223    , 0.0 , 0.0 , -1.0    ,17.125 , 9.375 , -42.4375
426829  , -0.101388894 , -0.004166667 , 1.1597223    , 0.0 , 0.0 , -1.0    ,15.875 , 6.625 , -43.375
38993902  , -0.19583334 , -0.054166667 , 1.2611111    , 0.0 , 0.0 , -1.0    ,15.875 , 6.625 , -43.375
426829  , -0.19583334 , -0.054166667 , 1.2611111    , 0.0 , 0.0 , -1.0    ,14.5625 , 3.625 , -44.125
39024390  , -0.14444445 , -0.13611111 , 1.1638889    , 0.0 , 0.0 , -1.0    ,14.5625 , 3.625 , -44.125
426829  , -0.14444445 , -0.13611111 , 1.1638889    , 0.0 , 0.0 , -1.0    ,13.3125 , 0.6875 , -44.375
39176829  , -0.16805556 , -0.17222223 , 1.1680557    , 0.0 , 0.0 , -1.0    ,13.3125 , 0.6875 , -44.375
426829  , -0.16805556 , -0.17222223 , 1.1680557    , 0.0 , 0.0 , -1.0    ,12.3125 , -2.5625 , -44.625
38932927  , -0.19583334 , -0.3013889 , 1.1361111    , 0.0 , 0.0 , -1.0    ,12.3125 , -2.5625 , -44.625
426829  , -0.19583334 , -0.3013889 , 1.1361111    , 0.0 , 0.0 , -1.0    ,11.3125 , -5.75 , -44.625
39207318  , -0.22222224 , -0.4722222 , 1.2736111    , 0.0 , 0.0 , -1.0    ,11.3125 , -5.75 , -44.625
426829  , -0.22222224 , -0.4722222 , 1.2736111    , 0.0 , 0.0 , -1.0    ,10.25 , -9.5 , -44.125
38993903  , -0.22638889 , -0.5625 , 1.3125    , 0.0 , 0.0 , -1.0    ,10.25 , -9.5 , -44.125
426829  , -0.22638889 , -0.5625 , 1.3125    , 0.0 , 0.0 , -1.0    ,9.75 , -12.9375 , -43.125
39085366  , -0.30833334 , -0.5625 , 1.3666667    , 0.0 , 0.0 , -1.0    ,9.75 , -12.9375 , -43.125
426829  , -0.30833334 , -0.5625 , 1.3666667    , 0.0 , 0.0 , -1.0    ,9.25 , -15.6875 , -42.4375
39359756  , -0.29305556 , -0.6055556 , 1.2222222    , 0.0 , 0.0 , -1.0    ,9.25 , -15.6875 , -42.4375
426829  , -0.29305556 , -0.6055556 , 1.2222222    , 0.0 , 0.0 , -1.0    ,9.25 , -17.875 , -41.4375
39207317  , -0.22638889 , -0.6527778 , 1.1444445    , 0.0 , 0.0 , -1.0    ,9.25 , -17.875 , -41.4375
426829  , -0.22638889 , -0.6527778 , 1.1444445    , 0.0 , 0.0 , -1.0    ,9.75 , -19.625 , -40.4375
39024390  , -0.19861111 , -0.64444447 , 1.0388889    , 0.0 , 0.0 , -1.0    ,9.75 , -19.625 , -40.4375
396342  , -0.19861111 , -0.64444447 , 1.0388889    , 0.0 , 0.0 , -1.0    ,10.5625 , -21.625 , -39.75
38902439  , -0.23472224 , -0.6166667 , 1.0194445    , 0.0 , 0.0 , -1.0    ,10.5625 , -21.625 , -39.75
396342  , -0.23472224 , -0.6166667 , 1.0194445    , 0.0 , 0.0 , -1.0    ,11.5625 , -24.125 , -38.0
39085366  , -0.22638889 , -0.6597222 , 0.9916667    , 0.0 , 0.0 , -1.0    ,11.5625 , -24.125 , -38.0
426830  , -0.22638889 , -0.6597222 , 0.9916667    , 0.0 , 0.0 , -1.0    ,12.0625 , -26.3125 , -36.3125
39390244  , -0.22222224 , -0.76111114 , 1.0083333    , 0.0 , 0.0 , -1.0    ,12.0625 , -26.3125 , -36.3125
426829  , -0.22222224 , -0.76111114 , 1.0083333    , 0.0 , 0.0 , -1.0    ,12.3125 , -28.3125 , -35.0625
38689024  , -0.20694445 , -0.7972222 , 0.98888886    , 0.0 , 0.0 , -1.0    ,12.3125 , -28.3125 , -35.0625
182927  , -0.20694445 , -0.7972222 , 0.98888886    , 0.0 , 0.0 , -1.0    ,12.8125 , -29.3125 , -33.375
46676830  , -0.20694445 , -0.7388889 , 0.9180556    , 0.0 , 0.0 , -1.0    ,12.8125 , -29.3125 , -33.375
182927  , -0.20694445 , -0.7388889 , 0.9180556    , 0.0 , 0.0 , -1.0    ,12.8125 , -30.0625 , -32.375
22347561  , -0.22222224 , -0.6527778 , 0.7736111    , 0.0 , 0.0 , -1.0    ,12.8125 , -30.0625 , -32.375
213415  , -0.22222224 , -0.6527778 , 0.7736111    , 0.0 , 0.0 , -1.0    ,13.3125 , -30.3125 , -32.125
39298781  , -0.19583334 , -0.62083334 , 0.72222227    , 0.0 , 0.0 , -1.0    ,13.3125 , -30.3125 , -32.125
213414  , -0.19583334 , -0.62083334 , 0.72222227    , 0.0 , 0.0 , -1.0    ,13.8125 , -31.0625 , -31.1875
39786585  , -0.17222223 , -0.6291667 , 0.87083334    , 0.0 , 0.0 , -1.0    ,13.8125 , -31.0625 , -31.1875
335366  , -0.17222223 , -0.6291667 , 0.87083334    , 0.0 , 0.0 , -1.0    ,13.5625 , -32.0625 , -30.6875
39786586  , -0.14861111 , -0.6527778 , 0.9263889    , 0.0 , 0.0 , -1.0    ,13.5625 , -32.0625 , -30.6875
396341  , -0.14861111 , -0.6527778 , 0.9263889    , 0.0 , 0.0 , -1.0    ,13.0625 , -32.75 , -30.6875
38841463  , -0.125 , -0.62083334 , 0.85555553    , 0.0 , 0.0 , -1.0    ,13.0625 , -32.75 , -30.6875
396341  , -0.125 , -0.62083334 , 0.85555553    , 0.0 , 0.0 , -1.0    ,12.5625 , -33.25 , -30.1875
39054879  , -0.101388894 , -0.5236111 , 0.72222227    , 0.0 , 0.0 , -1.0    ,12.5625 , -33.25 , -30.1875
396341  , -0.101388894 , -0.5236111 , 0.72222227    , 0.0 , 0.0 , -1.0    ,12.8125 , -32.5 , -30.9375
39146341  , -0.03888889 , -0.53472227 , 0.6875    , 0.0 , 0.0 , -1.0    ,12.8125 , -32.5 , -30.9375
426829  , -0.03888889 , -0.53472227 , 0.6875    , 0.0 , 0.0 , -1.0    ,13.5625 , -31.0625 , -32.125
39024391  , -0.004166667 , -0.5152778 , 0.6875    , 0.0 , 0.0 , -1.0    ,13.5625 , -31.0625 , -32.125
426829  , -0.004166667 , -0.5152778 , 0.6875    , 0.0 , 0.0 , -1.0    ,14.3125 , -29.0625 , -32.875
39420732  , -0.02777778 , -0.4652778 , 0.8013889    , 0.0 , 0.0 , -1.0    ,14.3125 , -29.0625 , -32.875
426829  , -0.02777778 , -0.4652778 , 0.8013889    , 0.0 , 0.0 , -1.0    ,15.375 , -27.5625 , -33.875
38750000  , -0.058333337 , -0.45694444 , 0.8208333    , 0.0 , 0.0 , -1.0    ,15.375 , -27.5625 , -33.875
426829  , -0.058333337 , -0.45694444 , 0.8208333    , 0.0 , 0.0 , -1.0    ,15.625 , -26.5625 , -34.8125
39115854  , -0.09027778 , -0.4722222 , 0.67222226    , 0.0 , 0.0 , -1.0    ,15.625 , -26.5625 , -34.8125
426829  , -0.09027778 , -0.4722222 , 0.67222226    , 0.0 , 0.0 , -1.0    ,15.625 , -25.5625 , -35.3125
39451220  , -0.06666667 , -0.49583334 , 0.7416667    , 0.0 , 0.0 , -1.0    ,15.625 , -25.5625 , -35.3125
426829  , -0.06666667 , -0.49583334 , 0.7416667    , 0.0 , 0.0 , -1.0    ,15.625 , -24.625 , -36.5625
38658537  , 0.0 , -0.4263889 , 0.8791667    , 0.0 , 0.0 , -1.0    ,15.625 , -24.625 , -36.5625
426829  , 0.0 , -0.4263889 , 0.8791667    , 0.0 , 0.0 , -1.0    ,15.375 , -23.125 , -37.75
39268292  , -0.06666667 , -0.2888889 , 0.8013889    , 0.0 , 0.0 , -1.0    ,15.375 , -23.125 , -37.75
426829  , -0.06666667 , -0.2888889 , 0.8013889    , 0.0 , 0.0 , -1.0    ,15.875 , -20.875 , -38.5
39359757  , -0.019444445 , -0.24166667 , 0.6055556    , 0.0 , 0.0 , -1.0    ,15.875 , -20.875 , -38.5
396341  , -0.019444445 , -0.24166667 , 0.6055556    , 0.0 , 0.0 , -1.0    ,16.875 , -18.875 , -40.0
39115853  , 0.07083333 , -0.21944445 , 0.5902778    , 0.0 , 0.0 , -1.0    ,16.875 , -18.875 , -40.0
426829  , 0.07083333 , -0.21944445 , 0.5902778    , 0.0 , 0.0 , -1.0    ,18.125 , -16.1875 , -40.25
39146341  , 0.019444445 , -0.16388889 , 0.63611114    , 0.0 , 0.0 , -1.0    ,18.125 , -16.1875 , -40.25
426830  , 0.019444445 , -0.16388889 , 0.63611114    , 0.0 , 0.0 , -1.0    ,19.1875 , -13.9375 , -40.0
38871952  , 0.019444445 , -0.19166668 , 0.7652778    , 0.0 , 0.0 , -1.0    ,19.1875 , -13.9375 , -40.0
426829  , 0.019444445 , -0.19166668 , 0.7652778    , 0.0 , 0.0 , -1.0    ,19.6875 , -12.1875 , -40.25
38932927  , 0.05138889 , -0.13611111 , 0.84027785    , 0.0 , 0.0 , -1.0    ,19.6875 , -12.1875 , -40.25
396341  , 0.05138889 , -0.13611111 , 0.84027785    , 0.0 , 0.0 , -1.0    ,20.6875 , -10.5 , -39.0
42835365  , 0.08194444 , -0.054166667 , 0.78888893    , 0.0 , 0.0 , -1.0    ,20.6875 , -10.5 , -39.0
426829  , 0.08194444 , -0.054166667 , 0.78888893    , 0.0 , 0.0 , -1.0    ,20.9375 , -10.0 , -39.0
35701219  , 0.08611111 , -0.004166667 , 0.7777778    , 0.0 , 0.0 , -1.0    ,20.9375 , -10.0 , -39.0
426829  , 0.08611111 , -0.004166667 , 0.7777778    , 0.0 , 0.0 , -1.0    ,21.6875 , -9.0 , -38.5
37926829  , 0.07777778 , -0.034722224 , 0.78472227    , 0.0 , 0.0 , -1.0    ,21.6875 , -9.0 , -38.5
182927  , 0.07777778 , -0.034722224 , 0.78472227    , 0.0 , 0.0 , -1.0    ,22.4375 , -8.25 , -38.25
29573171  , 0.105555564 , -0.11388889 , 0.75416666    , 0.0 , 0.0 , -1.0    ,22.4375 , -8.25 , -38.25
213414  , 0.105555564 , -0.11388889 , 0.75416666    , 0.0 , 0.0 , -1.0    ,22.1875 , -8.0 , -39.0
29786585  , 0.13333334 , -0.10972223 , 0.89027786    , 0.0 , 0.0 , -1.0    ,22.1875 , -8.0 , -39.0
213415  , 0.13333334 , -0.10972223 , 0.89027786    , 0.0 , 0.0 , -1.0    ,22.6875 , -6.75 , -39.0
40335366  , 0.0 , 0.015277779 , 0.9611111    , 0.0 , 0.0 , -1.0    ,22.6875 , -6.75 , -39.0
457317  , 0.0 , 0.015277779 , 0.9611111    , 0.0 , 0.0 , -1.0    ,22.4375 , -6.0 , -40.0
38689024  , -0.011111111 , 0.07777778 , 0.97222227    , 0.0 , 0.0 , -1.0    ,22.4375 , -6.0 , -40.0
426830  , -0.011111111 , 0.07777778 , 0.97222227    , 0.0 , 0.0 , -1.0    ,21.6875 , -6.0 , -40.6875
39115854  , 0.023611112 , 0.07083333 , 1.113889    , 0.0 , 0.0 , -1.0    ,21.6875 , -6.0 , -40.6875
457317  , 0.023611112 , 0.07083333 , 1.113889    , 0.0 , 0.0 , -1.0    ,20.9375 , -5.0 , -41.4375
39176829  , -0.047222223 , 0.12083334 , 1.0277778    , 0.0 , 0.0 , -1.0    ,20.9375 , -5.0 , -41.4375
426829  , -0.047222223 , 0.12083334 , 1.0277778    , 0.0 , 0.0 , -1.0    ,19.9375 , -5.5 , -41.9375
38993903  , -0.11388889 , 0.05138889 , 0.9097222    , 0.0 , 0.0 , -1.0    ,19.9375 , -5.5 , -41.9375
426829  , -0.11388889 , 0.05138889 , 0.9097222    , 0.0 , 0.0 , -1.0    ,19.1875 , -5.75 , -42.1875
39146342  , -0.05138889 , -0.058333337 , 1.1361111    , 0.0 , 0.0 , -1.0    ,19.1875 , -5.75 , -42.1875
426829  , -0.05138889 , -0.058333337 , 1.1361111    , 0.0 , 0.0 , -1.0    ,18.375 , -6.0 , -41.4375
39207317  , -0.08194444 , -0.054166667 , 1.0819445    , 0.0 , 0.0 , -1.0    ,18.375 , -6.0 , -41.4375
426830  , -0.08194444 , -0.054166667 , 1.0819445    , 0.0 , 0.0 , -1.0    ,17.875 , -6.75 , -40.9375
39024390  , -0.116666675 , -0.019444445 , 1.125    , 0.0 , 0.0 , -1.0    ,17.875 , -6.75 , -40.9375
426829  , -0.116666675 , -0.019444445 , 1.125    , 0.0 , 0.0 , -1.0    ,17.375 , -7.0 , -40.9375
39024391  , -0.09027778 , -0.058333337 , 1.0902778    , 0.0 , 0.0 , -1.0    ,17.375 , -7.0 , -40.9375
426829  , -0.09027778 , -0.058333337 , 1.0902778    , 0.0 , 0.0 , -1.0    ,16.875 , -7.25 , -40.9375
39176829  , -0.07777778 , -0.105555564 , 1.0625    , 0.0 , 0.0 , -1.0    ,16.875 , -7.25 , -40.9375
426830  , -0.07777778 , -0.105555564 , 1.0625    , 0.0 , 0.0 , -1.0    ,16.875 , -7.25 , -41.6875
39207317  , -0.07083333 , -0.13333334 , 1.0541667    , 0.0 , 0.0 , -1.0    ,16.875 , -7.25 , -41.6875
426829  , -0.07083333 , -0.13333334 , 1.0541667    , 0.0 , 0.0 , -1.0    ,16.375 , -8.25 , -41.4375
39573170  , -0.094444446 , -0.23472224 , 1.2611111    , 0.0 , 0.0 , -1.0    ,16.375 , -8.25 , -41.4375
426829  , -0.094444446 , -0.23472224 , 1.2611111    , 0.0 , 0.0 , -1.0    ,16.375 , -9.0 , -41.6875
38323171  , -0.043055557 , -0.28194445 , 1.0277778    , 0.0 , 0.0 , -1.0    ,16.375 , -9.0 , -41.6875
426829  , -0.043055557 , -0.28194445 , 1.0277778    , 0.0 , 0.0 , -1.0    ,16.375 , -10.0 , -41.6875
39207317  , -0.07777778 , -0.13611111 , 1.0972222    , 0.0 , 0.0 , -1.0    ,16.375 , -10.0 , -41.6875
396342  , -0.07777778 , -0.13611111 , 1.0972222    , 0.0 , 0.0 , -1.0    ,16.125 , -10.6875 , -41.1875
39115854  , -0.125 , -0.08611111 , 1.0194445    , 0.0 , 0.0 , -1.0    ,16.125 , -10.6875 , -41.1875
426829  , -0.125 , -0.08611111 , 1.0194445    , 0.0 , 0.0 , -1.0    ,15.875 , -10.6875 , -41.4375
39115853  , -0.07083333 , -0.16805556 , 1.0277778    , 0.0 , 0.0 , -1.0    ,15.875 , -10.6875 , -41.4375
426829  , -0.07083333 , -0.16805556 , 1.0277778    , 0.0 , 0.0 , -1.0    ,15.375 , -11.1875 , -41.4375
39085366  , -0.097222224 , -0.3402778 , 1.0861111    , 0.0 , 0.0 , -1.0    ,15.375 , -11.1875 , -41.4375
426829  , -0.097222224 , -0.3402778 , 1.0861111    , 0.0 , 0.0 , -1.0    ,14.0625 , -12.1875 , -41.6875
38993902  , -0.17222223 , -0.35972223 , 1.1958333    , 0.0 , 0.0 , -1.0    ,14.0625 , -12.1875 , -41.6875
426829  , -0.17222223 , -0.35972223 , 1.1958333    , 0.0 , 0.0 , -1.0    ,13.5625 , -13.6875 , -41.6875
39298781  , -0.17222223 , -0.30833334 , 1.2194444    , 0.0 , 0.0 , -1.0    ,13.5625 , -13.6875 , -41.6875
426830  , -0.17222223 , -0.30833334 , 1.2194444    , 0.0 , 0.0 , -1.0    ,13.0625 , -14.6875 , -41.9375
38841464  , -0.15694445 , -0.2611111 , 1.113889    , 0.0 , 0.0 , -1.0    ,13.0625 , -14.6875 , -41.9375
213414  , -0.15694445 , -0.2611111 , 1.113889    , 0.0 , 0.0 , -1.0    ,12.8125 , -14.9375 , -41.6875
44207317  , -0.14444445 , -0.23472224 , 1.0861111    , 0.0 , 0.0 , -1.0    ,12.8125 , -14.9375 , -41.6875
213415  , -0.14444445 , -0.23472224 , 1.0861111    , 0.0 , 0.0 , -1.0    ,12.3125 , -14.6875 , -41.6875
24603659  , -0.116666675 , -0.22222224 , 1.0972222    , 0.0 , 0.0 , -1.0    ,12.3125 , -14.6875 , -41.6875
243902  , -0.116666675 , -0.22222224 , 1.0972222    , 0.0 , 0.0 , -1.0    ,11.8125 , -14.1875 , -42.1875
39542683  , -0.15277778 , -0.19861111 , 0.99583334    , 0.0 , 0.0 , -1.0    ,11.8125 , -14.1875 , -42.1875
243902  , -0.15277778 , -0.19861111 , 0.99583334    , 0.0 , 0.0 , -1.0    ,11.5625 , -14.1875 , -42.6875
39939024  , -0.16388889 , -0.15694445 , 1.0430555    , 0.0 , 0.0 , -1.0    ,11.5625 , -14.1875 , -42.6875
640243  , -0.16388889 , -0.15694445 , 1.0430555    , 0.0 , 0.0 , -1.0    ,10.8125 , -14.4375 , -42.9375
39695122  , -0.15694445 , -0.17222223 , 1.0625    , 0.0 , 0.0 , -1.0    ,10.8125 , -14.4375 , -42.9375
457317  , -0.15694445 , -0.17222223 , 1.0625    , 0.0 , 0.0 , -1.0    ,11.0625 , -14.9375 , -42.4375
37804879  , -0.15694445 , -0.14027779 , 1.0861111    , 0.0 , 0.0 , -1.0    ,11.0625 , -14.9375 , -42.4375
731707  , -0.15694445 , -0.14027779 , 1.0861111    , 0.0 , 0.0 , -1.0    ,10.25 , -14.9375 , -42.4375
38475610  , -0.14444445 , -0.13333334 , 1.0513889    , 0.0 , 0.0 , -1.0    ,10.25 , -14.9375 , -42.4375
426829  , -0.14444445 , -0.13333334 , 1.0513889    , 0.0 , 0.0 , -1.0    ,9.75 , -15.4375 , -41.9375
39085366  , -0.13333334 , -0.13333334 , 1.0583334    , 0.0 , 0.0 , -1.0    ,9.75 , -15.4375 , -41.9375
426829  , -0.13333334 , -0.13333334 , 1.0583334    , 0.0 , 0.0 , -1.0    ,9.75 , -15.4375 , -41.4375
38445122  , -0.14444445 , -0.12916666 , 1.0236112    , 0.0 , 0.0 , -1.0    ,9.75 , -15.4375 , -41.4375
243902  , -0.14444445 , -0.12916666 , 1.0236112    , 0.0 , 0.0 , -1.0    ,9.75 , -14.9375 , -41.6875
40243902  , -0.12916666 , -0.12083334 , 1.0388889    , 0.0 , 0.0 , -1.0    ,9.75 , -14.9375 , -41.6875
274390  , -0.12916666 , -0.12083334 , 1.0388889    , 0.0 , 0.0 , -1.0    ,10.25 , -15.4375 , -41.1875
40121951  , -0.12083334 , -0.116666675 , 1.0430555    , 0.0 , 0.0 , -1.0    ,10.25 , -15.4375 , -41.1875
365854  , -0.12083334 , -0.116666675 , 1.0430555    , 0.0 , 0.0 , -1.0    ,10.5625 , -15.1875 , -40.4375
38689025  , -0.097222224 , -0.125 , 1.0708334    , 0.0 , 0.0 , -1.0    ,10.5625 , -15.1875 , -40.4375
487805  , -0.097222224 , -0.125 , 1.0708334    , 0.0 , 0.0 , -1.0    ,10.25 , -15.6875 , -40.6875
38719512  , -0.09027778 , -0.14444445 , 1.0666667    , 0.0 , 0.0 , -1.0    ,10.25 , -15.6875 , -40.6875
335366  , -0.09027778 , -0.14444445 , 1.0666667    , 0.0 , 0.0 , -1.0    ,10.0 , -16.4375 , -40.6875
39268293  , -0.07361111 , -0.116666675 , 1.0388889    , 0.0 , 0.0 , -1.0    ,10.0 , -16.4375 , -40.6875
548781  , -0.07361111 , -0.116666675 , 1.0388889    , 0.0 , 0.0 , -1.0    ,10.25 , -15.9375 , -40.6875
38414635  , -0.0625 , -0.13611111 , 1.0430555    , 0.0 , 0.0 , -1.0    ,10.25 , -15.9375 , -40.6875
2530488  , -0.0625 , -0.13611111 , 1.0430555    , 0.0 , 0.0 , -1.0    ,11.0625 , -16.1875 , -41.1875
38079268  , -0.03888889 , -0.15972222 , 1.0277778    , 0.0 , 0.0 , -1.0    ,11.0625 , -16.1875 , -41.1875
365854  , -0.03888889 , -0.15972222 , 1.0277778    , 0.0 , 0.0 , -1.0    ,12.3125 , -15.9375 , -40.9375
38445122  , -0.02777778 , -0.15972222 , 1.0472223    , 0.0 , 0.0 , -1.0    ,12.3125 , -15.9375 , -40.9375
365854  , -0.02777778 , -0.15972222 , 1.0472223    , 0.0 , 0.0 , -1.0    ,13.5625 , -15.4375 , -40.6875
