44128417  , -8.962189 , 4.7943625 , 0.8036005    , 0.8790157 , -0.47023332 , -0.07881752    ,33.875 , -29.0625 , 10.0625
26367188  , -8.730643 , 5.597963 , 1.3075534    , 0.8352065 , -0.53552234 , -0.12508553    ,33.875 , -29.0625 , 10.0625
45776367  , -8.730643 , 5.597963 , 1.3075534    , 0.8352063 , -0.5355222 , -0.12508547    ,33.875 , -29.5625 , 9.375
457764  , -8.689782 , 5.7886477 , 1.607201    , 0.8225634 , -0.54794574 , -0.15213555    ,33.875 , -29.5625 , 9.375
24078369  , -8.689782 , 5.7886477 , 1.607201    , 0.82256323 , -0.5479456 , -0.15213549    ,33.625 , -30.3125 , 8.375
5767822  , -8.499097 , 6.238119 , 2.152015    , 0.789871 , -0.57974505 , -0.19999935    ,33.625 , -30.3125 , 8.375
26611328  , -8.499097 , 6.238119 , 2.152015    , 0.7898708 , -0.57974494 , -0.19999935    ,33.625 , -30.8125 , 7.625
244140  , -8.349273 , 6.2108784 , 2.1792557    , 0.7853136 , -0.5841811 , -0.20497583    ,33.625 , -30.8125 , 7.625
29632568  , -8.349273 , 6.2108784 , 2.1792557    , 0.78531367 , -0.58418113 , -0.20497586    ,33.875 , -31.0625 , 7.375
244141  , -8.158588 , 6.3607025 , 2.2609777    , 0.77045643 , -0.600673 , -0.21351545    ,33.875 , -31.0625 , 7.375
43701171  , -8.158588 , 6.3607025 , 2.2609777    , 0.77045643 , -0.6006731 , -0.21351546    ,33.625 , -31.0625 , 7.375
213623  , -8.19945 , 6.3198414 , 2.2609777    , 0.77379674 , -0.59641486 , -0.21337253    ,33.625 , -31.0625 , 7.375
46905518  , -8.19945 , 6.3198414 , 2.2609777    , 0.7737967 , -0.59641474 , -0.21337251    ,33.375 , -31.0625 , 7.625
244141  , -8.240311 , 6.1291566 , 1.56634    , 0.7932082 , -0.58998954 , -0.1507751    ,33.375 , -31.0625 , 7.625
49011233  , -8.240311 , 6.1291566 , 1.56634    , 0.7932082 , -0.58998954 , -0.15077509    ,33.625 , -30.8125 , 7.875
274658  , -8.158588 , 6.4424243 , 2.070293    , 0.7697004 , -0.60779345 , -0.19531628    ,33.625 , -30.8125 , 7.875
31097413  , -8.158588 , 6.4424243 , 2.070293    , 0.7697006 , -0.60779357 , -0.19531633    ,33.625 , -30.5625 , 8.625
244141  , -7.9679036 , 7.3958488 , 3.214402    , 0.7028479 , -0.65238696 , -0.28354204    ,33.625 , -30.5625 , 8.625
29815675  , -7.9679036 , 7.3958488 , 3.214402    , 0.70284796 , -0.65238696 , -0.28354204    ,34.125 , -29.5625 , 9.8125
5889893  , -8.117727 , 7.3958488 , 2.6014864    , 0.7193022 , -0.65533733 , -0.23051465    ,34.125 , -29.5625 , 9.8125
22155762  , -8.117727 , 7.3958488 , 2.6014864    , 0.7193023 , -0.65533745 , -0.23051468    ,34.875 , -28.5625 , 11.5625
244141  , -8.62168 , 6.4424243 , 1.920469    , 0.78860575 , -0.5892741 , -0.175661    ,34.875 , -28.5625 , 11.5625
25787353  , -8.62168 , 6.4424243 , 1.920469    , 0.78860575 , -0.5892741 , -0.17566098    ,35.125 , -27.0625 , 13.75
274658  , -8.689782 , 5.8976107 , 1.4165162    , 0.82000726 , -0.55652535 , -0.1336689    ,35.125 , -27.0625 , 13.75
40130616  , -8.689782 , 5.8976107 , 1.4165162    , 0.8200074 , -0.55652535 , -0.13366891    ,35.9375 , -25.3125 , 16.1875
6469727  , -8.853226 , 5.5571017 , 1.7570249    , 0.835254 , -0.5242825 , -0.16576579    ,35.9375 , -25.3125 , 16.1875
36773682  , -8.853226 , 5.5571017 , 1.7570249    , 0.8352541 , -0.5242825 , -0.1657658    ,35.9375 , -23.125 , 18.125
244141  , -8.962189 , 4.903325 , 2.1792557    , 0.8579791 , -0.46941105 , -0.20862716    ,35.9375 , -23.125 , 18.125
42755127  , -8.962189 , 4.903325 , 2.1792557    , 0.85797906 , -0.46941102 , -0.20862713    ,36.1875 , -19.625 , 20.625
305176  , -9.043911 , 3.8273177 , 2.1792557    , 0.8990582 , -0.38047495 , -0.21664053    ,36.1875 , -19.625 , 20.625
37628173  , -9.043911 , 3.8273177 , 2.1792557    , 0.89905816 , -0.3804749 , -0.21664053    ,36.4375 , -15.9375 , 23.3125
244141  , -9.00305 , 1.920469 , 0.42223078    , 0.9769696 , -0.20840046 , -0.045818537    ,36.4375 , -15.9375 , 23.3125
38665770  , -9.00305 , 1.920469 , 0.42223078    , 0.9769697 , -0.20840052 , -0.045818552    ,35.9375 , -10.6875 , 25.75
10345458  , -8.771504 , -0.10896278 , -0.9125633    , 0.9945559 , 0.012354732 , 0.10347088    ,35.9375 , -10.6875 , 25.75
18798827  , -8.771504 , -0.10896278 , -0.9125633    , 0.9945558 , 0.01235473 , 0.103470854    ,35.6875 , -5.5 , 28.4375
244141  , -9.043911 , -0.9942854 , -1.7570249    , 0.97597885 , 0.1072989 , 0.18961036    ,35.6875 , -5.5 , 28.4375
45440672  , -9.043911 , -0.9942854 , -1.7570249    , 0.97597885 , 0.10729888 , 0.18961035    ,34.625 , -0.0625 , 29.375
244141  , -9.466142 , -1.4982382 , -1.920469    , 0.9684532 , 0.15328036 , 0.19647755    ,34.625 , -0.0625 , 29.375
21942138  , -9.466142 , -1.4982382 , -1.920469    , 0.9684532 , 0.15328033 , 0.19647756    ,32.875 , 5.875 , 30.625
1800537  , -9.615966 , -2.4108016 , -2.6832085    , 0.9362918 , 0.23473608 , 0.26125988    ,32.875 , 5.875 , 30.625
44708253  , -9.615966 , -2.4108016 , -2.6832085    , 0.93629175 , 0.23473604 , 0.26125985    ,31.625 , 10.8125 , 31.125
213623  , -9.384419 , -3.636633 , -3.759216    , 0.8734924 , 0.33849418 , 0.34990415    ,31.625 , 10.8125 , 31.125
81848148  , -9.384419 , -3.636633 , -3.759216    , 0.8734924 , 0.33849418 , 0.3499041    ,29.5625 , 15.0625 , 31.125
274659  , -7.4639506 , -3.8273177 , -4.2495484    , 0.7937786 , 0.40702885 , 0.45193237    ,29.5625 , 15.0625 , 31.125
22277832  , -7.4639506 , -3.8273177 , -4.2495484    , 0.7937788 , 0.40702897 , 0.45193246    ,27.8125 , 19.5 , 31.125
274658  , -5.8158884 , -4.2495484 , -3.405087    , 0.72997 , 0.53337383 , 0.42738295    ,27.8125 , 19.5 , 31.125
244141  , -5.8158884 , -4.2495484 , -3.405087    , 0.72997004 , 0.53337383 , 0.42738292    ,26.5 , 23.0 , 29.375
244141  , -4.372132 , -5.325556 , -3.1054392    , 0.57849 , 0.70464045 , 0.4108901    ,26.5 , 23.0 , 29.375
43151856  , -4.372132 , -5.325556 , -3.1054392    , 0.57849014 , 0.70464057 , 0.41089016    ,26.0 , 26.4375 , 27.4375
244141  , -3.445948 , -6.782933 , -3.214402    , 0.41722316 , 0.8212536 , 0.3891884    ,26.0 , 26.4375 , 27.4375
40740967  , -3.445948 , -6.782933 , -3.214402    , 0.41722316 , 0.82125354 , 0.3891884    ,26.0 , 30.1875 , 24.5
274659  , -3.7864566 , -9.343558 , -3.173541    , 0.35824952 , 0.8840258 , 0.3002595    ,26.0 , 30.1875 , 24.5
28503418  , -3.7864566 , -9.343558 , -3.173541    , 0.3582495 , 0.8840257 , 0.3002595    ,26.0 , 32.625 , 21.0625
3051759  , -3.5276701 , -11.727119 , -2.9147544    , 0.28023377 , 0.93158793 , 0.23154452    ,26.0 , 32.625 , 21.0625
35339355  , -3.5276701 , -11.727119 , -2.9147544    , 0.28023377 , 0.93158793 , 0.2315445    ,26.5 , 35.125 , 17.4375
244140  , -5.012288 , -11.645397 , -0.3405087    , 0.39520252 , 0.91820157 , 0.026848003    ,26.5 , 35.125 , 17.4375
24963378  , -5.012288 , -11.645397 , -0.3405087    , 0.39520246 , 0.91820145 , 0.026847973    ,26.25 , 36.625 , 14.25
244140  , -6.469665 , -9.343558 , 2.7240696    , 0.55359155 , 0.79950285 , -0.23309122    ,26.25 , 36.625 , 14.25
23193358  , -6.469665 , -9.343558 , 2.7240696    , 0.55359167 , 0.7995029 , -0.2330912    ,26.0 , 37.375 , 11.3125
244140  , -7.7363577 , -8.049625 , 4.7126403    , 0.6383952 , 0.6642456 , -0.38888156    ,26.0 , 37.375 , 11.3125
36315917  , -7.7363577 , -8.049625 , 4.7126403    , 0.63839525 , 0.6642457 , -0.3888816    ,26.0 , 38.125 , 8.875
366211  , -7.8180795 , -9.084772 , 5.6660647    , 0.5897126 , 0.6852583 , -0.42738754    ,26.0 , 38.125 , 8.875
39947509  , -7.8180795 , -9.084772 , 5.6660647    , 0.5897126 , 0.6852584 , -0.4273875    ,26.0 , 38.375 , 7.375
518799  , -6.2789803 , -13.484144 , 6.701211    , 0.38487762 , 0.8265267 , -0.41075873    ,26.0 , 38.375 , 7.375
38726806  , -6.2789803 , -13.484144 , 6.701211    , 0.38487762 , 0.82652676 , -0.41075873    ,26.5 , 38.875 , 6.4375
518799  , -3.0237172 , -18.428331 , 8.921328    , 0.14609948 , 0.8904172 , -0.4310593    ,26.5 , 38.875 , 6.4375
51391601  , -3.0237172 , -18.428331 , 8.921328    , 0.14609951 , 0.89041734 , -0.43105936    ,27.5625 , 38.875 , 6.4375
518799  , -2.9556155 , -19.6133 , 16.317177    , 0.115076125 , 0.763639 , -0.6353052    ,27.5625 , 38.875 , 6.4375
37414553  , -2.9556155 , -19.6133 , 16.317177    , 0.11507623 , 0.7636391 , -0.63530535    ,30.0625 , 36.125 , 7.875
549316  , -0.88532263 , -19.6133 , 19.340895    , 0.03212388 , 0.71166664 , -0.70178246    ,30.0625 , 36.125 , 7.875
37292482  , -0.88532263 , -19.6133 , 19.340895    , 0.032123834 , 0.7116667 , -0.7017826    ,33.875 , 31.1875 , 8.875
213623  , 7.3141265 , -19.6133 , 19.340895    , -0.25663632 , 0.6881867 , -0.6786286    ,33.875 , 31.1875 , 8.875
41534425  , 7.3141265 , -19.6133 , 19.340895    , -0.25663632 , 0.68818676 , -0.6786287    ,37.9375 , 20.5 , 8.125
274658  , 17.733692 , -19.6133 , 19.340895    , -0.5413169 , 0.5986916 , -0.5903765    ,37.9375 , 20.5 , 8.125
37841798  , 17.733692 , -19.6133 , 19.340895    , -0.541317 , 0.5986916 , -0.5903765    ,39.4375 , 1.6875 , 2.8125
457763  , 19.57244 , -19.6133 , 19.340895    , -0.57922035 , 0.58042955 , -0.5723681    ,39.4375 , 1.6875 , 2.8125
44158936  , 19.57244 , -19.6133 , 19.340895    , -0.5792204 , 0.5804297 , -0.57236814    ,34.25 , -10.9375 , -9.25
457763  , 19.57244 , -15.132206 , 19.340895    , -0.623271 , 0.48187476 , -0.61589754    ,34.25 , -10.9375 , -9.25
33843994  , 19.57244 , -15.132206 , 19.340895    , -0.62327105 , 0.48187482 , -0.61589766    ,20.625 , -19.3125 , -21.375
213623  , 11.75436 , 6.701211 , 19.340895    , -0.49798504 , -0.28390342 , -0.819396    ,20.625 , -19.3125 , -21.375
43304443  , 11.75436 , 6.701211 , 19.340895    , -0.49798495 , -0.28390336 , -0.8193959    ,6.4375 , -22.0625 , -33.125
274658  , 11.182305 , -6.469665 , 16.780268    , -0.52803266 , 0.30550003 , -0.79237056    ,6.4375 , -22.0625 , -33.125
35430908  , 11.182305 , -6.469665 , 16.780268    , -0.5280327 , 0.3055 , -0.7923707    ,-4.75 , -17.375 , -40.6875
396729  , 16.276316 , 0.9942854 , 17.924377    , -0.6716864 , -0.041031882 , -0.73969823    ,-4.75 , -17.375 , -40.6875
45745849  , 16.276316 , 0.9942854 , 17.924377    , -0.67168653 , -0.041031882 , -0.73969823    ,-11.125 , -13.375 , -41.4375
1800537  , 10.882658 , 1.1441092 , 18.305748    , -0.51027566 , -0.053646043 , -0.8583361    ,-11.125 , -13.375 , -41.4375
54748533  , 10.882658 , 1.1441092 , 18.305748    , -0.51027566 , -0.053646013 , -0.85833603    ,-12.625 , -11.625 , -41.9375
244141  , 10.841797 , 2.6423476 , 13.375181    , -0.62241155 , -0.15169331 , -0.76784945    ,-12.625 , -11.625 , -41.9375
7904052  , 10.841797 , 2.6423476 , 13.375181    , -0.62241167 , -0.1516933 , -0.76784956    ,-14.375 , -9.9375 , -42.1875
244141  , 9.343558 , 1.7978859 , 11.141444    , -0.6377204 , -0.12271005 , -0.76043046    ,-14.375 , -9.9375 , -42.1875
36163329  , 9.343558 , 1.7978859 , 11.141444    , -0.6377205 , -0.12271007 , -0.7604306    ,-15.9375 , -9.4375 , -42.4375
244140  , 8.894087 , 3.1463003 , 10.882658    , -0.6175313 , -0.2184529 , -0.75560117    ,-15.9375 , -9.4375 , -42.4375
44219970  , 8.894087 , 3.1463003 , 10.882658    , -0.6175314 , -0.21845296 , -0.75560135    ,-16.1875 , -8.4375 , -43.125
1007080  , 7.43671 , 4.3312707 , 12.340035    , -0.49430975 , -0.28789473 , -0.82022834    ,-16.1875 , -8.4375 , -43.125
35949709  , 7.43671 , 4.3312707 , 12.340035    , -0.49430978 , -0.28789473 , -0.82022834    ,-14.9375 , -7.6875 , -44.125
610351  , 5.9793324 , 3.718355 , 11.413852    , -0.44585326 , -0.27726188 , -0.8510821    ,-14.9375 , -7.6875 , -44.125
35949708  , 5.9793324 , 3.718355 , 11.413852    , -0.4458533 , -0.27726188 , -0.85108215    ,-12.125 , -6.4375 , -45.125
244140  , 3.8681788 , 4.8216033 , 11.182305    , -0.30274287 , -0.37736252 , -0.8751825    ,-12.125 , -6.4375 , -45.125
39520264  , 3.8681788 , 4.8216033 , 11.182305    , -0.3027428 , -0.37736252 , -0.8751825    ,-9.8125 , -5.1875 , -45.8125
244140  , 2.5333846 , 3.0645783 , 10.95076    , -0.21745282 , -0.2630478 , -0.9399575    ,-9.8125 , -5.1875 , -45.8125
35003662  , 2.5333846 , 3.0645783 , 10.95076    , -0.21745281 , -0.2630478 , -0.93995744    ,-8.5625 , -4.4375 , -46.5625
457764  , 2.2201166 , 1.607201 , 10.079058    , -0.2125517 , -0.15387176 , -0.96495867    ,-8.5625 , -4.4375 , -46.5625
72845459  , 2.2201166 , 1.607201 , 10.079058    , -0.21255171 , -0.15387176 , -0.9649586    ,-9.0625 , -3.25 , -46.3125
244141  , 3.336985 , 0.88532263 , 9.575105    , -0.32784644 , -0.08697965 , -0.9407186    ,-9.0625 , -3.25 , -46.3125
20538330  , 3.336985 , 0.88532263 , 9.575105    , -0.32784638 , -0.08697967 , -0.94071853    ,-11.625 , -2.5 , -45.625
305175  , 3.636633 , 0.23154591 , 8.308413    , -0.4008458 , -0.02552203 , -0.9157901    ,-11.625 , -2.5 , -45.625
38909911  , 3.636633 , 0.23154591 , 8.308413    , -0.40084577 , -0.025522023 , -0.91578996    ,-14.125 , -2.25 , -44.625
274659  , 2.7649305 , 1.4982382 , 8.689782    , -0.2991924 , -0.16212395 , -0.940319    ,-14.125 , -2.25 , -44.625
43914794  , 2.7649305 , 1.4982382 , 8.689782    , -0.29919237 , -0.16212395 , -0.940319    ,-16.6875 , -1.75 , -43.375
274658  , 1.9885708 , 1.6889231 , 9.275456    , -0.2063817 , -0.17528306 , -0.9626434    ,-16.6875 , -1.75 , -43.375
17730713  , 1.9885708 , 1.6889231 , 9.275456    , -0.20638172 , -0.1752831 , -0.9626434    ,-18.1875 , -1.5 , -42.9375
2563477  , 2.9147544 , 1.6889231 , 8.962189    , -0.30443218 , -0.17639995 , -0.9360577    ,-18.1875 , -1.5 , -42.9375
33386229  , 2.9147544 , 1.6889231 , 8.962189    , -0.30443212 , -0.17639992 , -0.9360577    ,-19.25 , -1.5 , -42.1875
244141  , 2.9556155 , 1.2258313 , 8.240311    , -0.33435547 , -0.13867277 , -0.9321891    ,-19.25 , -1.5 , -42.1875
35888671  , 2.9556155 , 1.2258313 , 8.240311    , -0.33435535 , -0.13867271 , -0.93218887    ,-20.25 , -1.5 , -41.6875
244141  , 2.7240696 , 1.8387469 , 8.921328    , -0.28651944 , -0.19340058 , -0.9383513    ,-20.25 , -1.5 , -41.6875
43365477  , 2.7240696 , 1.8387469 , 8.921328    , -0.28651947 , -0.1934006 , -0.9383513    ,-21.0 , -2.25 , -40.9375
4760743  , 3.3778462 , 1.334794 , 9.507003    , -0.33190453 , -0.13115579 , -0.9341507    ,-21.0 , -2.25 , -40.9375
21301271  , 3.3778462 , 1.334794 , 9.507003    , -0.33190453 , -0.13115579 , -0.9341507    ,-22.75 , -2.5 , -40.0
244141  , 3.636633 , 0.92618364 , 9.084772    , -0.36997727 , -0.09422642 , -0.9242502    ,-22.75 , -2.5 , -40.0
