54138184  , -9.615966 , 1.1168685 , 2.9147544    , 0.9511441 , -0.11047281 , -0.2883071    ,44.875 , 1.125 , -1.75
244141  , -9.493382 , 1.334794 , 2.9147544    , 0.9474368 , -0.13321206 , -0.29089165    ,44.875 , 1.125 , -1.75
43914795  , -9.493382 , 1.334794 , 2.9147544    , 0.9474367 , -0.13321204 , -0.29089162    ,45.125 , 0.625 , -1.75
244141  , -9.425281 , 1.6480621 , 2.8738933    , 0.94341874 , -0.16496193 , -0.28766087    ,45.125 , 0.625 , -1.75
26031494  , -9.425281 , 1.6480621 , 2.8738933    , 0.94341874 , -0.16496196 , -0.28766093    ,45.375 , 0.875 , -1.3125
213623  , -9.302697 , 2.0294318 , 2.9147544    , 0.93422717 , -0.20380656 , -0.2927154    ,45.375 , 0.875 , -1.3125
26214599  , -9.302697 , 2.0294318 , 2.9147544    , 0.9342273 , -0.20380655 , -0.29271546    ,45.875 , 0.625 , -1.5
274658  , -9.302697 , 2.4108016 , 3.0237172    , 0.923393 , -0.23929805 , -0.3001365    ,45.875 , 0.625 , -1.5
18798827  , -9.302697 , 2.4108016 , 3.0237172    , 0.9233928 , -0.239298 , -0.30013648    ,45.875 , 0.375 , -1.3125
244141  , -9.152874 , 2.6832085 , 3.1463003    , 0.9113139 , -0.26715603 , -0.31326413    ,45.875 , 0.375 , -1.3125
26184082  , -9.152874 , 2.6832085 , 3.1463003    , 0.9113141 , -0.26715603 , -0.31326422    ,45.875 , 0.125 , -1.75
213623  , -9.234595 , 2.6014864 , 3.173541    , 0.9138379 , -0.25743812 , -0.31404755    ,45.875 , 0.125 , -1.75
39245605  , -9.234595 , 2.6014864 , 3.173541    , 0.913838 , -0.25743815 , -0.3140476    ,45.875 , -0.875 , -2.25
244141  , -9.234595 , 2.3018389 , 3.1463003    , 0.92127216 , -0.22963865 , -0.3138848    ,45.875 , -0.875 , -2.25
20599365  , -9.234595 , 2.3018389 , 3.1463003    , 0.9212723 , -0.22963865 , -0.3138848    ,45.625 , -1.125 , -2.0
244140  , -9.425281 , 2.1111538 , 3.1054392    , 0.9289863 , -0.20808218 , -0.30608216    ,45.625 , -1.125 , -2.0
31921386  , -9.425281 , 2.1111538 , 3.1054392    , 0.9289862 , -0.20808217 , -0.30608213    ,45.875 , -1.125 , -2.5
244140  , -9.493382 , 2.3699405 , 3.173541    , 0.9228964 , -0.23039308 , -0.30851486    ,45.875 , -1.125 , -2.5
30883789  , -9.656827 , 2.3699405 , 3.0237172    , 0.92916924 , -0.22803308 , -0.2909387    ,45.875 , -1.125 , -2.5
31250001  , -9.656827 , 2.3699405 , 3.0237172    , 0.9291694 , -0.2280331 , -0.29093874    ,45.875 , -0.875 , -3.0
213623  , -9.697687 , 2.4516625 , 2.7649305    , 0.93445647 , -0.236239 , -0.2664251    ,45.875 , -0.875 , -3.0
28686525  , -9.697687 , 2.4516625 , 2.7649305    , 0.9344564 , -0.23623897 , -0.26642507    ,46.125 , -1.125 , -3.25
305176  , -9.534244 , 2.9147544 , 2.7240696    , 0.9224943 , -0.28201967 , -0.2635698    ,46.125 , -1.125 , -3.25
27862549  , -9.534244 , 2.9147544 , 2.7240696    , 0.9224944 , -0.28201973 , -0.26356983    ,45.875 , -1.875 , -3.25
244140  , -9.193735 , 3.718355 , 2.8738933    , 0.8904152 , -0.36012346 , -0.27833718    ,45.875 , -1.875 , -3.25
22155762  , -9.193735 , 3.718355 , 2.8738933    , 0.8904153 , -0.36012354 , -0.2783372    ,46.375 , -1.875 , -3.5
213623  , -8.812365 , 4.5219555 , 3.0237172    , 0.85093504 , -0.43664673 , -0.2919746    ,46.375 , -1.875 , -3.5
50811769  , -8.812365 , 4.5219555 , 3.0237172    , 0.85093504 , -0.43664673 , -0.29197463    ,46.125 , -2.625 , -3.5
244140  , -8.117727 , 5.434519 , 3.5276701    , 0.7815775 , -0.5232373 , -0.3396453    ,46.125 , -2.625 , -3.5
17883301  , -8.117727 , 5.434519 , 3.5276701    , 0.7815776 , -0.5232374 , -0.33964533    ,46.125 , -3.375 , -4.1875
213623  , -7.082581 , 6.3607025 , 4.5219555    , 0.6720382 , -0.603542 , -0.42907053    ,46.125 , -3.375 , -4.1875
38238526  , -7.082581 , 6.3607025 , 4.5219555    , 0.6720383 , -0.6035421 , -0.42907062    ,45.625 , -3.8125 , -4.9375
2410889  , -5.8567495 , 7.1234417 , 5.597963    , 0.54289216 , -0.66030836 , -0.5189039    ,45.625 , -3.8125 , -4.9375
19500732  , -5.8567495 , 7.1234417 , 5.597963    , 0.54289216 , -0.6603083 , -0.51890385    ,44.625 , -4.3125 , -4.9375
244141  , -4.5900574 , 7.3958488 , 6.510526    , 0.42227328 , -0.68039876 , -0.59895134    ,44.625 , -4.3125 , -4.9375
46875000  , -4.5900574 , 7.3958488 , 6.510526    , 0.42227328 , -0.6803987 , -0.59895134    ,44.875 , -4.0625 , -5.1875
427246  , -5.202973 , 6.5922484 , 6.5513873    , 0.48848426 , -0.6189172 , -0.61508095    ,44.875 , -4.0625 , -5.1875
28747559  , -5.202973 , 6.5922484 , 6.5513873    , 0.4884842 , -0.6189172 , -0.61508095    ,44.875 , -3.8125 , -5.6875
244140  , -6.469665 , 4.5219555 , 5.6660647    , 0.66584826 , -0.46539292 , -0.5831429    ,44.875 , -3.8125 , -5.6875
24261474  , -6.469665 , 4.5219555 , 5.6660647    , 0.66584814 , -0.46539283 , -0.5831428    ,45.375 , -2.625 , -5.6875
762939  , -7.082581 , 2.3018389 , 5.134871    , 0.7829604 , -0.25446212 , -0.56764627    ,45.375 , -2.625 , -5.6875
25024414  , -7.082581 , 2.3018389 , 5.134871    , 0.78296036 , -0.2544621 , -0.5676462    ,45.875 , -1.125 , -6.4375
213623  , -7.43671 , 0.6537767 , 4.9850473    , 0.82843745 , -0.072829664 , -0.55532616    ,45.875 , -1.125 , -6.4375
88043210  , -7.43671 , 0.6537767 , 4.9850473    , 0.82843745 , -0.07282968 , -0.55532616    ,46.375 , 1.125 , -6.9375
305176  , -7.8180795 , -0.46309182 , 5.366417    , 0.8234794 , 0.048777528 , -0.56524545    ,46.375 , 1.125 , -6.9375
244140  , -7.8180795 , -0.46309182 , 5.366417    , 0.82347953 , 0.048777536 , -0.56524557    ,46.125 , 4.0625 , -6.6875
244140  , -7.246025 , -1.7978859 , 5.09401    , 0.8017252 , 0.19892427 , -0.5636188    ,46.125 , 4.0625 , -6.6875
21087645  , -7.246025 , -1.7978859 , 5.09401    , 0.80172503 , 0.19892424 , -0.5636187    ,45.875 , 7.5625 , -7.375
244140  , -7.504812 , -3.6774938 , 4.7943625    , 0.77891636 , 0.38168314 , -0.49760172    ,45.875 , 7.5625 , -7.375
42358400  , -7.504812 , -3.6774938 , 4.7943625    , 0.77891636 , 0.38168317 , -0.49760178    ,44.875 , 11.5 , -7.875
244140  , -8.812365 , -7.43671 , 4.099725    , 0.7200784 , 0.60767055 , -0.33499786    ,44.875 , 11.5 , -7.875
39978028  , -8.812365 , -7.43671 , 4.099725    , 0.72007835 , 0.6076704 , -0.3349978    ,42.8125 , 16.0 , -8.375
244140  , -8.471856 , -9.00305 , 4.140586    , 0.6498157 , 0.6905598 , -0.3175948    ,42.8125 , 16.0 , -8.375
23559571  , -8.471856 , -9.00305 , 4.140586    , 0.64981586 , 0.6905599 , -0.31759483    ,40.3125 , 20.6875 , -10.0625
274659  , -9.343558 , -10.651112 , 4.1814466    , 0.6324881 , 0.7209996 , -0.28305227    ,40.3125 , 20.6875 , -10.0625
51330567  , -9.343558 , -10.651112 , 4.1814466    , 0.6324881 , 0.72099954 , -0.28305227    ,38.0 , 24.6875 , -11.0625
823974  , -9.997335 , -12.680544 , 4.099725    , 0.6000855 , 0.76114374 , -0.24608411    ,38.0 , 24.6875 , -11.0625
20538330  , -9.997335 , -12.680544 , 4.099725    , 0.6000855 , 0.76114374 , -0.24608412    ,36.75 , 27.625 , -11.8125
244141  , -9.615966 , -13.102775 , 5.8567495    , 0.5566169 , 0.7584497 , -0.3390159    ,36.75 , 27.625 , -11.8125
42785645  , -9.615966 , -13.102775 , 5.8567495    , 0.55661684 , 0.75844955 , -0.33901587    ,35.4375 , 28.875 , -12.3125
274658  , -8.689782 , -13.1708765 , 7.9270425    , 0.4921022 , 0.7458665 , -0.4489082    ,35.4375 , 28.875 , -12.3125
28167724  , -8.689782 , -13.1708765 , 7.9270425    , 0.49210215 , 0.7458664 , -0.4489082    ,35.75 , 29.125 , -11.0625
244141  , -6.782933 , -13.443283 , 11.34575    , 0.3597697 , 0.7130375 , -0.6017834    ,35.75 , 29.125 , -11.0625
26947022  , -6.782933 , -13.443283 , 11.34575    , 0.3597697 , 0.7130375 , -0.60178345    ,36.75 , 29.125 , -9.8125
244140  , -3.3642259 , -18.155924 , 14.628253    , 0.14281097 , 0.7707166 , -0.6209675    ,36.75 , 29.125 , -9.8125
30517578  , -3.3642259 , -18.155924 , 14.628253    , 0.14281099 , 0.77071685 , -0.6209676    ,38.0 , 27.875 , -9.125
244140  , 1.7978859 , -19.6133 , 18.115063    , -0.06718691 , 0.732948 , -0.67695886    ,38.0 , 27.875 , -9.125
37445068  , 1.7978859 , -19.6133 , 18.115063    , -0.06718688 , 0.7329478 , -0.6769588    ,40.5625 , 24.9375 , -8.375
274658  , 5.134871 , -19.6133 , 19.381754    , -0.18307321 , 0.6992717 , -0.6910163    ,40.5625 , 24.9375 , -8.375
44403075  , 5.134871 , -19.6133 , 19.381754    , -0.18307318 , 0.69927156 , -0.69101626    ,43.0625 , 18.4375 , -9.125
396728  , 15.173067 , -19.6133 , 19.381754    , -0.48209634 , 0.6231766 , -0.6158197    ,43.0625 , 18.4375 , -9.125
45806884  , 15.173067 , -19.6133 , 19.381754    , -0.48209637 , 0.62317663 , -0.6158197    ,40.5625 , 5.0625 , -13.0
427246  , 19.57244 , -19.6133 , 19.381754    , -0.57881945 , 0.58002776 , -0.5731802    ,40.5625 , 5.0625 , -13.0
28778075  , 19.57244 , -19.6133 , 19.381754    , -0.5788196 , 0.5800279 , -0.5731804    ,28.625 , -8.8125 , -18.875
38574219  , 19.57244 , -19.6133 , 19.381754    , -0.57881945 , 0.5800278 , -0.57318026    ,14.125 , -17.0 , -26.6875
335693  , 19.57244 , -19.231932 , 14.628253    , -0.62942886 , 0.6184785 , -0.47042906    ,14.125 , -17.0 , -26.6875
39245607  , 19.57244 , -19.231932 , 14.628253    , -0.629429 , 0.6184786 , -0.47042918    ,-5.375 , -19.9375 , -31.875
518799  , 19.463476 , 0.95342433 , 18.850561    , -0.71788216 , -0.035165682 , -0.69527566    ,-5.375 , -19.9375 , -31.875
38665773  , 19.463476 , 0.95342433 , 18.850561    , -0.7178823 , -0.035165697 , -0.6952758    ,-20.125 , -15.25 , -34.3125
518798  , 19.041246 , -12.4489975 , 9.997335    , -0.7662655 , 0.5009776 , -0.40231684    ,-20.125 , -15.25 , -34.3125
68725588  , 19.041246 , -12.4489975 , 9.997335    , -0.7662656 , 0.5009776 , -0.40231684    ,-25.375 , -8.75 , -35.75
244140  , 19.531578 , -6.6331096 , 8.62168    , -0.87364113 , 0.29669684 , -0.38564497    ,-25.375 , -8.75 , -35.75
213623  , 19.531578 , -6.6331096 , 8.62168    , -0.87364113 , 0.29669684 , -0.38564497    ,-30.9375 , -5.0 , -33.3125
244141  , 18.278507 , -6.510526 , 7.6273947    , -0.8767219 , 0.312275 , -0.3658452    ,-30.9375 , -5.0 , -33.3125
32073975  , 18.278507 , -6.510526 , 7.6273947    , -0.8767222 , 0.31227508 , -0.36584526    ,-31.8125 , -2.25 , -33.1875
213623  , 17.883516 , -4.2904096 , 8.117727    , -0.8896002 , 0.21342278 , -0.40380943    ,-31.8125 , -2.25 , -33.1875
35430909  , 17.883516 , -4.2904096 , 8.117727    , -0.88960034 , 0.2134228 , -0.40380946    ,-33.75 , -0.3125 , -32.75
213623  , 15.704261 , -3.5957718 , 7.3958488    , -0.8858874 , 0.20283979 , -0.41720456    ,-33.75 , -0.3125 , -32.75
29815674  , 15.704261 , -3.5957718 , 7.3958488    , -0.8858872 , 0.20283976 , -0.4172045    ,-36.3125 , 2.1875 , -31.0625
274658  , 14.7916975 , -3.1054392 , 4.2904096    , -0.94146734 , 0.19765614 , -0.27307755    ,-36.3125 , 2.1875 , -31.0625
30487061  , 14.7916975 , -3.1054392 , 4.2904096    , -0.9414674 , 0.19765615 , -0.27307755    ,-37.5625 , 4.625 , -31.0625
396729  , 13.865514 , -1.3075534 , 4.7535014    , -0.9422127 , 0.088853076 , -0.32301793    ,-37.5625 , 4.625 , -31.0625
38818359  , 13.865514 , -1.3075534 , 4.7535014    , -0.9422125 , 0.08885306 , -0.32301787    ,-38.0625 , 5.625 , -32.25
396729  , 12.639683 , -1.6889231 , 6.2789803    , -0.8892378 , 0.11882056 , -0.4417442    ,-38.0625 , 5.625 , -32.25
39215087  , 12.639683 , -1.6889231 , 6.2789803    , -0.8892378 , 0.11882058 , -0.44174418    ,-37.5 , 6.5 , -33.6875
396729  , 13.293459 , -1.6480621 , 6.238119    , -0.8996325 , 0.11153232 , -0.4221636    ,-37.5 , 6.5 , -33.6875
38970947  , 13.293459 , -1.6480621 , 6.238119    , -0.89963245 , 0.111532316 , -0.4221636    ,-36.25 , 7.25 , -35.375
518799  , 12.258313 , -0.27240697 , 6.742072    , -0.87605006 , 0.019467771 , -0.48182753    ,-36.25 , 7.25 , -35.375
39001464  , 12.258313 , -0.27240697 , 6.742072    , -0.87604994 , 0.019467786 , -0.48182744    ,-34.9375 , 7.75 , -36.875
488282  , 11.032481 , 0.08172209 , 6.3607025    , -0.8663101 , -0.0064170808 , -0.49946526    ,-34.9375 , 7.75 , -36.875
46051023  , 11.032481 , 0.08172209 , 6.3607025    , -0.86631 , -0.0064170957 , -0.4994652    ,-33.9375 , 8.5 , -37.375
701905  , 9.80665 , -0.23154591 , 5.9793324    , -0.85363555 , 0.020155326 , -0.5204806    ,-33.9375 , 8.5 , -37.375
42510988  , 9.80665 , -0.23154591 , 5.9793324    , -0.8536356 , 0.02015528 , -0.52048063    ,-32.9375 , 8.25 , -38.5625
549317  , 8.771504 , -0.38136974 , 5.325556    , -0.8541978 , 0.03713903 , -0.5186201    ,-32.9375 , 8.25 , -38.5625
37017824  , 8.771504 , -0.38136974 , 5.325556    , -0.8541979 , 0.037139013 , -0.5186201    ,-32.9375 , 8.25 , -39.0625
274658  , 8.19945 , 0.10896278 , 6.2789803    , -0.79390186 , -0.010550201 , -0.6079547    ,-32.9375 , 8.25 , -39.0625
39611817  , 8.19945 , 0.10896278 , 6.2789803    , -0.79390156 , -0.010550201 , -0.6079545    ,-32.1875 , 8.0 , -39.5625
244141  , 8.008764 , 0.23154591 , 6.782933    , -0.76290536 , -0.022056788 , -0.64613414    ,-32.1875 , 8.0 , -39.5625
