69335940  , 3.9499009 , 1.2666923 , 8.689782    , -0.41020682 , -0.13154908 , -0.9024551    ,-27.0 , 5.3125 , -40.25
274658  , 4.0180025 , 1.607201 , 8.771504    , -0.4107993 , -0.16431972 , -0.89679587    ,-27.0 , 5.3125 , -40.25
51483155  , 4.0180025 , 1.607201 , 8.771504    , -0.41079926 , -0.16431971 , -0.89679575    ,-27.0 , 5.5625 , -40.25
244141  , 3.990762 , 1.56634 , 8.771504    , -0.40875807 , -0.16043407 , -0.8984307    ,-27.0 , 5.5625 , -40.25
33905030  , 3.990762 , 1.56634 , 8.771504    , -0.40875813 , -0.16043405 , -0.8984308    ,-26.0 , 5.5625 , -40.0
244141  , 4.0180025 , 1.7978859 , 8.853226    , -0.406385 , -0.18184006 , -0.8954246    ,-26.0 , 5.5625 , -40.0
37628173  , 4.0180025 , 1.7978859 , 8.853226    , -0.4063851 , -0.18184009 , -0.89542466    ,-26.25 , 5.5625 , -40.0
7537842  , 3.990762 , 1.4982382 , 8.853226    , -0.4061426 , -0.15247673 , -0.90099895    ,-26.25 , 5.5625 , -40.0
30487060  , 3.990762 , 1.4982382 , 8.853226    , -0.40614256 , -0.15247673 , -0.9009987    ,-26.25 , 6.0625 , -40.25
274659  , 4.0180025 , 1.3756552 , 8.921328    , -0.40665445 , -0.13922743 , -0.9029107    ,-26.25 , 6.0625 , -40.25
35980224  , 4.0588636 , 1.6889231 , 9.084772    , -0.4021636 , -0.16734326 , -0.9001447    ,-26.25 , 6.0625 , -40.25
22979736  , 4.0588636 , 1.6889231 , 9.084772    , -0.40216365 , -0.16734327 , -0.9001448    ,-27.0 , 6.0625 , -40.25
244141  , 3.990762 , 1.4165162 , 9.043911    , -0.39962596 , -0.14184676 , -0.90563697    ,-27.0 , 6.0625 , -40.25
38543700  , 3.990762 , 1.4165162 , 9.043911    , -0.39962593 , -0.14184675 , -0.905637    ,-26.5 , 6.3125 , -39.75
244140  , 3.8681788 , 1.1849703 , 8.771504    , -0.4004527 , -0.122673884 , -0.9080689    ,-26.5 , 6.3125 , -39.75
36712645  , 3.8681788 , 1.1849703 , 8.771504    , -0.40045267 , -0.12267388 , -0.90806866    ,-26.5 , 6.5625 , -39.75
244141  , 4.0588636 , 1.4982382 , 8.771504    , -0.41499504 , -0.15318607 , -0.8968349    ,-26.5 , 6.5625 , -39.75
35369871  , 4.0588636 , 1.4982382 , 8.771504    , -0.41499498 , -0.15318608 , -0.89683485    ,-26.75 , 7.3125 , -40.0
244140  , 4.862464 , 2.7240696 , 8.962189    , -0.46072653 , -0.2581101 , -0.8491822    ,-26.75 , 7.3125 , -40.0
33660888  , 4.862464 , 2.7240696 , 8.962189    , -0.46072635 , -0.25811 , -0.84918195    ,-26.75 , 8.0625 , -40.4375
244141  , 5.8976107 , 3.9090397 , 9.084772    , -0.5121671 , -0.33947337 , -0.78895026    ,-26.75 , 8.0625 , -40.4375
42358397  , 5.8976107 , 3.9090397 , 9.084772    , -0.5121671 , -0.33947337 , -0.78895026    ,-27.3125 , 8.3125 , -40.4375
244141  , 7.3958488 , 5.7886477 , 10.460427    , -0.5260951 , -0.4117687 , -0.7440903    ,-27.3125 , 8.3125 , -40.4375
30822755  , 7.3958488 , 5.7886477 , 10.460427    , -0.5260951 , -0.4117687 , -0.74409026    ,-27.3125 , 8.0625 , -40.0
213623  , 9.724928 , 7.164303 , 12.367276    , -0.5625473 , -0.41442567 , -0.7153964    ,-27.3125 , 8.0625 , -40.0
38543703  , 9.724928 , 7.164303 , 12.367276    , -0.5625472 , -0.41442555 , -0.7153963    ,-27.8125 , 7.5625 , -39.0
213623  , 11.686258 , 7.5865335 , 14.09706    , -0.5896052 , -0.38276234 , -0.71123713    ,-27.8125 , 7.5625 , -39.0
26794435  , 11.686258 , 7.5865335 , 14.09706    , -0.58960533 , -0.38276243 , -0.71123725    ,-28.3125 , 6.5625 , -37.75
244140  , 13.0619135 , 6.5922484 , 16.86199    , -0.58508456 , -0.29528776 , -0.7553021    ,-28.3125 , 6.5625 , -37.75
50659181  , 13.0619135 , 6.5922484 , 16.86199    , -0.5850847 , -0.2952878 , -0.75530225    ,-28.5625 , 5.0625 , -37.5
244140  , 13.484144 , 4.7943625 , 19.000385    , -0.56686974 , -0.20155367 , -0.7987709    ,-28.5625 , 5.0625 , -37.5
22979736  , 13.484144 , 4.7943625 , 19.000385    , -0.5668696 , -0.20155364 , -0.7987708    ,-28.8125 , 2.875 , -37.75
244141  , 12.14935 , 2.152015 , 19.340895    , -0.5295818 , -0.093804866 , -0.8430563    ,-28.8125 , 2.875 , -37.75
45104981  , 12.14935 , 2.152015 , 19.340895    , -0.52958167 , -0.09380481 , -0.8430561    ,-27.5625 , -1.375 , -37.5
244140  , 9.152874 , -1.7978859 , 19.340895    , -0.42625594 , 0.08372885 , -0.90071946    ,-27.5625 , -1.375 , -37.5
61767579  , 9.152874 , -1.7978859 , 19.340895    , -0.42625597 , 0.083728805 , -0.9007194    ,-27.0 , -7.8125 , -36.0625
274658  , 6.932757 , -3.7864566 , 18.537292    , -0.3440535 , 0.18791136 , -0.91995454    ,-27.0 , -7.8125 , -36.0625
20538329  , 6.932757 , -3.7864566 , 18.537292    , -0.34405357 , 0.18791136 , -0.91995466    ,-26.25 , -15.25 , -33.125
1739502  , 6.0201936 , -3.568531 , 13.947236    , -0.38579693 , 0.22868505 , -0.893792    ,-26.25 , -15.25 , -33.125
23437500  , 6.0201936 , -3.568531 , 13.947236    , -0.38579693 , 0.22868505 , -0.893792    ,-24.25 , -23.9375 , -27.0
244140  , 9.084772 , -1.4573772 , 12.489859    , -0.5856226 , 0.09394546 , -0.80512124    ,-24.25 , -23.9375 , -27.0
22399902  , 9.084772 , -1.4573772 , 12.489859    , -0.5856227 , 0.09394549 , -0.8051214    ,-21.1875 , -31.875 , -19.4375
244141  , 2.4108016 , -5.5162406 , 9.80665    , -0.20950729 , 0.47938102 , -0.8522329    ,-21.1875 , -31.875 , -19.4375
44921873  , 2.4108016 , -5.5162406 , 9.80665    , -0.20950723 , 0.4793809 , -0.8522327    ,-15.875 , -37.8125 , -10.875
244140  , 1.2258313 , -4.671779 , 6.4015636    , -0.1528613 , 0.5825714 , -0.7982757    ,-15.875 , -37.8125 , -10.875
37963867  , 1.2258313 , -4.671779 , 6.4015636    , -0.1528613 , 0.58257145 , -0.7982757    ,-9.0 , -42.0 , -0.625
213623  , 1.3756552 , -1.7978859 , 3.0645783    , -0.36105987 , 0.4718802 , -0.8043412    ,-9.0 , -42.0 , -0.625
38055418  , 1.3756552 , -1.7978859 , 3.0645783    , -0.3610598 , 0.47188017 , -0.8043412    ,-1.375 , -42.25 , 8.6875
244140  , 5.7886477 , 1.1168685 , 2.5333846    , -0.9021239 , -0.17405686 , -0.3948119    ,-1.375 , -42.25 , 8.6875
40039064  , 5.7886477 , 1.1168685 , 2.5333846    , -0.90212405 , -0.17405686 , -0.39481193    ,5.9375 , -39.25 , 18.4375
244141  , 4.0180025 , -2.8330324 , 2.4925237    , -0.7289442 , 0.51396745 , -0.4521925    ,5.9375 , -39.25 , 18.4375
33782960  , 4.0180025 , -2.8330324 , 2.4925237    , -0.7289441 , 0.5139674 , -0.4521925    ,13.8125 , -32.3125 , 27.0
274659  , 0.46309182 , -8.390134 , 3.6774938    , -0.050487578 , 0.91471606 , -0.40093076    ,13.8125 , -32.3125 , 27.0
39062501  , 0.46309182 , -8.390134 , 3.6774938    , -0.050487593 , 0.9147161 , -0.40093076    ,19.9375 , -21.4375 , 33.375
335693  , -2.7513103 , -16.467001 , 1.6889231    , 0.16395903 , 0.9813192 , -0.10064812    ,19.9375 , -21.4375 , 33.375
25573732  , -2.7513103 , -16.467001 , 1.6889231    , 0.16395912 , 0.98131955 , -0.100648165    ,24.0 , -9.5625 , 38.0
213623  , -3.5957718 , -19.300034 , -0.84446156    , 0.18298821 , 0.98217535 , 0.042974487    ,24.0 , -9.5625 , 38.0
18310548  , -3.5957718 , -19.300034 , -0.84446156    , 0.18298823 , 0.9821755 , 0.0429745    ,26.25 , 2.625 , 38.75
244141  , -3.5957718 , -19.6133 , -4.0180025    , 0.17677476 , 0.964226 , 0.19753242    ,26.25 , 2.625 , 38.75
40161133  , -3.5957718 , -19.6133 , -4.0180025    , 0.17677476 , 0.96422595 , 0.1975324    ,26.75 , 13.0 , 37.5
305175  , -2.9147544 , -19.6133 , -9.234595    , 0.13325435 , 0.89666486 , 0.4221797    ,26.75 , 13.0 , 37.5
39184570  , -2.9147544 , -19.6133 , -9.234595    , 0.13325433 , 0.8966648 , 0.4221796    ,27.8125 , 19.6875 , 35.3125
366211  , -1.56634 , -19.6133 , -11.727119    , 0.06838277 , 0.8562716 , 0.5119791    ,27.8125 , 19.6875 , 35.3125
39733886  , -1.56634 , -19.6133 , -11.727119    , 0.06838277 , 0.8562716 , 0.5119791    ,30.0625 , 20.9375 , 32.625
1739501  , 1.7297841 , -19.6133 , -4.4810944    , -0.08566293 , 0.97129613 , 0.22191419    ,30.0625 , 20.9375 , 32.625
37445068  , 1.7297841 , -19.6133 , -4.4810944    , -0.0856629 , 0.9712961 , 0.22191414    ,34.125 , 16.0 , 29.4375
427246  , 6.851035 , -19.6133 , 7.5865335    , -0.30975947 , 0.8867865 , -0.34301394    ,34.125 , 16.0 , 29.4375
39733886  , 6.851035 , -19.6133 , 7.5865335    , -0.3097595 , 0.8867866 , -0.343014    ,36.6875 , 3.375 , 22.625
244141  , 13.906375 , -19.6133 , 17.583868    , -0.4668616 , 0.65845317 , -0.5903216    ,36.6875 , 3.375 , 22.625
38482665  , 13.906375 , -19.6133 , 17.583868    , -0.4668616 , 0.65845317 , -0.5903215    ,34.125 , -12.5 , 10.625
335694  , 19.313654 , -19.6133 , 19.340895    , -0.5740974 , 0.58300436 , -0.57490706    ,34.125 , -12.5 , 10.625
42022704  , 19.313654 , -19.6133 , 19.340895    , -0.5740974 , 0.58300436 , -0.5749072    ,23.5 , -24.1875 , -5.75
427246  , 19.57244 , -19.6133 , 19.340895    , -0.57922035 , 0.58042955 , -0.572368    ,23.5 , -24.1875 , -5.75
36315916  , 19.57244 , -19.6133 , 19.340895    , -0.57922035 , 0.5804296 , -0.5723681    ,7.75 , -27.125 , -22.125
41595458  , 19.57244 , -19.6133 , 19.340895    , -0.5792204 , 0.5804297 , -0.57236814    ,-8.25 , -19.1875 , -32.875
37506106  , 19.57244 , -19.6133 , 19.340895    , -0.5792203 , 0.58042955 , -0.572368    ,-19.4375 , -2.875 , -35.8125
32043458  , 19.57244 , -19.6133 , 19.340895    , -0.5792203 , 0.58042955 , -0.572368    ,-21.9375 , 14.75 , -31.8125
244141  , 19.57244 , -19.6133 , 18.768839    , -0.5848303 , 0.5860513 , -0.56081855    ,-21.9375 , 14.75 , -31.8125
53619386  , 19.57244 , -19.6133 , 18.768839    , -0.5848303 , 0.5860512 , -0.56081843    ,-19.1875 , 29.25 , -24.0
274658  , 19.57244 , -19.109348 , 19.19107    , -0.5857428 , 0.5718839 , -0.57432956    ,-19.1875 , 29.25 , -24.0
13397217  , 19.57244 , -19.109348 , 19.19107    , -0.58574265 , 0.5718838 , -0.57432944    ,-12.5625 , 39.625 , -16.6875
213623  , 19.57244 , -16.548723 , 15.704261    , -0.65112656 , 0.550535 , -0.52244186    ,-12.5625 , 39.625 , -16.6875
29632569  , 19.57244 , -16.548723 , 15.704261    , -0.65112644 , 0.5505349 , -0.52244174    ,-5.1875 , 44.625 , -11.0625
244141  , 19.57244 , -16.04477 , 14.601013    , -0.6698709 , 0.5491357 , -0.4997228    ,-5.1875 , 44.625 , -11.0625
28991700  , 19.57244 , -16.04477 , 14.601013    , -0.669871 , 0.5491357 , -0.49972284    ,0.1875 , 44.8125 , -7.6875
244141  , 19.57244 , -10.95076 , 14.410328    , -0.7342008 , 0.41078463 , -0.5405598    ,0.1875 , 44.8125 , -7.6875
32440185  , 19.57244 , -10.95076 , 14.410328    , -0.7342009 , 0.41078466 , -0.5405599    ,4.0 , 44.0625 , -6.0
213623  , 18.659876 , -6.851035 , 14.7916975    , -0.75309926 , 0.27650288 , -0.5969823    ,4.0 , 44.0625 , -6.0
36773682  , 18.659876 , -6.851035 , 14.7916975    , -0.75309926 , 0.27650285 , -0.5969823    ,5.75 , 44.0625 , -5.25
244141  , 12.598822 , -7.082581 , 13.633968    , -0.6340935 , 0.35646337 , -0.686192    ,5.75 , 44.0625 , -5.25
32287597  , 12.598822 , -7.082581 , 13.633968    , -0.6340935 , 0.3564634 , -0.68619204    ,5.75 , 43.8125 , -5.5
213623  , 6.891896 , -9.615966 , 9.575105    , -0.4528192 , 0.6317991 , -0.62911445    ,5.75 , 43.8125 , -5.5
36590575  , 6.891896 , -9.615966 , 9.575105    , -0.4528191 , 0.631799 , -0.6291144    ,4.5625 , 44.75 , -7.3125
244141  , 5.175732 , -11.3321295 , 7.668256    , -0.3537996 , 0.7746349 , -0.524182    ,4.5625 , 44.75 , -7.3125
30761718  , 5.175732 , -11.3321295 , 7.668256    , -0.35379946 , 0.7746347 , -0.52418196    ,2.5625 , 45.5 , -9.0625
213623  , 4.944186 , -10.61025 , 7.3549876    , -0.35763806 , 0.76749325 , -0.53202355    ,2.5625 , 45.5 , -9.0625
28533934  , 4.944186 , -10.61025 , 7.3549876    , -0.3576381 , 0.76749325 , -0.5320236    ,-0.25 , 45.5 , -10.75
244140  , 6.0201936 , -11.727119 , 7.6954966    , -0.3944055 , 0.76828766 , -0.50416094    ,-0.25 , 45.5 , -10.75
29357909  , 6.0201936 , -11.727119 , 7.6954966    , -0.39440548 , 0.76828754 , -0.5041609    ,-3.5 , 45.4375 , -12.8125
213623  , 7.164303 , -11.304889 , 7.8589406    , -0.4615981 , 0.72837716 , -0.50635374    ,-3.5 , 45.4375 , -12.8125
38635253  , 7.164303 , -11.304889 , 7.8589406    , -0.46159804 , 0.72837716 , -0.50635374    ,-7.3125 , 44.9375 , -14.0625
244141  , 7.9270425 , -10.337844 , 8.430995    , -0.51084757 , 0.6662084 , -0.5433241    ,-7.3125 , 44.9375 , -14.0625
42755128  , 7.9270425 , -10.337844 , 8.430995    , -0.5108476 , 0.66620857 , -0.54332423    ,-10.3125 , 44.1875 , -16.0
244141  , 9.765789 , -9.343558 , 9.724928    , -0.58650804 , 0.56114995 , -0.58405393    ,-10.3125 , 44.1875 , -16.0
35064699  , 9.765789 , -9.343558 , 9.724928    , -0.586508 , 0.5611499 , -0.58405393    ,-14.9375 , 42.9375 , -18.1875
244141  , 12.571581 , -7.3958488 , 11.727119    , -0.6717215 , 0.39517313 , -0.62660056    ,-14.9375 , 42.9375 , -18.1875
47424317  , 12.571581 , -7.3958488 , 11.727119    , -0.67172164 , 0.3951732 , -0.62660056    ,-20.5 , 40.4375 , -21.375
305176  , 17.502148 , -6.3198414 , 15.826844    , -0.7164626 , 0.2587071 , -0.6478828    ,-20.5 , 40.4375 , -21.375
32806398  , 17.502148 , -6.3198414 , 15.826844    , -0.7164626 , 0.2587071 , -0.6478829    ,-26.5625 , 35.25 , -24.5625
244141  , 19.531578 , -8.689782 , 16.167353    , -0.7287201 , 0.3242144 , -0.6032014    ,-26.5625 , 35.25 , -24.5625
41625977  , 19.531578 , -8.689782 , 16.167353    , -0.7287202 , 0.32421446 , -0.60320145    ,-33.6875 , 27.3125 , -26.0625
244140  , 18.087822 , -9.575105 , 17.62473    , -0.6696976 , 0.3545161 , -0.6525516    ,-33.6875 , 27.3125 , -26.0625
21026612  , 18.087822 , -9.575105 , 17.62473    , -0.6696976 , 0.35451612 , -0.6525516    ,-39.0 , 16.6875 , -26.0625
305175  , 15.826844 , -9.847511 , 17.692831    , -0.61582637 , 0.3831691 , -0.68843246    ,-39.0 , 16.6875 , -26.0625
43945312  , 15.826844 , -9.847511 , 17.692831    , -0.61582637 , 0.38316905 , -0.68843234    ,-42.5625 , 4.5 , -22.125
1525879  , 12.489859 , -7.082581 , 15.28203    , -0.5956338 , 0.33776402 , -0.7287907    ,-42.5625 , 4.5 , -22.125
24505614  , 12.489859 , -7.082581 , 15.28203    , -0.59563375 , 0.33776394 , -0.72879076    ,-43.3125 , -7.875 , -16.25
244141  , 9.466142 , -3.9771416 , 15.173067    , -0.51669145 , 0.21708475 , -0.8281932    ,-43.3125 , -7.875 , -16.25
22796631  , 9.466142 , -3.9771416 , 15.173067    , -0.51669145 , 0.21708475 , -0.82819307    ,-41.3125 , -18.75 , -8.4375
213623  , 6.66035 , -1.0760075 , 14.328606    , -0.42054248 , 0.067940414 , -0.90472543    ,-41.3125 , -18.75 , -8.4375
40283203  , 6.66035 , -1.0760075 , 14.328606    , -0.42054254 , 0.067940414 , -0.90472543    ,-37.0 , -27.1875 , 1.375
366211  , 2.1792557 , -3.1463003 , 12.367276    , -0.1683348 , 0.24303338 , -0.9553001    ,-37.0 , -27.1875 , 1.375
55206298  , 2.1792557 , -3.1463003 , 12.367276    , -0.1683348 , 0.24303338 , -0.9553001    ,-29.875 , -30.4375 , 12.375
244140  , -0.7627395 , -5.09401 , 7.8180795    , 0.08146903 , 0.5440968 , -0.83505774    ,-29.875 , -30.4375 , 12.375
15258788  , -0.7627395 , -5.09401 , 7.8180795    , 0.08146906 , 0.5440968 , -0.8350578    ,-23.3125 , -28.4375 , 23.5625
274658  , -1.3756552 , -6.2108784 , 5.5571017    , 0.16286068 , 0.7352917 , -0.6578925    ,-23.3125 , -28.4375 , 23.5625
35430907  , -1.3756552 , -6.2108784 , 5.5571017    , 0.16286063 , 0.73529154 , -0.65789247    ,-18.1875 , -22.25 , 32.625
244141  , -2.0294318 , -9.084772 , 4.2086873    , 0.19865415 , 0.8892773 , -0.41197404    ,-18.1875 , -22.25 , 32.625
33050536  , -2.0294318 , -9.084772 , 4.2086873    , 0.19865416 , 0.8892774 , -0.41197407    ,-14.9375 , -12.3125 , 38.5
274658  , -3.214402 , -12.680544 , 0.7627395    , 0.2453025 , 0.96769756 , -0.058207378    ,-14.9375 , -12.3125 , 38.5
36529543  , -3.214402 , -12.680544 , 0.7627395    , 0.24530248 , 0.96769756 , -0.058207378    ,-14.125 , -2.1875 , 40.25
366211  , -2.6423476 , -14.47843 , -1.879608    , 0.17809047 , 0.97582537 , 0.12668289    ,-14.125 , -2.1875 , 40.25
38970949  , -2.6423476 , -14.47843 , -1.879608    , 0.17809045 , 0.97582555 , 0.1266829    ,-13.875 , 7.25 , 40.25
457764  , -1.4165162 , -14.859799 , -3.5957718    , 0.09225627 , 0.9678038 , 0.234189    ,-13.875 , 7.25 , 40.25
40496828  , -1.4165162 , -14.859799 , -3.5957718    , 0.09225629 , 0.9678039 , 0.23418903    ,-12.875 , 14.6875 , 39.5
427246  , 0.8036005 , -12.871228 , -4.0180025    , -0.05949191 , 0.9528791 , 0.2974596    ,-12.875 , 14.6875 , 39.5
37231446  , 0.8036005 , -12.871228 , -4.0180025    , -0.05949192 , 0.9528791 , 0.2974596    ,-11.625 , 19.375 , 39.0
213623  , 1.9477097 , -10.95076 , -3.214402    , -0.16822821 , 0.9458426 , 0.27763537    ,-11.625 , 19.375 , 39.0
39642335  , 1.9477097 , -10.95076 , -3.214402    , -0.1682282 , 0.94584244 , 0.2776353    ,-10.0625 , 21.625 , 38.5
305175  , 1.0760075 , -10.038197 , -1.334794    , -0.105661236 , 0.9857258 , 0.13107343    ,-10.0625 , 21.625 , 38.5
29754639  , 1.0760075 , -10.038197 , -1.334794    , -0.105661266 , 0.985726 , 0.13107347    ,-9.3125 , 21.625 , 38.5
427246  , -0.29964766 , -10.991621 , -0.88532263    , 0.027163431 , 0.9964041 , 0.0802556    ,-9.3125 , 21.625 , 38.5
38391113  , -0.29964766 , -10.991621 , -0.88532263    , 0.027163431 , 0.996404 , 0.0802556    ,-9.5625 , 20.875 , 38.5
427246  , -1.7297841 , -15.431854 , -2.1111538    , 0.11037873 , 0.9847175 , 0.1347142    ,-9.5625 , 20.875 , 38.5
38970947  , -1.7297841 , -15.431854 , -2.1111538    , 0.11037874 , 0.9847176 , 0.13471425    ,-10.875 , 18.875 , 38.75
457764  , -2.7240696 , -19.531578 , -2.4925237    , 0.13704273 , 0.98259634 , 0.12539409    ,-10.875 , 18.875 , 38.75
39276123  , -2.7240696 , -19.531578 , -2.4925237    , 0.13704272 , 0.9825962 , 0.12539409    ,-12.375 , 14.9375 , 40.25
427246  , 0.92618364 , -19.6133 , 1.6480621    , -0.047004387 , 0.995387 , -0.08364016    ,-12.375 , 14.9375 , 40.25
37811279  , 0.92618364 , -19.6133 , 1.6480621    , -0.047004387 , 0.99538696 , -0.08364016    ,-12.625 , 8.0 , 41.1875
488281  , 3.3778462 , -19.6133 , 11.645397    , -0.1464886 , 0.8505789 , -0.5050312    ,-12.625 , 8.0 , 41.1875
38116454  , 3.3778462 , -19.6133 , 11.645397    , -0.14648867 , 0.85057914 , -0.50503135    ,-13.375 , -3.4375 , 39.0
244141  , 6.510526 , -19.6133 , 19.19107    , -0.23085146 , 0.6954521 , -0.6804806    ,-13.375 , -3.4375 , 39.0
30517578  , 6.510526 , -19.6133 , 19.19107    , -0.2308515 , 0.69545215 , -0.68048066    ,-15.9375 , -16.8125 , 31.6875
305176  , 15.023244 , -19.6133 , 19.340895    , -0.4788141 , 0.6251064 , -0.6164244    ,-15.9375 , -16.8125 , 31.6875
39825437  , 15.023244 , -19.6133 , 19.340895    , -0.4788142 , 0.6251064 , -0.6164245    ,-20.0 , -27.1875 , 18.0
335694  , 19.313654 , -19.6133 , 19.340895    , -0.5740974 , 0.58300424 , -0.57490706    ,-20.0 , -27.1875 , 18.0
38635256  , 19.313654 , -19.6133 , 19.340895    , -0.5740973 , 0.58300424 , -0.57490706    ,-26.3125 , -28.4375 , 0.125
427246  , 19.57244 , -19.6133 , 19.340895    , -0.57922035 , 0.58042955 , -0.5723681    ,-26.3125 , -28.4375 , 0.125
42022706  , 19.57244 , -19.6133 , 19.340895    , -0.5792203 , 0.5804296 , -0.572368    ,-31.125 , -16.5625 , -13.0625
427246  , 18.8097 , -19.6133 , 19.340895    , -0.5639243 , 0.5880166 , -0.57984984    ,-31.125 , -16.5625 , -13.0625
35858156  , 18.8097 , -19.6133 , 19.340895    , -0.5639242 , 0.5880166 , -0.5798497    ,-32.1875 , 1.3125 , -20.6875
457764  , 13.021052 , -19.6133 , 19.381754    , -0.42700422 , 0.6431863 , -0.6355931    ,-32.1875 , 1.3125 , -20.6875
39428712  , 13.021052 , -19.6133 , 19.381754    , -0.42700422 , 0.6431863 , -0.6355931    ,-30.625 , 19.625 , -20.1875
305176  , 13.252599 , -19.6133 , 19.340895    , -0.43354928 , 0.6416352 , -0.63272357    ,-30.625 , 19.625 , -20.1875
27526856  , 13.252599 , -19.6133 , 19.340895    , -0.4335493 , 0.6416352 , -0.6327236    ,-26.5625 , 32.75 , -14.3125
244140  , 4.5628166 , -17.2025 , 19.340895    , -0.1736009 , 0.65450126 , -0.7358605    ,-26.5625 , 32.75 , -14.3125
48675537  , 4.5628166 , -17.2025 , 19.340895    , -0.17360087 , 0.6545012 , -0.73586047    ,-24.0625 , 37.5 , -9.4375
244141  , 4.9850473 , -11.264028 , 19.340895    , -0.21739991 , 0.49122867 , -0.8434639    ,-24.0625 , 37.5 , -9.4375
13427735  , 4.9850473 , -11.264028 , 19.340895    , -0.21739987 , 0.49122864 , -0.843464    ,-22.0 , 39.1875 , -5.0
213623  , 3.214402 , -7.7363577 , 17.815414    , -0.1632765 , 0.3929706 , -0.90493923    ,-22.0 , 39.1875 , -5.0
36285400  , 3.214402 , -7.7363577 , 17.815414    , -0.1632765 , 0.39297062 , -0.9049394    ,-21.5 , 39.4375 , -3.0625
244140  , 0.19068487 , -9.084772 , 16.467001    , -0.010138646 , 0.4830333 , -0.8755431    ,-21.5 , 39.4375 , -3.0625
33294678  , 0.19068487 , -9.084772 , 16.467001    , -0.010138631 , 0.48303342 , -0.8755433    ,-22.0 , 39.1875 , -2.3125
396728  , 0.92618364 , -8.117727 , 10.691973    , -0.06882872 , 0.6032632 , -0.7945665    ,-22.0 , 39.1875 , -2.3125
37872313  , 0.92618364 , -8.117727 , 10.691973    , -0.06882869 , 0.60326326 , -0.7945665    ,-22.25 , 39.0 , -2.8125
488281  , 3.568531 , -7.4639506 , 6.238119    , -0.34440547 , 0.72035956 , -0.60205233    ,-22.25 , 39.0 , -2.8125
40527343  , 3.568531 , -7.4639506 , 6.238119    , -0.3444054 , 0.72035944 , -0.60205215    ,-23.0625 , 38.75 , -3.3125
427246  , 2.7649305 , -8.430995 , 5.6252036    , -0.26318422 , 0.8025173 , -0.53544366    ,-23.0625 , 38.75 , -3.3125
35766601  , 2.7649305 , -8.430995 , 5.6252036    , -0.26318413 , 0.8025173 , -0.53544366    ,-23.5625 , 38.5 , -4.0625
427246  , 2.7921712 , -8.771504 , 4.2904096    , -0.27492988 , 0.86368215 , -0.42245322    ,-23.5625 , 38.5 , -4.0625
38574217  , 2.7921712 , -8.771504 , 4.2904096    , -0.27492982 , 0.8636821 , -0.42245317    ,-23.5625 , 38.25 , -5.25
457763  , 2.6014864 , -8.539958 , 3.990762    , -0.26603347 , 0.87331414 , -0.40810367    ,-23.5625 , 38.25 , -5.25
39825439  , 2.6014864 , -8.539958 , 3.990762    , -0.2660334 , 0.873314 , -0.40810367    ,-23.5625 , 38.25 , -5.75
244141  , 2.4516625 , -8.499097 , 5.09401    , -0.24018112 , 0.8326279 , -0.499043    ,-23.5625 , 38.25 , -5.75
38757326  , 2.4516625 , -8.499097 , 5.09401    , -0.24018109 , 0.8326279 , -0.499043    ,-23.8125 , 38.25 , -6.5
366211  , 2.6832085 , -7.7772183 , 6.2789803    , -0.25926188 , 0.7514647 , -0.6066992    ,-23.8125 , 38.25 , -6.5
40039064  , 2.6832085 , -7.7772183 , 6.2789803    , -0.25926197 , 0.7514647 , -0.6066993    ,-23.8125 , 38.5 , -7.1875
396729  , 2.152015 , -7.7772183 , 7.8589406    , -0.1910513 , 0.6904449 , -0.6977    ,-23.8125 , 38.5 , -7.1875
38665773  , 2.152015 , -7.7772183 , 7.8589406    , -0.1910513 , 0.69044477 , -0.6976999    ,-23.8125 , 38.75 , -6.9375
457764  , 3.0237172 , -7.6546354 , 9.534244    , -0.24006976 , 0.6077441 , -0.75697666    ,-23.8125 , 38.75 , -6.9375
38787843  , 3.0237172 , -7.6546354 , 9.534244    , -0.24006976 , 0.60774416 , -0.7569767    ,-24.0625 , 38.75 , -7.1875
427246  , 6.0882955 , -7.7772183 , 10.651112    , -0.41913697 , 0.53540754 , -0.7332552    ,-24.0625 , 38.75 , -7.1875
38940430  , 6.0882955 , -7.7772183 , 10.651112    , -0.41913688 , 0.5354074 , -0.733255    ,-23.0625 , 39.0 , -7.4375
396728  , 14.9006605 , -10.106298 , 9.234595    , -0.73638994 , 0.49945283 , -0.4563733    ,-23.0625 , 39.0 , -7.4375
39001465  , 14.9006605 , -10.106298 , 9.234595    , -0.73638994 , 0.4994527 , -0.45637318    ,-21.25 , 39.9375 , -8.4375
976562  , 19.531578 , -11.686258 , 10.528529    , -0.7788362 , 0.46599823 , -0.41983292    ,-21.25 , 39.9375 , -8.4375
38360596  , 19.531578 , -11.686258 , 10.528529    , -0.77883625 , 0.4659983 , -0.41983297    ,-20.75 , 40.1875 , -10.125
457763  , 19.57244 , -11.454713 , 10.56939    , -0.7822703 , 0.45782143 , -0.42243692    ,-20.75 , 40.1875 , -10.125
39642334  , 19.57244 , -11.454713 , 10.56939    , -0.78227013 , 0.4578213 , -0.42243686    ,-21.75 , 39.1875 , -12.375
488281  , 18.891422 , -19.082108 , 9.507003    , -0.6632058 , 0.66990006 , -0.33375457    ,-21.75 , 39.1875 , -12.375
38299559  , 18.891422 , -19.082108 , 9.507003    , -0.6632057 , 0.66989994 , -0.33375457    ,-25.8125 , 35.5 , -16.0
488281  , 18.727978 , -18.8097 , 11.917805    , -0.64366204 , 0.6464708 , -0.40960318    ,-25.8125 , 35.5 , -16.0
40374754  , 18.727978 , -18.8097 , 11.917805    , -0.6436619 , 0.6464707 , -0.40960312    ,-30.875 , 27.3125 , -20.875
274658  , 18.850561 , -19.531578 , 14.818938    , -0.6095347 , 0.6315554 , -0.47917175    ,-30.875 , 27.3125 , -20.875
37506103  , 18.850561 , -19.531578 , 14.818938    , -0.6095346 , 0.6315553 , -0.47917163    ,-33.6875 , 15.4375 , -26.3125
366211  , 17.393185 , -19.6133 , 11.304889    , -0.60925496 , 0.687022 , -0.39599183    ,-33.6875 , 15.4375 , -26.3125
39794920  , 17.393185 , -19.6133 , 11.304889    , -0.6092548 , 0.68702185 , -0.39599177    ,-31.9375 , 0.5625 , -30.4375
427246  , 13.633968 , -16.657684 , 7.7363577    , -0.59604955 , 0.72824025 , -0.3382179    ,-31.9375 , 0.5625 , -30.4375
67932132  , 13.633968 , -16.657684 , 7.7363577    , -0.59604955 , 0.72824025 , -0.3382179    ,-24.0625 , -15.0625 , -32.125
244141  , 8.240311 , -11.985906 , 6.851035    , -0.5125216 , 0.7454859 , -0.42611307    ,-24.0625 , -15.0625 , -32.125
2990722  , 8.240311 , -11.985906 , 6.851035    , -0.5125217 , 0.745486 , -0.4261131    ,-13.375 , -27.9375 , -29.9375
244141  , 4.862464 , -9.493382 , 7.014479    , -0.38089174 , 0.74364585 , -0.54946566    ,-13.375 , -27.9375 , -29.9375
36315919  , 4.862464 , -9.493382 , 7.014479    , -0.38089168 , 0.74364567 , -0.54946566    ,-1.1875 , -36.375 , -25.3125
244141  , 3.9090397 , -6.973618 , 7.43671    , -0.35801542 , 0.6386895 , -0.6811025    ,-1.1875 , -36.375 , -25.3125
42785646  , 3.9090397 , -6.973618 , 7.43671    , -0.35801542 , 0.6386895 , -0.6811026    ,11.25 , -40.3125 , -18.4375
244140  , 2.7240696 , -6.428804 , 6.891896    , -0.27766532 , 0.65529007 , -0.7024932    ,11.25 , -40.3125 , -18.4375
35705567  , 2.7240696 , -6.428804 , 6.891896    , -0.27766526 , 0.65529 , -0.7024931    ,21.375 , -39.5625 , -10.125
366211  , 1.2258313 , -7.205164 , 5.5571017    , -0.13351215 , 0.784755 , -0.60525525    ,21.375 , -39.5625 , -10.125
39794923  , 1.2258313 , -7.205164 , 5.5571017    , -0.13351224 , 0.7847551 , -0.60525537    ,30.5 , -35.125 , -1.125
427246  , -1.6480621 , -9.847511 , 2.5606253    , 0.15988821 , 0.95536506 , -0.24842137    ,30.5 , -35.125 , -1.125
38726807  , -1.6480621 , -9.847511 , 2.5606253    , 0.15988822 , 0.9553651 , -0.24842139    ,37.625 , -28.4375 , 6.9375
427246  , -2.9556155 , -12.217452 , -0.95342433    , 0.23446134 , 0.9691789 , 0.07563269    ,37.625 , -28.4375 , 6.9375
39520264  , -2.9556155 , -12.217452 , -0.95342433    , 0.23446137 , 0.969179 , 0.07563269    ,42.4375 , -19.0 , 13.0625
427246  , -4.1814466 , -13.293459 , -2.982856    , 0.29340917 , 0.9327927 , 0.20930491    ,42.4375 , -19.0 , 13.0625
38848877  , -4.1814466 , -13.293459 , -2.982856    , 0.29340926 , 0.93279296 , 0.20930499    ,45.75 , -9.375 , 16.0
396728  , -8.390134 , -16.467001 , -2.5606253    , 0.44968525 , 0.88258034 , 0.1372416    ,45.75 , -9.375 , 16.0
39276122  , -8.390134 , -16.467001 , -2.5606253    , 0.44968522 , 0.8825803 , 0.13724159    ,47.0 , -0.9375 , 15.75
396729  , -8.471856 , -15.173067 , -1.6480621    , 0.48532748 , 0.86922 , 0.09441256    ,47.0 , -0.9375 , 15.75
39367674  , -8.471856 , -15.173067 , -1.6480621    , 0.48532754 , 0.8692201 , 0.094412595    ,47.25 , 5.75 , 14.5625
427246  , -9.847511 , -17.543009 , -0.10896278    , 0.48948237 , 0.8719964 , 0.005416125    ,47.25 , 5.75 , 14.5625
38574217  , -9.847511 , -17.543009 , -0.10896278    , 0.48948234 , 0.8719964 , 0.0054161176    ,47.5 , 8.75 , 12.375
457763  , -9.493382 , -19.422615 , 0.9942854    , 0.43866733 , 0.8974743 , -0.04594364    ,47.5 , 8.75 , 12.375
39428710  , -9.493382 , -19.422615 , 0.9942854    , 0.43866733 , 0.8974743 , -0.04594364    ,47.0 , 8.25 , 11.125
366211  , -8.390134 , -19.6133 , 2.1792557    , 0.39126644 , 0.9146489 , -0.10162766    ,47.0 , 8.25 , 11.125
39031984  , -8.390134 , -19.6133 , 2.1792557    , 0.39126644 , 0.91464883 , -0.10162763    ,46.5 , 3.0625 , 9.1875
457763  , -2.8738933 , -19.6133 , 5.597963    , 0.13952288 , 0.9521939 , -0.271772    ,46.5 , 3.0625 , 9.1875
42266847  , -2.8738933 , -19.6133 , 5.597963    , 0.13952288 , 0.9521941 , -0.27177206    ,43.6875 , -7.0 , 5.625
396728  , 6.891896 , -19.6133 , 16.698545    , -0.25846246 , 0.73554534 , -0.6262351    ,43.6875 , -7.0 , 5.625
36346436  , 6.891896 , -19.6133 , 16.698545    , -0.25846243 , 0.7355452 , -0.626235    ,36.0 , -19.0 , -2.25
396729  , 18.46919 , -19.6133 , 19.340895    , -0.55690163 , 0.5914 , -0.5831862    ,36.0 , -19.0 , -2.25
41473389  , 18.46919 , -19.6133 , 19.340895    , -0.55690163 , 0.59139997 , -0.58318615    ,23.0625 , -28.4375 , -14.5
274658  , 19.57244 , -19.6133 , 19.340895    , -0.5792204 , 0.5804296 , -0.5723681    ,23.0625 , -28.4375 , -14.5
36285401  , 19.57244 , -19.6133 , 19.340895    , -0.5792203 , 0.58042955 , -0.5723681    ,7.3125 , -29.1875 , -26.6875
39947510  , 19.57244 , -19.6133 , 19.340895    , -0.5792205 , 0.5804297 , -0.57236814    ,-6.9375 , -20.75 , -36.75
40405274  , 19.57244 , -19.6133 , 19.340895    , -0.5792204 , 0.5804296 , -0.57236814    ,-17.0625 , -3.625 , -39.1875
518799  , 19.531578 , -16.126492 , 19.340895    , -0.61287576 , 0.50602853 , -0.6068923    ,-17.0625 , -3.625 , -39.1875
40100098  , 19.531578 , -16.126492 , 19.340895    , -0.61287576 , 0.5060286 , -0.60689235    ,-20.125 , 14.4375 , -36.5
2777099  , 19.57244 , -3.759216 , 19.340895    , -0.7047552 , 0.13536006 , -0.6964178    ,-20.125 , 14.4375 , -36.5
34362792  , 19.57244 , -3.759216 , 19.340895    , -0.70475507 , 0.13536003 , -0.69641787    ,-18.5625 , 27.5625 , -32.0625
244141  , 16.017529 , -7.8861814 , 16.43976    , -0.6599803 , 0.3249393 , -0.67737776    ,-18.5625 , 27.5625 , -32.0625
33782958  , 16.017529 , -7.8861814 , 16.43976    , -0.6599803 , 0.32493928 , -0.6773777    ,-16.0625 , 37.0 , -26.9375
64086912  , 14.206022 , -5.284695 , 16.467001    , -0.6347408 , 0.23612604 , -0.7357639    ,-16.0625 , 37.0 , -26.9375
274658  , 14.206022 , -5.284695 , 16.467001    , -0.63474095 , 0.23612607 , -0.7357639    ,-12.25 , 40.1875 , -24.25
244140  , 10.732834 , -2.3018389 , 17.965239    , -0.50979316 , 0.10933381 , -0.85332125    ,-12.25 , 40.1875 , -24.25
4089355  , 10.732834 , -2.3018389 , 17.965239    , -0.50979316 , 0.10933381 , -0.85332125    ,-9.9375 , 41.9375 , -23.0625
244141  , 7.8589406 , -2.9147544 , 13.6748295    , -0.4899797 , 0.18172559 , -0.85258174    ,-9.9375 , 41.9375 , -23.0625
34973144  , 7.8589406 , -2.9147544 , 13.6748295    , -0.48997977 , 0.1817256 , -0.8525818    ,-8.4375 , 42.4375 , -21.8125
244141  , 5.012288 , -4.2904096 , 10.56939    , -0.40228182 , 0.3443445 , -0.84829    ,-8.4375 , 42.4375 , -21.8125
39794924  , 5.012288 , -4.2904096 , 10.56939    , -0.40228182 , 0.34434444 , -0.8482899    ,-7.9375 , 42.1875 , -21.5625
305175  , 2.2609777 , -5.8158884 , 10.460427    , -0.1856274 , 0.4774873 , -0.85880625    ,-7.9375 , 42.1875 , -21.5625
39398195  , 2.2609777 , -5.8158884 , 10.460427    , -0.18562742 , 0.4774874 , -0.8588064    ,-7.6875 , 42.4375 , -21.5625
457764  , 1.7570249 , -7.04172 , 8.894087    , -0.1530583 , 0.6134198 , -0.77478355    ,-7.6875 , 42.4375 , -21.5625
40100098  , 1.7570249 , -7.04172 , 8.894087    , -0.15305828 , 0.6134197 , -0.7747834    ,-6.6875 , 42.1875 , -21.3125
427246  , 1.3075534 , -8.008764 , 7.014479    , -0.12190194 , 0.7466493 , -0.6539532    ,-6.6875 , 42.1875 , -21.3125
39306642  , 1.3075534 , -8.008764 , 7.014479    , -0.12190194 , 0.7466493 , -0.65395314    ,-6.125 , 42.9375 , -21.0625
427246  , 2.1111538 , -7.504812 , 6.5922484    , -0.2067803 , 0.7350706 , -0.6456882    ,-6.125 , 42.9375 , -21.0625
38757325  , 2.1111538 , -7.504812 , 6.5922484    , -0.20678027 , 0.7350706 , -0.6456882    ,-5.125 , 43.4375 , -19.875
457764  , 2.9147544 , -7.8589406 , 6.510526    , -0.27462792 , 0.7404688 , -0.61342126    ,-5.125 , 43.4375 , -19.875
38848877  , 2.9147544 , -7.8589406 , 6.510526    , -0.27462795 , 0.7404688 , -0.61342126    ,-4.375 , 43.9375 , -18.875
427246  , 3.1463003 , -8.267551 , 6.0474343    , -0.29362002 , 0.77154696 , -0.56436044    ,-4.375 , 43.9375 , -18.875
38024902  , 3.1463003 , -8.267551 , 6.0474343    , -0.29361993 , 0.77154684 , -0.5643604    ,-4.875 , 44.1875 , -17.4375
244140  , 3.214402 , -7.7363577 , 5.8567495    , -0.31446555 , 0.7568493 , -0.5729668    ,-4.875 , 44.1875 , -17.4375
41137694  , 3.214402 , -7.7363577 , 5.8567495    , -0.3144654 , 0.75684905 , -0.57296675    ,-4.875 , 44.4375 , -16.6875
305176  , 2.9556155 , -7.6546354 , 5.284695    , -0.30283025 , 0.7842885 , -0.54146606    ,-4.875 , 44.4375 , -16.6875
37689208  , 2.9556155 , -7.6546354 , 5.284695    , -0.3028303 , 0.7842886 , -0.5414661    ,-5.375 , 44.4375 , -16.6875
457764  , 1.920469 , -7.7772183 , 5.175732    , -0.20136245 , 0.8154464 , -0.54267895    ,-5.375 , 44.4375 , -16.6875
40405273  , 1.920469 , -7.7772183 , 5.175732    , -0.20136243 , 0.8154463 , -0.54267883    ,-5.625 , 44.1875 , -16.9375
457763  , 1.607201 , -7.3958488 , 5.5162406    , -0.17161065 , 0.7896998 , -0.5890027    ,-5.625 , 44.1875 , -16.9375
38452148  , 1.607201 , -7.3958488 , 5.5162406    , -0.17161058 , 0.7896996 , -0.5890025    ,-5.625 , 43.9375 , -17.9375
793457  , 2.7240696 , -6.851035 , 6.5922484    , -0.2754327 , 0.6927133 , -0.6665472    ,-5.625 , 43.9375 , -17.9375
42449949  , 2.7240696 , -6.851035 , 6.5922484    , -0.27543274 , 0.6927134 , -0.66654724    ,-6.125 , 43.6875 , -17.4375
427247  , 6.0201936 , -6.973618 , 9.112013    , -0.46460235 , 0.5381819 , -0.70321035    ,-6.125 , 43.6875 , -17.4375
36102295  , 6.0201936 , -6.973618 , 9.112013    , -0.46460235 , 0.5381819 , -0.70321035    ,-6.4375 , 43.6875 , -17.1875
854493  , 11.34575 , -4.140586 , 15.091345    , -0.5869737 , 0.2142137 , -0.78075254    ,-6.4375 , 43.6875 , -17.1875
40710451  , 11.34575 , -4.140586 , 15.091345    , -0.5869737 , 0.2142137 , -0.7807525    ,-8.1875 , 43.4375 , -16.9375
213623  , 12.258313 , -5.134871 , 17.774553    , -0.5523287 , 0.23136435 , -0.8008766    ,-8.1875 , 43.4375 , -16.9375
35980226  , 12.258313 , -5.134871 , 17.774553    , -0.55232877 , 0.23136435 , -0.8008766    ,-10.1875 , 42.6875 , -17.4375
366211  , 11.917805 , -7.5456724 , 17.856276    , -0.5237302 , 0.33159605 , -0.7846975    ,-10.1875 , 42.6875 , -17.4375
39581300  , 11.917805 , -7.5456724 , 17.856276    , -0.52373034 , 0.33159608 , -0.7846976    ,-13.5 , 41.1875 , -19.875
366211  , 11.372991 , -9.193735 , 19.000385    , -0.47433418 , 0.38344374 , -0.7924505    ,-13.5 , 41.1875 , -19.875
39184571  , 11.372991 , -9.193735 , 19.000385    , -0.47433436 , 0.3834439 , -0.7924508    ,-18.5625 , 38.0 , -23.5625
427246  , 9.997335 , -10.310603 , 19.340895    , -0.41500044 , 0.42800444 , -0.8028618    ,-18.5625 , 38.0 , -23.5625
39581299  , 9.997335 , -10.310603 , 19.340895    , -0.41500038 , 0.42800444 , -0.80286175    ,-23.6875 , 32.25 , -27.9375
427246  , 9.656827 , -10.991621 , 19.340895    , -0.39819333 , 0.45323268 , -0.79750985    ,-23.6875 , 32.25 , -27.9375
86547851  , 9.656827 , -10.991621 , 19.340895    , -0.3981934 , 0.4532327 , -0.7975099    ,-29.25 , 23.375 , -30.625
305176  , 9.80665 , -10.56939 , 19.340895    , -0.4065152 , 0.43813306 , -0.8017384    ,-29.25 , 23.375 , -30.625
244141  , 9.80665 , -10.56939 , 19.340895    , -0.40651527 , 0.43813312 , -0.80173856    ,-34.0625 , 11.9375 , -31.375
213623  , 8.812365 , -9.575105 , 19.340895    , -0.3780318 , 0.41075173 , -0.8296835    ,-34.0625 , 11.9375 , -31.375
21820068  , 8.812365 , -9.575105 , 19.340895    , -0.37803188 , 0.4107518 , -0.82968354    ,-36.875 , -0.1875 , -28.6875
213623  , 6.5513873 , -7.9679036 , 18.891422    , -0.30437216 , 0.3701824 , -0.8776803    ,-36.875 , -0.1875 , -28.6875
38085937  , 6.5513873 , -7.9679036 , 18.891422    , -0.3043722 , 0.37018245 , -0.8776803    ,-38.125 , -12.3125 , -21.5625
274658  , 2.4925237 , -5.597963 , 15.595298    , -0.1487542 , 0.3340873 , -0.93072987    ,-38.125 , -12.3125 , -21.5625
39764403  , 2.4925237 , -5.597963 , 15.595298    , -0.14875418 , 0.33408725 , -0.93072975    ,-36.875 , -21.75 , -11.8125
366211  , -1.4982382 , -5.325556 , 11.413852    , 0.118120894 , 0.41986609 , -0.8998666    ,-36.875 , -21.75 , -11.8125
39215087  , -1.4982382 , -5.325556 , 11.413852    , 0.11812091 , 0.41986617 , -0.8998667    ,-34.5625 , -27.4375 , 0.1875
396729  , -3.8273177 , -4.630918 , 7.3141265    , 0.40435636 , 0.4892568 , -0.77273786    ,-34.5625 , -27.4375 , 0.1875
39154051  , -3.8273177 , -4.630918 , 7.3141265    , 0.4043563 , 0.48925668 , -0.77273786    ,-31.5625 , -29.1875 , 12.4375
427246  , -3.568531 , -4.2086873 , 4.6036777    , 0.4965818 , 0.5856633 , -0.6406286    ,-31.5625 , -29.1875 , 12.4375
39978029  , -3.568531 , -4.2086873 , 4.6036777    , 0.49658182 , 0.58566344 , -0.6406286    ,-28.75 , -26.9375 , 22.4375
427246  , -3.8681788 , -4.5900574 , 3.636633    , 0.55115604 , 0.65401256 , -0.5181645    ,-28.75 , -26.9375 , 22.4375
38543702  , -3.8681788 , -4.5900574 , 3.636633    , 0.55115616 , 0.6540128 , -0.51816446    ,-26.9375 , -21.0 , 30.0
427246  , -3.9499009 , -7.5456724 , 1.7978859    , 0.453768 , 0.86685336 , -0.20654267    ,-26.9375 , -21.0 , 30.0
39184572  , -3.9499009 , -7.5456724 , 1.7978859    , 0.453768 , 0.86685336 , -0.20654267    ,-26.4375 , -13.5625 , 34.4375
244140  , -2.8738933 , -11.264028 , -0.7627395    , 0.24668893 , 0.9668804 , 0.06547195    ,-26.4375 , -13.5625 , 34.4375
41748047  , -2.8738933 , -11.264028 , -0.7627395    , 0.24668899 , 0.96688056 , 0.06547197    ,-27.6875 , -5.6875 , 36.75
366211  , -0.38136974 , -17.079916 , -4.1814466    , 0.021682955 , 0.9710871 , 0.23773822    ,-27.6875 , -5.6875 , 36.75
36529542  , -0.38136974 , -17.079916 , -4.1814466    , 0.021682963 , 0.9710871 , 0.23773824    ,-29.1875 , 3.25 , 36.25
366211  , 0.10896278 , -19.6133 , -7.1234417    , -0.0052217394 , 0.9399141 , 0.34137154    ,-29.1875 , 3.25 , 36.25
40374756  , 0.10896278 , -19.6133 , -7.1234417    , -0.005221769 , 0.9399139 , 0.3413715    ,-31.0625 , 10.75 , 33.625
457764  , 2.7649305 , -19.6133 , -6.428804    , -0.13277355 , 0.941842 , 0.30871487    ,-31.0625 , 10.75 , 33.625
37719726  , 2.7649305 , -19.6133 , -6.428804    , -0.13277355 , 0.94184196 , 0.30871487    ,-33.4375 , 14.9375 , 30.25
427246  , 6.238119 , -19.6133 , 0.23154591    , -0.30307525 , 0.9529003 , -0.011249512    ,-33.4375 , 14.9375 , 30.25
38421630  , 6.238119 , -19.6133 , 0.23154591    , -0.3030752 , 0.9529002 , -0.011249512    ,-36.0 , 16.6875 , 25.875
488281  , 7.164303 , -19.6133 , 3.1463003    , -0.3392746 , 0.9288125 , -0.14899701    ,-36.0 , 16.6875 , 25.875
41229247  , 7.164303 , -19.6133 , 3.1463003    , -0.3392746 , 0.92881256 , -0.14899701    ,-38.25 , 16.9375 , 22.1875
213623  , 10.882658 , -19.6133 , 0.42223078    , -0.48509288 , 0.87426 , -0.018820882    ,-38.25 , 16.9375 , 22.1875
37658691  , 10.882658 , -19.6133 , 0.42223078    , -0.48509288 , 0.87425995 , -0.018820882    ,-39.8125 , 15.4375 , 20.9375
335693  , 12.4489975 , -19.6133 , 8.962189    , -0.49997193 , 0.78770196 , -0.35993603    ,-39.8125 , 15.4375 , 20.9375
39764403  , 12.4489975 , -19.6133 , 8.962189    , -0.49997184 , 0.7877018 , -0.35993597    ,-40.5 , 12.0 , 20.375
396729  , 17.502148 , -19.6133 , 19.082108    , -0.5388124 , 0.6038053 , -0.5874523    ,-40.5 , 12.0 , 20.375
38482664  , 17.502148 , -19.6133 , 19.082108    , -0.5388124 , 0.60380536 , -0.58745235    ,-41.9375 , 5.1875 , 17.375
488281  , 12.176591 , -15.363752 , 19.340895    , -0.44216156 , 0.5578951 , -0.70231485    ,-41.9375 , 5.1875 , 17.375
43273925  , 12.176591 , -15.363752 , 19.340895    , -0.44216156 , 0.5578952 , -0.7023148    ,-40.375 , -6.375 , 7.4375
274658  , 1.9885708 , -7.7772183 , 19.340895    , -0.09496234 , 0.3713938 , -0.9236064    ,-40.375 , -6.375 , 7.4375
35247805  , 1.9885708 , -7.7772183 , 19.340895    , -0.09496237 , 0.37139377 , -0.9236063    ,-29.375 , -19.3125 , -5.4375
335693  , -7.1234417 , -9.302697 , 19.313654    , 0.31533828 , 0.4118089 , -0.8549708    ,-29.375 , -19.3125 , -5.4375
40435792  , -7.1234417 , -9.302697 , 19.313654    , 0.31533825 , 0.41180885 , -0.8549708    ,-9.25 , -25.75 , -16.0625
396729  , -13.33432 , -19.6133 , 9.384419    , 0.52279264 , 0.76896983 , -0.3679307    ,-9.25 , -25.75 , -16.0625
79589846  , -13.33432 , -19.6133 , 9.384419    , 0.5227927 , 0.7689699 , -0.36793074    ,11.8125 , -24.3125 , -23.1875
274658  , -19.531578 , -19.6133 , -4.7943625    , 0.6952764 , 0.6981855 , 0.17066756    ,11.8125 , -24.3125 , -23.1875
396728  , -19.531578 , -19.6133 , -4.7943625    , 0.6952764 , 0.6981855 , 0.17066757    ,31.4375 , -15.375 , -21.9375
1312256  , -17.66559 , -19.6133 , -3.8273177    , 0.6623238 , 0.735348 , 0.143495    ,31.4375 , -15.375 , -21.9375
35522462  , -17.66559 , -19.6133 , -3.8273177    , 0.66232383 , 0.7353479 , 0.143495    ,41.0625 , -2.4375 , -17.0
305176  , -10.079058 , -19.6133 , -11.645397    , 0.40417102 , 0.786495 , 0.46698138    ,41.0625 , -2.4375 , -17.0
40069580  , -10.079058 , -19.6133 , -11.645397    , 0.40417102 , 0.78649485 , 0.46698132    ,42.8125 , 7.0 , -14.0625
305176  , 3.173541 , -19.6133 , -10.147159    , -0.14225006 , 0.8791421 , 0.45483392    ,42.8125 , 7.0 , -14.0625
38482666  , 3.173541 , -19.6133 , -10.147159    , -0.14225014 , 0.8791423 , 0.454834    ,43.3125 , 7.5625 , -14.8125
1098633  , 8.962189 , -19.6133 , 9.888372    , -0.3777843 , 0.826762 , -0.41682583    ,43.3125 , 7.5625 , -14.8125
43365478  , 8.962189 , -19.6133 , 9.888372    , -0.37778428 , 0.82676196 , -0.41682586    ,37.75 , 0.875 , -20.1875
427246  , 19.231932 , -19.6133 , 19.340895    , -0.57246536 , 0.58381736 , -0.57570875    ,37.75 , 0.875 , -20.1875
35705566  , 19.231932 , -19.6133 , 19.340895    , -0.5724654 , 0.58381736 , -0.5757088    ,29.0625 , -9.125 , -27.9375
457764  , 19.57244 , -12.5579605 , 19.340895    , -0.64709675 , 0.4151867 , -0.63944155    ,29.0625 , -9.125 , -27.9375
42266844  , 19.57244 , -12.5579605 , 19.340895    , -0.6470968 , 0.41518664 , -0.6394416    ,15.3125 , -19.4375 , -34.6875
213623  , 19.57244 , 16.017529 , 18.659876    , -0.62273496 , -0.5096287 , -0.5937001    ,15.3125 , -19.4375 , -34.6875
34027099  , 19.57244 , 16.017529 , 18.659876    , -0.62273496 , -0.50962865 , -0.5937    ,0.8125 , -24.4375 , -37.875
274658  , 18.8097 , 16.126492 , 14.015338    , -0.66078377 , -0.56652284 , -0.49235803    ,0.8125 , -24.4375 , -37.875
40588377  , 18.8097 , 16.126492 , 14.015338    , -0.6607839 , -0.56652296 , -0.4923582    ,-6.4375 , -25.25 , -39.5625
335693  , 12.067628 , 7.9270425 , 2.1792557    , -0.8264438 , -0.54287845 , -0.14924495    ,-6.4375 , -25.25 , -39.5625
37963869  , 12.067628 , 7.9270425 , 2.1792557    , -0.82644373 , -0.5428784 , -0.14924493    ,-9.9375 , -24.3125 , -40.5
335693  , 7.273266 , 5.8567495 , 6.851035    , -0.6279898 , -0.5056846 , -0.5915335    ,-9.9375 , -24.3125 , -40.5
40740969  , 7.273266 , 5.8567495 , 6.851035    , -0.62798977 , -0.50568473 , -0.5915334    ,-8.4375 , -22.0625 , -42.25
396728  , 9.343558 , 8.962189 , 9.656827    , -0.578488 , -0.5548762 , -0.5978834    ,-8.4375 , -22.0625 , -42.25
38604738  , 9.343558 , 8.962189 , 9.656827    , -0.578488 , -0.5548762 , -0.5978834    ,-5.125 , -18.9375 , -44.75
457763  , 6.4015636 , 7.9679036 , 8.008764    , -0.49300027 , -0.61362803 , -0.6167748    ,-5.125 , -18.9375 , -44.75
38909913  , 6.4015636 , 7.9679036 , 8.008764    , -0.49300042 , -0.6136281 , -0.6167749    ,-4.125 , -16.25 , -45.75
396729  , 2.3699405 , 5.5571017 , 6.8237944    , -0.26003736 , -0.60974276 , -0.74872833    ,-4.125 , -16.25 , -45.75
38513184  , 2.3699405 , 5.5571017 , 6.8237944    , -0.26003736 , -0.60974276 , -0.74872833    ,-4.375 , -13.75 , -46.6875
701904  , 0.38136974 , 5.284695 , 6.3198414    , -0.046243172 , -0.6407981 , -0.7663153    ,-4.375 , -13.75 , -46.6875
39611817  , 0.38136974 , 5.284695 , 6.3198414    , -0.046243176 , -0.64079833 , -0.7663154    ,-5.875 , -12.0 , -47.4375
427246  , 2.1111538 , 3.0645783 , 8.962189    , -0.2175529 , -0.31580263 , -0.92354715    ,-5.875 , -12.0 , -47.4375
38452148  , 2.1111538 , 3.0645783 , 8.962189    , -0.21755292 , -0.3158027 , -0.92354727    ,-7.9375 , -10.75 , -47.4375
518799  , 4.140586 , 5.053149 , 10.460427    , -0.3357362 , -0.40973076 , -0.84817564    ,-7.9375 , -10.75 , -47.4375
39031982  , 4.140586 , 5.053149 , 10.460427    , -0.33573622 , -0.40973067 , -0.84817564    ,-9.125 , -9.4375 , -47.5625
488281  , 4.399372 , 5.175732 , 9.234595    , -0.38375962 , -0.45148188 , -0.8055387    ,-9.125 , -9.4375 , -47.5625
40191649  , 4.399372 , 5.175732 , 9.234595    , -0.38375965 , -0.45148197 , -0.8055388    ,-8.125 , -8.6875 , -47.3125
244141  , 1.920469 , 5.597963 , 7.5865335    , -0.19959363 , -0.58179414 , -0.7884656    ,-8.125 , -8.6875 , -47.3125
40557860  , 1.920469 , 5.597963 , 7.5865335    , -0.19959362 , -0.58179414 , -0.78846544    ,-6.0625 , -7.6875 , -48.3125
274659  , 2.2201166 , 2.7921712 , 9.302697    , -0.22283176 , -0.28024852 , -0.93370605    ,-6.0625 , -7.6875 , -48.3125
37292479  , 2.2201166 , 2.7921712 , 9.302697    , -0.22283171 , -0.28024846 , -0.9337059    ,-3.5625 , -6.9375 , -48.5625
335694  , 1.7978859 , 2.7240696 , 10.95076    , -0.15733922 , -0.23839271 , -0.95833874    ,-3.5625 , -6.9375 , -48.5625
39093016  , 1.7978859 , 2.7240696 , 10.95076    , -0.15733919 , -0.23839271 , -0.9583386    ,-1.75 , -6.9375 , -48.3125
8483888  , 1.6480621 , 3.0237172 , 8.962189    , -0.1716547 , -0.3149367 , -0.933461    ,-1.75 , -6.9375 , -48.3125
1831054  , 1.6480621 , 3.0237172 , 8.962189    , -0.17165473 , -0.31493676 , -0.9334611    ,-1.0 , -7.1875 , -49.0
274658  , 1.6889231 , 3.5276701 , 7.6954966    , -0.19565031 , -0.40865663 , -0.8914711    ,-1.0 , -7.1875 , -49.0
