65368651  , -0.5720546 , 2.0294318 , 9.615966    , 0.058109522 , -0.20615044 , -0.9767934    ,-9.0 , -2.125 , -48.3125
244140  , -0.50395286 , 2.2201166 , 9.615966    , 0.05099815 , -0.22466755 , -0.97309995    ,-9.0 , -2.125 , -48.3125
47180176  , -0.50395286 , 2.2201166 , 9.615966    , 0.050998166 , -0.22466756 , -0.97310007    ,-8.5 , -1.125 , -48.0625
244140  , -0.50395286 , 2.2201166 , 9.697687    , 0.050590947 , -0.22287358 , -0.9735337    ,-8.5 , -1.125 , -48.0625
30273439  , -0.50395286 , 2.2201166 , 9.697687    , 0.050590947 , -0.2228736 , -0.97353375    ,-8.0 , -0.375 , -48.5625
213623  , -0.46309182 , 2.6832085 , 9.575105    , 0.04651977 , -0.26954103 , -0.9618647    ,-8.0 , -0.375 , -48.5625
45379640  , -0.46309182 , 2.6832085 , 9.575105    , 0.046519764 , -0.26954103 , -0.9618647    ,-8.0 , -0.625 , -48.5625
213623  , -0.46309182 , 2.4925237 , 9.507003    , 0.04706593 , -0.2533254 , -0.96623564    ,-8.0 , -0.625 , -48.5625
27587892  , -0.46309182 , 2.4925237 , 9.507003    , 0.04706593 , -0.25332537 , -0.9662355    ,-8.5 , -1.125 , -49.0
213623  , -0.50395286 , 2.1792557 , 9.425281    , 0.052023314 , -0.22496578 , -0.9729769    ,-8.5 , -1.125 , -49.0
31188965  , -0.50395286 , 2.1792557 , 9.425281    , 0.052023344 , -0.22496578 , -0.97297704    ,-8.75 , -1.625 , -48.5625
244140  , -0.53119355 , 2.1111538 , 9.575105    , 0.054096013 , -0.21499693 , -0.9751152    ,-8.75 , -1.625 , -48.5625
30761719  , -0.53119355 , 2.1111538 , 9.575105    , 0.054096 , -0.21499693 , -0.9751152    ,-9.25 , -1.625 , -47.8125
274658  , -0.50395286 , 2.2201166 , 9.697687    , 0.050590947 , -0.22287358 , -0.97353363    ,-9.25 , -1.625 , -47.8125
31066894  , -0.53119355 , 2.3699405 , 9.656827    , 0.053345717 , -0.23800404 , -0.9697982    ,-9.25 , -1.625 , -47.8125
19042969  , -0.53119355 , 2.3699405 , 9.656827    , 0.05334574 , -0.23800403 , -0.96979815    ,-8.75 , -1.375 , -47.3125
244141  , -0.53119355 , 1.9885708 , 9.575105    , 0.054237537 , -0.2030431 , -0.9776665    ,-8.75 , -1.375 , -47.3125
48522949  , -0.53119355 , 1.9885708 , 9.575105    , 0.054237537 , -0.20304312 , -0.9776666    ,-9.0 , -1.125 , -47.5625
305176  , -0.5720546 , 1.9885708 , 9.615966    , 0.058158815 , -0.20217109 , -0.9776219    ,-9.0 , -1.125 , -47.5625
30456542  , -0.5720546 , 1.9885708 , 9.615966    , 0.058158807 , -0.20217106 , -0.9776218    ,-9.0 , -1.125 , -48.0625
244141  , -0.53119355 , 1.9477097 , 9.615966    , 0.05406218 , -0.19822794 , -0.9786639    ,-9.0 , -1.125 , -48.0625
71411131  , -0.53119355 , 1.9477097 , 9.615966    , 0.054062173 , -0.19822788 , -0.97866356    ,-9.0 , -0.875 , -48.5625
25329590  , -0.53119355 , 2.2201166 , 9.615966    , 0.053747058 , -0.2246351 , -0.9729595    ,-9.0 , -0.875 , -48.5625
1922608  , -0.53119355 , 2.2201166 , 9.615966    , 0.053747043 , -0.22463512 , -0.97295964    ,-9.25 , -0.375 , -48.3125
244140  , -0.53119355 , 1.7978859 , 9.765789    , 0.053417943 , -0.18079919 , -0.98206836    ,-9.25 , -0.375 , -48.3125
3936768  , -0.53119355 , 1.7978859 , 9.765789    , 0.053417936 , -0.18079919 , -0.9820683    ,-9.0 , -0.375 , -48.3125
1983642  , -0.38136974 , 1.6889231 , 9.656827    , 0.03887236 , -0.17214897 , -0.9843036    ,-9.0 , -0.375 , -48.3125
28778075  , -0.38136974 , 1.6889231 , 9.656827    , 0.038872354 , -0.172149 , -0.9843035    ,-8.75 , 0.125 , -47.8125
244141  , -0.14982383 , 1.879608 , 9.302697    , 0.01578445 , -0.19802296 , -0.9800702    ,-8.75 , 0.125 , -47.8125
28137206  , -0.14982383 , 1.879608 , 9.302697    , 0.01578445 , -0.19802299 , -0.98007035    ,-8.5 , 0.625 , -47.8125
427247  , 0.92618364 , 2.4925237 , 8.962189    , -0.09907475 , -0.26662764 , -0.9586939    ,-8.5 , 0.625 , -47.8125
32562257  , 0.92618364 , 2.4925237 , 8.962189    , -0.09907476 , -0.26662767 , -0.958694    ,-8.5 , 0.875 , -48.5625
274658  , 2.8330324 , 2.152015 , 8.853226    , -0.2969223 , -0.22554675 , -0.92788213    ,-8.5 , 0.875 , -48.5625
29205323  , 2.8330324 , 2.152015 , 8.853226    , -0.2969224 , -0.22554684 , -0.92788243    ,-9.25 , 1.875 , -48.3125
2166747  , 4.9850473 , 2.4925237 , 8.430995    , -0.49324268 , -0.24662131 , -0.8342    ,-9.25 , 1.875 , -48.3125
26641847  , 4.9850473 , 2.4925237 , 8.430995    , -0.49324274 , -0.24662137 , -0.8342001    ,-9.75 , 2.875 , -48.3125
213623  , 7.8180795 , 2.1792557 , 9.084772    , -0.6417655 , -0.17888933 , -0.7457449    ,-9.75 , 2.875 , -48.3125
28289796  , 7.8180795 , 2.1792557 , 9.084772    , -0.6417656 , -0.1788894 , -0.74574494    ,-11.5625 , 4.0625 , -47.3125
213623  , 9.152874 , 0.38136974 , 9.534244    , -0.6922437 , -0.02884347 , -0.72108716    ,-11.5625 , 4.0625 , -47.3125
30731202  , 9.152874 , 0.38136974 , 9.534244    , -0.6922438 , -0.028843507 , -0.7210872    ,-14.0625 , 6.0625 , -45.625
244141  , 10.378705 , -0.3405087 , 10.651112    , -0.697706 , 0.02289062 , -0.7160184    ,-14.0625 , 6.0625 , -45.625
25543213  , 10.378705 , -0.3405087 , 10.651112    , -0.697706 , 0.022890627 , -0.7160185    ,-16.625 , 8.0625 , -44.375
213623  , 11.114203 , 0.040861044 , 10.95076    , -0.71232253 , -0.0026188344 , -0.7018473    ,-16.625 , 8.0625 , -44.375
27984619  , 11.114203 , 0.040861044 , 10.95076    , -0.71232265 , -0.0026188344 , -0.70184743    ,-19.9375 , 10.0625 , -42.4375
244141  , 11.264028 , 0.23154591 , 11.073342    , -0.7130403 , -0.014657393 , -0.7009695    ,-19.9375 , 10.0625 , -42.4375
24078369  , 11.264028 , 0.23154591 , 11.073342    , -0.7130405 , -0.014657423 , -0.7009697    ,-22.4375 , 11.75 , -40.9375
2441406  , 9.084772 , 2.0294318 , 12.408136    , -0.58567137 , -0.13083217 , -0.79991996    ,-22.4375 , 11.75 , -40.9375
18890381  , 9.084772 , 2.0294318 , 12.408136    , -0.5856714 , -0.13083215 , -0.79992    ,-24.5 , 11.75 , -40.25
213623  , 5.597963 , 2.9556155 , 11.876944    , -0.41593868 , -0.21960753 , -0.8824782    ,-24.5 , 11.75 , -40.25
49163818  , 5.597963 , 2.9556155 , 11.876944    , -0.4159386 , -0.21960749 , -0.882478    ,-26.0 , 10.75 , -39.25
396728  , 3.173541 , 1.1441092 , 11.114203    , -0.2732302 , -0.09850359 , -0.95689195    ,-26.0 , 10.75 , -39.25
23620605  , 3.173541 , 1.1441092 , 11.114203    , -0.2732302 , -0.09850358 , -0.95689195    ,-26.5 , 7.5625 , -39.75
213623  , 1.0760075 , -1.920469 , 11.645397    , -0.090789795 , 0.16204253 , -0.9825983    ,-26.5 , 7.5625 , -39.75
54138182  , 1.0760075 , -1.920469 , 11.645397    , -0.090789795 , 0.16204253 , -0.98259836    ,-26.0 , 2.875 , -40.0
274658  , -0.6946377 , -3.3642259 , 11.495573    , 0.057896785 , 0.28040206 , -0.95813495    ,-26.0 , 2.875 , -40.0
18371582  , -0.6946377 , -3.3642259 , 11.495573    , 0.057896785 , 0.28040212 , -0.9581351    ,-23.25 , -3.125 , -41.1875
244141  , -1.56634 , -4.2086873 , 8.117727    , 0.16884002 , 0.45366582 , -0.8750318    ,-23.25 , -3.125 , -41.1875
26184081  , -1.56634 , -4.2086873 , 8.117727    , 0.16883999 , 0.45366573 , -0.87503165    ,-18.625 , -8.8125 , -42.4375
244141  , -2.1111538 , -4.372132 , 3.8681788    , 0.3400873 , 0.70430976 , -0.62312764    ,-18.625 , -8.8125 , -42.4375
25939941  , -2.1111538 , -4.372132 , 3.8681788    , 0.34008732 , 0.7043099 , -0.6231278    ,-12.8125 , -14.25 , -43.125
213623  , -2.3699405 , -5.6660647 , 2.4108016    , 0.35919377 , 0.85876226 , -0.36538678    ,-12.8125 , -14.25 , -43.125
26214598  , -2.3699405 , -5.6660647 , 2.4108016    , 0.3591938 , 0.8587622 , -0.3653868    ,-5.9375 , -17.5 , -44.125
213623  , -0.61291564 , -8.267551 , -1.7297841    , 0.072373554 , 0.97623897 , 0.20425427    ,-5.9375 , -17.5 , -44.125
28106690  , -0.61291564 , -8.267551 , -1.7297841    , 0.072373554 , 0.9762388 , 0.20425425    ,0.125 , -17.75 , -44.625
213623  , 1.1441092 , -15.091345 , 1.1441092    , -0.07538028 , 0.9943017 , -0.075380266    ,0.125 , -17.75 , -44.625
68603519  , 1.1441092 , -15.091345 , 1.1441092    , -0.075380266 , 0.9943016 , -0.07538027    ,4.4375 , -15.25 , -46.0625
244141  , -4.630918 , -19.6133 , 8.499097    , 0.21173322 , 0.8967525 , -0.38859272    ,4.4375 , -15.25 , -46.0625
213624  , -4.630918 , -19.6133 , 8.499097    , 0.21173319 , 0.8967524 , -0.38859275    ,6.75 , -9.5625 , -47.0625
244140  , -3.214402 , -19.6133 , 16.249075    , 0.1252109 , 0.7639988 , -0.63295174    ,6.75 , -9.5625 , -47.0625
18798829  , -3.214402 , -19.6133 , 16.249075    , 0.12521093 , 0.76399887 , -0.6329518    ,7.0 , -2.375 , -48.0625
274659  , 7.164303 , -19.6133 , 17.62473    , -0.26219136 , 0.71778625 , -0.64501065    ,7.0 , -2.375 , -48.0625
29235841  , 7.164303 , -19.6133 , 17.62473    , -0.26219133 , 0.7177862 , -0.6450106    ,5.9375 , 4.3125 , -48.0625
274658  , 17.24336 , -19.6133 , 19.340895    , -0.5306063 , 0.60353327 , -0.5951509    ,5.9375 , 4.3125 , -48.0625
29449464  , 17.24336 , -19.6133 , 19.340895    , -0.5306064 , 0.60353327 , -0.5951509    ,4.9375 , 9.5625 , -47.5625
244140  , 19.57244 , -19.6133 , 19.381754    , -0.5788194 , 0.58002776 , -0.5731802    ,4.9375 , 9.5625 , -47.5625
30975342  , 19.57244 , -19.6133 , 19.381754    , -0.5788194 , 0.5800279 , -0.57318026    ,5.4375 , 14.5 , -47.5625
396728  , 19.57244 , -19.6133 , 19.313654    , -0.5794876 , 0.5806974 , -0.5718257    ,5.4375 , 14.5 , -47.5625
38757325  , 19.57244 , -19.6133 , 19.313654    , -0.5794876 , 0.5806975 , -0.57182574    ,6.75 , 16.5 , -47.5625
396729  , 19.57244 , -15.622539 , 13.184497    , -0.6915689 , 0.55200386 , -0.46585852    ,6.75 , 16.5 , -47.5625
38848877  , 19.57244 , -15.622539 , 13.184497    , -0.69156885 , 0.55200386 , -0.4658585    ,6.1875 , 15.75 , -49.0
427246  , 19.57244 , -7.014479 , 11.223166    , -0.82838726 , 0.29688203 , -0.4750112    ,6.1875 , 15.75 , -49.0
39123534  , 19.57244 , -7.014479 , 11.223166    , -0.82838714 , 0.29688194 , -0.4750111    ,3.4375 , 10.75 , -49.5
488281  , 19.57244 , -0.88532263 , 1.5390993    , -0.99591017 , 0.045048133 , -0.078314446    ,3.4375 , 10.75 , -49.5
39123534  , 19.57244 , -0.88532263 , 1.5390993    , -0.99591035 , 0.04504814 , -0.07831446    ,-2.4375 , 2.875 , -49.25
488282  , 19.57244 , -14.396708 , -2.3699405    , -0.8017438 , 0.58973086 , 0.09707963    ,-2.4375 , 2.875 , -49.25
39031981  , 19.57244 , -14.396708 , -2.3699405    , -0.8017438 , 0.5897309 , 0.09707963    ,-10.25 , -2.875 , -48.3125
793457  , 19.57244 , -17.692831 , -4.5628166    , -0.73097885 , 0.6607805 , 0.17040914    ,-10.25 , -2.875 , -48.3125
38574218  , 19.57244 , -17.692831 , -4.5628166    , -0.73097867 , 0.66078025 , 0.17040908    ,-16.125 , -4.8125 , -46.8125
488281  , 19.531578 , -17.2025 , 3.9499009    , -0.7419377 , 0.653464 , -0.15004317    ,-16.125 , -4.8125 , -46.8125
39031980  , 19.531578 , -17.2025 , 3.9499009    , -0.74193764 , 0.65346396 , -0.15004317    ,-18.375 , -1.375 , -46.5625
488281  , 15.173067 , -12.598822 , 0.92618364    , -0.76850533 , 0.6381216 , -0.04691056    ,-18.375 , -1.375 , -46.5625
39581298  , 15.173067 , -12.598822 , 0.92618364    , -0.7685051 , 0.6381214 , -0.046910558    ,-19.1875 , 5.0625 , -46.0625
488281  , 10.800936 , -14.437569 , 5.829509    , -0.56998277 , 0.76189375 , -0.30763254    ,-19.1875 , 5.0625 , -46.0625
38848878  , 10.800936 , -14.437569 , 5.829509    , -0.5699826 , 0.7618936 , -0.3076325    ,-19.6875 , 11.75 , -44.625
1068115  , 8.853226 , -19.6133 , 13.021052    , -0.35199285 , 0.7797996 , -0.51770025    ,-19.6875 , 11.75 , -44.625
38238527  , 8.853226 , -19.6133 , 13.021052    , -0.3519929 , 0.7797997 , -0.5177004    ,-22.1875 , 16.0 , -40.6875
396729  , 10.991621 , -19.6133 , 18.619015    , -0.3765303 , 0.6718755 , -0.6378152    ,-22.1875 , 16.0 , -40.6875
39306642  , 10.991621 , -19.6133 , 18.619015    , -0.3765302 , 0.6718756 , -0.6378152    ,-25.75 , 15.0 , -37.3125
396728  , 7.4639506 , -19.6133 , 19.381754    , -0.2612834 , 0.6865841 , -0.67847866    ,-25.75 , 15.0 , -37.3125
28930664  , 7.4639506 , -19.6133 , 19.381754    , -0.26128346 , 0.68658423 , -0.67847866    ,-27.3125 , 10.0625 , -36.3125
396728  , 2.6423476 , -19.6133 , 18.305748    , -0.098015204 , 0.7275351 , -0.6790328    ,-27.3125 , 10.0625 , -36.3125
38116456  , 2.6423476 , -19.6133 , 18.305748    , -0.09801519 , 0.72753525 , -0.6790329    ,-24.75 , 1.875 , -38.0
274658  , 0.7218784 , -19.6133 , 13.293459    , -0.030452803 , 0.82739687 , -0.56079125    ,-24.75 , 1.875 , -38.0
29754638  , 0.7218784 , -19.6133 , 13.293459    , -0.030452803 , 0.82739687 , -0.5607912    ,-17.625 , -6.0625 , -41.6875
244140  , -2.4516625 , -19.6133 , 11.372991    , 0.107508674 , 0.86006945 , -0.49872085    ,-17.625 , -6.0625 , -41.6875
29449463  , -2.4516625 , -19.6133 , 11.372991    , 0.10750866 , 0.8600694 , -0.49872082    ,-7.75 , -11.25 , -44.125
244140  , -5.134871 , -18.428331 , 5.829509    , 0.2567585 , 0.92147017 , -0.2914924    ,-7.75 , -11.25 , -44.125
47637939  , -5.134871 , -18.428331 , 5.829509    , 0.25675848 , 0.9214701 , -0.29149234    ,2.9375 , -14.25 , -44.125
244140  , -6.469665 , -19.000385 , 3.445948    , 0.3176807 , 0.9329781 , -0.16920677    ,2.9375 , -14.25 , -44.125
11413574  , -6.469665 , -19.000385 , 3.445948    , 0.31768072 , 0.9329781 , -0.16920677    ,12.3125 , -15.5 , -42.4375
244141  , -9.343558 , -19.531578 , 3.0237172    , 0.4273969 , 0.8934215 , -0.13831209    ,12.3125 , -15.5 , -42.4375
39581298  , -9.343558 , -19.531578 , 3.0237172    , 0.4273969 , 0.8934215 , -0.1383121    ,19.4375 , -15.75 , -40.25
244141  , -12.598822 , -17.461287 , 4.7535014    , 0.5713634 , 0.7918788 , -0.2155739    ,19.4375 , -15.75 , -40.25
41839598  , -12.598822 , -17.461287 , 4.7535014    , 0.5713633 , 0.79187864 , -0.21557385    ,24.75 , -15.5 , -38.0
427246  , -7.43671 , -9.425281 , 5.6252036    , 0.56090826 , 0.7108947 , -0.4242767    ,24.75 , -15.5 , -38.0
42968749  , -7.43671 , -9.425281 , 5.6252036    , 0.5609083 , 0.7108947 , -0.42427677    ,28.0625 , -14.75 , -36.3125
396729  , -5.202973 , -7.205164 , 3.990762    , 0.5340626 , 0.73957884 , -0.4096344    ,28.0625 , -14.75 , -36.3125
26672362  , -5.202973 , -7.205164 , 3.990762    , 0.53406256 , 0.73957884 , -0.40963432    ,30.3125 , -15.0 , -34.625
2502441  , -2.7240696 , -10.882658 , 5.5162406    , 0.2179035 , 0.8705244 , -0.4412545    ,30.3125 , -15.0 , -34.625
35461426  , -2.7240696 , -10.882658 , 5.5162406    , 0.21790347 , 0.8705244 , -0.44125447    ,32.875 , -14.75 , -33.625
244141  , -1.3756552 , -17.393185 , 7.7772183    , 0.07201493 , 0.9105252 , -0.40713382    ,32.875 , -14.75 , -33.625
26123048  , -1.3756552 , -17.393185 , 7.7772183    , 0.07201491 , 0.9105252 , -0.40713382    ,34.125 , -12.75 , -33.125
854492  , -3.2961242 , -19.6133 , 8.117727    , 0.15344198 , 0.91304326 , -0.37789845    ,34.125 , -12.75 , -33.125
37231447  , -3.2961242 , -19.6133 , 8.117727    , 0.15344197 , 0.91304326 , -0.3778985    ,34.875 , -10.0625 , -33.625
244141  , -3.405087 , -19.6133 , 5.243834    , 0.16540973 , 0.95276 , -0.25473097    ,34.875 , -10.0625 , -33.625
41137697  , -3.405087 , -19.6133 , 5.243834    , 0.16540979 , 0.95276016 , -0.254731    ,34.125 , -5.0625 , -36.0625
244141  , -2.1111538 , -19.6133 , 5.7477865    , 0.102747984 , 0.95456195 , -0.27973968    ,34.125 , -5.0625 , -36.0625
42419434  , -2.1111538 , -19.6133 , 5.7477865    , 0.102748 , 0.95456195 , -0.2797397    ,31.0625 , -0.375 , -38.5
244141  , 8.539958 , -19.6133 , 16.780268    , -0.3141071 , 0.7213942 , -0.6171928    ,31.0625 , -0.375 , -38.5
34515382  , 8.539958 , -19.6133 , 16.780268    , -0.31410715 , 0.7213943 , -0.61719286    ,27.3125 , 5.0625 , -40.6875
274658  , 19.15021 , -19.6133 , 19.381754    , -0.5704259 , 0.58421993 , -0.57732284    ,27.3125 , 5.0625 , -40.6875
18798828  , 19.15021 , -19.6133 , 19.381754    , -0.57042587 , 0.5842199 , -0.5773228    ,22.6875 , 11.75 , -41.9375
274658  , 19.57244 , -19.6133 , 19.340895    , -0.57922035 , 0.58042955 , -0.5723681    ,22.6875 , 11.75 , -41.9375
12237548  , 19.57244 , -19.6133 , 19.340895    , -0.57922035 , 0.58042955 , -0.5723681    ,20.4375 , 16.25 , -41.9375
244140  , 19.57244 , -19.6133 , 19.109348    , -0.58149177 , 0.5827057 , -0.56773347    ,20.4375 , 16.25 , -41.9375
29663086  , 19.57244 , -19.6133 , 19.109348    , -0.5814918 , 0.5827058 , -0.56773347    ,18.9375 , 18.6875 , -43.375
244140  , 19.57244 , -19.57244 , 17.352324    , -0.5991134 , 0.59911335 , -0.5311555    ,18.9375 , 18.6875 , -43.375
38574218  , 19.57244 , -19.57244 , 17.352324    , -0.5991134 , 0.59911335 , -0.5311555    ,15.125 , 16.0 , -46.0625
244141  , 19.57244 , -19.463476 , 19.15021    , -0.5825961 , 0.57935274 , -0.57002795    ,15.125 , 16.0 , -46.0625
29144287  , 19.57244 , -19.463476 , 19.15021    , -0.58259624 , 0.57935286 , -0.57002807    ,9.25 , 10.3125 , -48.5625
274659  , 19.57244 , -13.375181 , 9.507003    , -0.7663049 , 0.52366835 , -0.37222046    ,9.25 , 10.3125 , -48.5625
33386230  , 19.57244 , -13.375181 , 9.507003    , -0.7663049 , 0.52366835 , -0.37222046    ,-0.125 , 4.5625 , -50.0
213623  , 19.57244 , -16.548723 , 3.7864566    , -0.75542915 , 0.638724 , -0.14614426    ,-0.125 , 4.5625 , -50.0
35980224  , 19.57244 , -16.548723 , 3.7864566    , -0.75542927 , 0.63872415 , -0.14614429    ,-9.5 , 1.375 , -49.25
213623  , 19.57244 , -18.237646 , 2.8738933    , -0.72742844 , 0.67781955 , -0.106810994    ,-9.5 , 1.375 , -49.25
29296874  , 19.57244 , -18.237646 , 2.8738933    , -0.7274284 , 0.6778195 , -0.10681097    ,-16.375 , 1.375 , -47.3125
274658  , 19.57244 , -15.745122 , -1.9885708    , -0.7767432 , 0.62485397 , 0.07891754    ,-16.375 , 1.375 , -47.3125
39581297  , 19.57244 , -15.745122 , -1.9885708    , -0.776743 , 0.62485385 , 0.0789175    ,-19.6875 , 2.375 , -46.0625
213623  , 19.57244 , -13.633968 , -8.499097    , -0.77294433 , 0.5384254 , 0.33564177    ,-19.6875 , 2.375 , -46.0625
29327391  , 19.57244 , -13.633968 , -8.499097    , -0.77294445 , 0.53842545 , 0.33564183    ,-21.9375 , 4.3125 , -44.875
244140  , 19.57244 , -12.871228 , -7.273266    , -0.79794556 , 0.52474505 , 0.2965226    ,-21.9375 , 4.3125 , -44.875
1953125  , 19.57244 , -12.871228 , -7.273266    , -0.7979455 , 0.5247449 , 0.29652256    ,-24.5 , 4.8125 , -42.9375
274658  , 18.578154 , -19.6133 , 14.206022    , -0.608665 , 0.64257884 , -0.46542346    ,-24.5 , 4.8125 , -42.9375
32928469  , 18.578154 , -19.6133 , 14.206022    , -0.6086651 , 0.6425791 , -0.46542352    ,-26.5 , 3.8125 , -40.6875
244140  , 5.134871 , -19.000385 , 18.578154    , -0.18972176 , 0.70202076 , -0.68642026    ,-26.5 , 3.8125 , -40.6875
39550782  , 5.134871 , -19.000385 , 18.578154    , -0.1897217 , 0.70202076 , -0.68642026    ,-26.25 , 0.375 , -40.25
274658  , -3.1463003 , -19.6133 , 19.340895    , 0.11348425 , 0.70743424 , -0.6976088    ,-26.25 , 0.375 , -40.25
40039063  , -3.1463003 , -19.6133 , 19.340895    , 0.11348428 , 0.7074343 , -0.6976087    ,-21.6875 , -4.5625 , -40.9375
427247  , -18.34661 , -19.041246 , 16.86199    , 0.585019 , 0.6071689 , -0.53767896    ,-21.6875 , -4.5625 , -40.9375
39337159  , -18.34661 , -19.041246 , 16.86199    , 0.5850191 , 0.60716903 , -0.5376791    ,-14.5625 , -8.8125 , -42.9375
488281  , -17.733692 , -11.223166 , 6.2108784    , 0.8102576 , 0.5127897 , -0.28377685    ,-14.5625 , -8.8125 , -42.9375
39794922  , -17.733692 , -11.223166 , 6.2108784    , 0.81025755 , 0.5127897 , -0.28377682    ,-7.0 , -13.0 , -44.875
518798  , -12.762266 , -2.070293 , 3.9090397    , 0.9448551 , 0.15327425 , -0.28940594    ,-7.0 , -13.0 , -44.875
37445068  , -12.762266 , -2.070293 , 3.9090397    , 0.9448551 , 0.15327424 , -0.28940594    ,-2.6875 , -15.25 , -45.125
1831054  , -8.580819 , 4.6036777 , 3.8273177    , 0.82011706 , -0.4399993 , -0.36579826    ,-2.6875 , -15.25 , -45.125
34759521  , -8.580819 , 4.6036777 , 3.8273177    , 0.82011724 , -0.43999937 , -0.36579832    ,-1.375 , -16.75 , -44.625
244140  , -7.246025 , 2.7921712 , 6.891896    , 0.69789773 , -0.26892674 , -0.66378987    ,-1.375 , -16.75 , -44.625
39703368  , -7.246025 , 2.7921712 , 6.891896    , 0.69789773 , -0.2689267 , -0.66379    ,-1.625 , -17.9375 , -44.625
305176  , -7.205164 , 2.2609777 , 7.668256    , 0.6694777 , -0.21008185 , -0.7125065    ,-1.625 , -17.9375 , -44.625
39825438  , -7.205164 , 2.2609777 , 7.668256    , 0.66947764 , -0.21008179 , -0.71250635    ,-3.1875 , -18.4375 , -44.625
732421  , -5.7886477 , 4.9850473 , 7.504812    , 0.5405436 , -0.46550345 , -0.7007989    ,-3.1875 , -18.4375 , -44.625
39154051  , -5.7886477 , 4.9850473 , 7.504812    , 0.5405437 , -0.46550345 , -0.7007989    ,-4.6875 , -18.4375 , -44.375
488281  , -4.440233 , 5.5571017 , 9.997335    , 0.3618882 , -0.45291525 , -0.8148035    ,-4.6875 , -18.4375 , -44.375
38879393  , -4.440233 , 5.5571017 , 9.997335    , 0.3618881 , -0.45291525 , -0.8148034    ,-6.1875 , -17.25 , -44.625
488281  , -3.6774938 , 4.7126403 , 8.894087    , 0.3431703 , -0.43976635 , -0.8299637    ,-6.1875 , -17.25 , -44.625
38818361  , -3.6774938 , 4.7126403 , 8.894087    , 0.34317023 , -0.4397663 , -0.8299636    ,-7.0 , -17.0 , -44.875
518799  , -3.486809 , 4.630918 , 8.689782    , 0.33379883 , -0.44332653 , -0.83188933    ,-7.0 , -17.0 , -44.875
42175294  , -3.486809 , 4.630918 , 8.689782    , 0.33379883 , -0.44332653 , -0.8318893    ,-7.25 , -16.25 , -44.875
488281  , -3.9771416 , 3.336985 , 7.7363577    , 0.4268746 , -0.35816535 , -0.83035886    ,-7.25 , -16.25 , -44.875
35156252  , -3.9771416 , 3.336985 , 7.7363577    , 0.42687464 , -0.35816532 , -0.8303589    ,-7.0 , -15.5 , -45.625
244141  , -3.3642259 , 3.759216 , 8.158588    , 0.3507214 , -0.39189923 , -0.8505349    ,-7.0 , -15.5 , -45.625
39489748  , -3.3642259 , 3.759216 , 8.158588    , 0.35072133 , -0.39189917 , -0.8505348    ,-6.1875 , -15.5 , -45.8125
213623  , -1.9885708 , 3.5957718 , 9.466142    , 0.19270054 , -0.3484448 , -0.9173073    ,-6.1875 , -15.5 , -45.8125
