59448242  , 0.95342433 , 5.938472 , 7.6273947    , -0.09815477 , -0.6113642 , -0.7852384    ,-18.0625 , -18.3125 , -40.6875
213623  , 0.9942854 , 6.238119 , 7.9270425    , -0.09809336 , -0.6154352 , -0.78205955    ,-18.0625 , -18.3125 , -40.6875
54595947  , 0.9942854 , 6.238119 , 7.9270425    , -0.098093376 , -0.61543524 , -0.78205967    ,-18.3125 , -17.625 , -40.4375
244141  , 1.2258313 , 7.082581 , 9.112013    , -0.10562235 , -0.6102625 , -0.7851262    ,-18.3125 , -17.625 , -40.4375
30914306  , 1.2258313 , 7.082581 , 9.112013    , -0.105622366 , -0.61026263 , -0.7851264    ,-17.5625 , -17.125 , -40.6875
6927490  , 1.0760075 , 8.117727 , 11.073342    , -0.078128844 , -0.5894275 , -0.80403435    ,-17.5625 , -17.125 , -40.6875
47515868  , 1.0760075 , 8.117727 , 11.073342    , -0.0781288 , -0.5894274 , -0.80403423    ,-17.0625 , -16.625 , -41.4375
244141  , 1.6889231 , 9.615966 , 12.067628    , -0.108805105 , -0.61948705 , -0.77742994    ,-17.0625 , -16.625 , -41.4375
40374755  , 1.6889231 , 9.615966 , 12.067628    , -0.10880509 , -0.61948705 , -0.7774298    ,-17.0625 , -16.375 , -40.9375
4058837  , 2.9556155 , 11.836082 , 13.184497    , -0.1645416 , -0.6589248 , -0.7339921    ,-17.0625 , -16.375 , -40.9375
39489744  , 2.9556155 , 11.836082 , 13.184497    , -0.1645416 , -0.65892464 , -0.733992    ,-16.3125 , -17.125 , -40.9375
305176  , 2.5333846 , 11.413852 , 14.015338    , -0.13880283 , -0.62535906 , -0.7678931    ,-16.3125 , -17.125 , -40.9375
35736086  , 2.5333846 , 11.413852 , 14.015338    , -0.13880283 , -0.62535906 , -0.76789314    ,-16.0625 , -18.8125 , -40.9375
244140  , 1.4165162 , 10.310603 , 14.137921    , -0.080687866 , -0.58731455 , -0.805327    ,-16.0625 , -18.8125 , -40.9375
38421632  , 1.4165162 , 10.310603 , 14.137921    , -0.080687836 , -0.5873144 , -0.8053268    ,-15.0625 , -21.0625 , -39.5
213623  , 1.2258313 , 10.147159 , 14.1787815    , -0.07013282 , -0.580544 , -0.81120306    ,-15.0625 , -21.0625 , -39.5
39367677  , 1.2258313 , 10.147159 , 14.1787815    , -0.07013281 , -0.58054394 , -0.811203    ,-13.25 , -24.3125 , -37.5
244141  , 1.0760075 , 10.691973 , 14.560152    , -0.05946026 , -0.59083927 , -0.8045952    ,-13.25 , -24.3125 , -37.5
31372071  , 1.0760075 , 10.691973 , 14.560152    , -0.059460275 , -0.5908392 , -0.80459505    ,-11.5 , -27.75 , -34.8125
6561279  , 0.46309182 , 10.691973 , 16.017529    , -0.024039492 , -0.55502915 , -0.8314832    ,-11.5 , -27.75 , -34.8125
19836426  , 0.46309182 , 10.691973 , 16.017529    , -0.024039462 , -0.5550293 , -0.83148336    ,-9.1875 , -32.0 , -30.1875
274658  , -0.53119355 , 10.61025 , 15.322891    , 0.028489262 , -0.56905496 , -0.8218061    ,-9.1875 , -32.0 , -30.1875
24475098  , -0.53119355 , 10.61025 , 15.322891    , 0.028489292 , -0.56905496 , -0.82180595    ,-7.4375 , -36.9375 , -24.5625
244141  , -1.6480621 , 9.425281 , 12.571581    , 0.104316756 , -0.5965885 , -0.7957387    ,-7.4375 , -36.9375 , -24.5625
46264649  , -1.6480621 , 9.425281 , 12.571581    , 0.104316786 , -0.59658855 , -0.79573876    ,-5.625 , -41.125 , -17.5
244141  , -2.070293 , 6.510526 , 10.18802    , 0.1687752 , -0.53075343 , -0.83055145    ,-5.625 , -41.125 , -17.5
15075684  , -2.070293 , 6.510526 , 10.18802    , 0.1687752 , -0.53075343 , -0.83055145    ,-3.375 , -44.875 , -9.1875
7019042  , -1.6480621 , 3.9499009 , 8.962189    , 0.16593957 , -0.39770645 , -0.90238214    ,-3.375 , -44.875 , -9.1875
26672363  , -1.6480621 , 3.9499009 , 8.962189    , 0.16593961 , -0.3977065 , -0.90238225    ,-0.8125 , -46.125 , -0.125
244141  , -0.7627395 , 1.607201 , 7.504812    , 0.09889286 , -0.20838137 , -0.97303516    ,-0.8125 , -46.125 , -0.125
99029539  , -0.7627395 , 1.607201 , 7.504812    , 0.098892845 , -0.20838135 , -0.973035    ,1.6875 , -45.375 , 9.1875
1129150  , -0.46309182 , -1.56634 , 5.012288    , 0.08784473 , 0.2971219 , -0.95079017    ,1.6875 , -45.375 , 9.1875
6439209  , -0.46309182 , -1.56634 , 5.012288    , 0.087844744 , 0.2971219 , -0.95079017    ,5.0 , -42.625 , 18.6875
366211  , -0.50395286 , -4.099725 , 1.7297841    , 0.112535864 , 0.9154945 , -0.38627172    ,5.0 , -42.625 , 18.6875
26245116  , -0.50395286 , -4.099725 , 1.7297841    , 0.11253587 , 0.91549444 , -0.38627174    ,7.8125 , -37.4375 , 27.25
244141  , -0.23154591 , -4.4810944 , -0.19068487    , 0.05155637 , 0.99776745 , 0.042458188    ,7.8125 , -37.4375 , 27.25
29479979  , -0.23154591 , -4.4810944 , -0.19068487    , 0.05155636 , 0.9977671 , 0.042458173    ,10.0625 , -31.0 , 34.375
274658  , -0.5720546 , -5.6660647 , -2.7240696    , 0.09061746 , 0.8975444 , 0.4315117    ,10.0625 , -31.0 , 34.375
28411864  , -0.5720546 , -5.6660647 , -2.7240696    , 0.09061748 , 0.8975445 , 0.43151176    ,11.625 , -22.3125 , 40.25
335693  , -0.95342433 , -6.2789803 , -4.1814466    , 0.12538643 , 0.8257592 , 0.549909    ,11.625 , -22.3125 , 40.25
54840090  , -0.95342433 , -6.2789803 , -4.1814466    , 0.12538643 , 0.8257593 , 0.5499091    ,12.125 , -13.125 , 43.125
213623  , -1.879608 , -9.152874 , -5.47538    , 0.17355648 , 0.84514457 , 0.50557756    ,12.125 , -13.125 , 43.125
30853272  , -1.879608 , -9.152874 , -5.47538    , 0.1735565 , 0.84514475 , 0.5055777    ,12.125 , -3.6875 , 44.375
274658  , -2.2201166 , -12.367276 , -6.4015636    , 0.15743592 , 0.87700516 , 0.4539564    ,12.125 , -3.6875 , 44.375
25238039  , -2.2201166 , -12.367276 , -6.4015636    , 0.15743583 , 0.87700474 , 0.4539562    ,12.125 , 5.1875 , 43.875
213624  , -1.7978859 , -15.132206 , -7.3958488    , 0.10614166 , 0.8933589 , 0.4366282    ,12.125 , 5.1875 , 43.875
42785645  , -1.7978859 , -15.132206 , -7.3958488    , 0.10614166 , 0.8933588 , 0.43662816    ,12.375 , 12.875 , 42.1875
274658  , -2.1383946 , -19.340895 , -9.152874    , 0.09944214 , 0.8994131 , 0.42563775    ,12.375 , 12.875 , 42.1875
23651124  , -2.1383946 , -19.340895 , -9.152874    , 0.09944214 , 0.8994131 , 0.42563775    ,12.125 , 18.0625 , 40.9375
457763  , -2.6014864 , -19.6133 , -8.308413    , 0.12123181 , 0.913999 , 0.38718015    ,12.125 , 18.0625 , 40.9375
44769287  , -2.6014864 , -19.6133 , -8.308413    , 0.12123182 , 0.91399914 , 0.38718018    ,12.375 , 20.0625 , 40.6875
7568359  , -0.84446156 , -19.6133 , -4.5219555    , 0.04191804 , 0.9735805 , 0.2244644    ,12.375 , 20.0625 , 40.6875
18951416  , -0.84446156 , -19.6133 , -4.5219555    , 0.04191804 , 0.9735804 , 0.22446437    ,13.125 , 19.0625 , 41.4375
244140  , 1.9477097 , -19.6133 , -0.9942854    , -0.09869398 , 0.99384147 , 0.050382245    ,13.125 , 19.0625 , 41.4375
37872314  , 1.9477097 , -19.6133 , -0.9942854    , -0.09869397 , 0.99384147 , 0.050382234    ,15.4375 , 12.375 , 41.6875
244140  , 5.8976107 , -19.6133 , 8.539958    , -0.26577836 , 0.88388187 , -0.3848569    ,15.4375 , 12.375 , 41.6875
27313232  , 5.8976107 , -19.6133 , 8.539958    , -0.26577836 , 0.8838817 , -0.38485682    ,19.5 , 0.75 , 38.0
274658  , 8.771504 , -19.6133 , 18.428331    , -0.3098825 , 0.692905 , -0.651042    ,19.5 , 0.75 , 38.0
24597167  , 8.771504 , -19.6133 , 18.428331    , -0.30988252 , 0.69290495 , -0.6510419    ,22.25 , -12.875 , 28.5
213623  , 12.789507 , -19.6133 , 19.340895    , -0.42112607 , 0.6458163 , -0.6368467    ,22.25 , -12.875 , 28.5
36193847  , 12.789507 , -19.6133 , 19.340895    , -0.42112607 , 0.64581645 , -0.6368468    ,23.5625 , -25.75 , 12.5625
213623  , 14.818938 , -19.6133 , 19.340895    , -0.47377196 , 0.62705123 , -0.61834216    ,23.5625 , -25.75 , 12.5625
34301757  , 14.818938 , -19.6133 , 19.340895    , -0.47377196 , 0.6270511 , -0.61834204    ,21.0 , -31.75 , -6.9375
213623  , 13.633968 , -19.6133 , 19.340895    , -0.44359827 , 0.63814336 , -0.6292803    ,21.0 , -31.75 , -6.9375
34790039  , 13.633968 , -19.6133 , 19.340895    , -0.44359833 , 0.6381434 , -0.6292804    ,14.9375 , -27.5 , -25.3125
213623  , 15.554437 , -19.6133 , 19.340895    , -0.4917043 , 0.62001246 , -0.6114012    ,14.9375 , -27.5 , -25.3125
29510496  , 15.554437 , -19.6133 , 19.340895    , -0.4917043 , 0.6200124 , -0.6114011    ,7.3125 , -15.375 , -37.5
244140  , 16.126492 , -19.6133 , 19.340895    , -0.5052335 , 0.61447316 , -0.6059389    ,7.3125 , -15.375 , -37.5
29998780  , 16.126492 , -19.6133 , 19.340895    , -0.50523347 , 0.6144731 , -0.6059388    ,-1.3125 , 1.25 , -40.6875
213623  , 18.850561 , -19.6133 , 19.340895    , -0.56475896 , 0.58761054 , -0.57944924    ,-1.3125 , 1.25 , -40.6875
38818361  , 18.850561 , -19.6133 , 19.340895    , -0.5647589 , 0.5876105 , -0.5794492    ,-8.1875 , 17.625 , -36.8125
274658  , 19.19107 , -19.6133 , 19.340895    , -0.57164687 , 0.58422387 , -0.5761097    ,-8.1875 , 17.625 , -36.8125
29968263  , 19.19107 , -19.6133 , 19.340895    , -0.5716468 , 0.58422375 , -0.57610965    ,-13.5 , 29.75 , -28.25
244140  , 18.850561 , -15.854085 , 19.340895    , -0.60192394 , 0.5062424 , -0.61758095    ,-13.5 , 29.75 , -28.25
6958008  , 18.850561 , -15.854085 , 19.340895    , -0.6019239 , 0.5062424 , -0.6175809    ,-16.3125 , 37.6875 , -19.1875
244140  , 19.231932 , -6.2789803 , 19.340895    , -0.68713397 , 0.22434047 , -0.6910271    ,-16.3125 , 37.6875 , -19.1875
39215089  , 19.231932 , -6.2789803 , 19.340895    , -0.6871341 , 0.2243405 , -0.6910272    ,-17.375 , 41.5 , -13.5625
274658  , 15.173067 , -2.1111538 , 19.340895    , -0.6149705 , 0.08556591 , -0.78389424    ,-17.375 , 41.5 , -13.5625
40649414  , 15.173067 , -2.1111538 , 19.340895    , -0.61497056 , 0.0855659 , -0.78389424    ,-19.4375 , 42.25 , -10.625
854493  , 7.164303 , -8.539958 , 19.340895    , -0.3209343 , 0.38255855 , -0.86640066    ,-19.4375 , 42.25 , -10.625
36407471  , 7.164303 , -8.539958 , 19.340895    , -0.3209343 , 0.38255858 , -0.8664006    ,-21.125 , 41.1875 , -12.375
366211  , 4.8216033 , -13.947236 , 19.340895    , -0.19819286 , 0.5733037 , -0.79501104    ,-21.125 , 41.1875 , -12.375
42449951  , 4.8216033 , -13.947236 , 19.340895    , -0.1981929 , 0.5733037 , -0.79501104    ,-23.5625 , 37.25 , -17.75
366211  , 5.47538 , -16.930092 , 19.340895    , -0.20834184 , 0.6442012 , -0.7359339    ,-23.5625 , 37.25 , -17.75
36956787  , 5.47538 , -16.930092 , 19.340895    , -0.20834182 , 0.6442013 , -0.73593384    ,-27.375 , 29.0 , -24.5625
366211  , 6.742072 , -18.537292 , 19.340895    , -0.24405435 , 0.6710262 , -0.7001155    ,-27.375 , 29.0 , -24.5625
38024902  , 6.742072 , -18.537292 , 19.340895    , -0.24405429 , 0.67102605 , -0.70011544    ,-30.125 , 17.625 , -30.4375
213623  , 8.921328 , -16.3989 , 19.340895    , -0.3318832 , 0.61005706 , -0.71950257    ,-30.125 , 17.625 , -30.4375
39916991  , 8.921328 , -16.3989 , 19.340895    , -0.33188322 , 0.6100571 , -0.7195026    ,-31.6875 , 3.5 , -32.625
305175  , 7.504812 , -16.235455 , 19.19107    , -0.2860747 , 0.6188767 , -0.7315414    ,-31.6875 , 3.5 , -32.625
39520262  , 7.504812 , -16.235455 , 19.19107    , -0.28607476 , 0.6188768 , -0.7315415    ,-31.5625 , -11.75 , -29.1875
427246  , 5.829509 , -13.211738 , 14.437569    , -0.28548032 , 0.6469998 , -0.70703065    ,-31.5625 , -11.75 , -29.1875
38177489  , 5.829509 , -13.211738 , 14.437569    , -0.28548026 , 0.6469996 , -0.70703053    ,-30.0625 , -24.5 , -20.125
244141  , 4.944186 , -8.921328 , 10.691973    , -0.33459148 , 0.60373944 , -0.7235656    ,-30.0625 , -24.5 , -20.125
34729004  , 4.944186 , -8.921328 , 10.691973    , -0.3345915 , 0.60373944 , -0.7235656    ,-27.5625 , -33.375 , -8.625
335693  , 3.336985 , -9.275456 , 6.8237944    , -0.27833956 , 0.7736703 , -0.56917596    ,-27.5625 , -33.375 , -8.625
34790041  , 3.336985 , -9.275456 , 6.8237944    , -0.27833956 , 0.7736703 , -0.569176    ,-24.8125 , -37.3125 , 4.5625
396729  , 1.9885708 , -6.701211 , 4.5628166    , -0.23822492 , 0.80278534 , -0.54661196    ,-24.8125 , -37.3125 , 4.5625
39001466  , 1.9885708 , -6.701211 , 4.5628166    , -0.23822492 , 0.8027853 , -0.54661196    ,-22.5 , -35.5625 , 17.0625
946045  , 2.5333846 , -6.66035 , 2.4516625    , -0.33617795 , 0.88382256 , -0.3253335    ,-22.5 , -35.5625 , 17.0625
39337159  , 2.5333846 , -6.66035 , 2.4516625    , -0.33617792 , 0.8838226 , -0.32533345    ,-20.125 , -30.75 , 27.4375
396729  , 3.336985 , -6.8237944 , -0.27240697    , -0.43902445 , 0.8977602 , 0.03583871    ,-20.125 , -30.75 , 27.4375
51849366  , 3.336985 , -6.8237944 , -0.27240697    , -0.4390244 , 0.89776015 , 0.035838693    ,-18.5625 , -23.3125 , 35.0
7995606  , 3.990762 , -6.973618 , -5.134871    , -0.41851935 , 0.73133755 , 0.5385044    ,-18.5625 , -23.3125 , 35.0
36682129  , 3.990762 , -6.973618 , -5.134871    , -0.41851932 , 0.73133755 , 0.5385044    ,-17.3125 , -14.875 , 39.9375
305176  , 4.0588636 , -8.049625 , -5.175732    , -0.39045757 , 0.7743639 , 0.4978989    ,-17.3125 , -14.875 , 39.9375
27252197  , 4.0588636 , -8.049625 , -5.175732    , -0.39045763 , 0.774364 , 0.497899    ,-16.0625 , -7.6875 , 41.625
244141  , 4.2086873 , -9.915613 , -5.597963    , -0.3466911 , 0.81679964 , 0.46113282    ,-16.0625 , -7.6875 , 41.625
43853760  , 4.2086873 , -9.915613 , -5.597963    , -0.3466911 , 0.8167997 , 0.4611328    ,-15.8125 , -0.5 , 41.875
335693  , 4.0588636 , -10.691973 , -5.407278    , -0.32085 , 0.845192 , 0.4274411    ,-15.8125 , -0.5 , 41.875
29571533  , 4.0588636 , -10.691973 , -5.407278    , -0.32084993 , 0.84519196 , 0.42744106    ,-16.0625 , 4.9375 , 41.625
6958008  , 3.5957718 , -12.9529505 , -5.8976107    , -0.24495046 , 0.88237834 , 0.40175587    ,-16.0625 , 4.9375 , 41.625
35308837  , 3.5957718 , -12.9529505 , -5.8976107    , -0.24495047 , 0.88237846 , 0.4017559    ,-16.0625 , 9.1875 , 40.875
10772705  , 3.486809 , -15.5135765 , -7.273266    , -0.19941585 , 0.8872448 , 0.41596904    ,-16.0625 , 9.1875 , 40.875
32897949  , 3.486809 , -15.5135765 , -7.273266    , -0.19941586 , 0.8872448 , 0.41596904    ,-16.0625 , 11.875 , 40.625
1464843  , 3.0237172 , -17.461287 , -7.43671    , -0.15733506 , 0.90857464 , 0.38695922    ,-16.0625 , 11.875 , 40.625
75683592  , 3.0237172 , -17.461287 , -7.43671    , -0.15733512 , 0.9085748 , 0.3869593    ,-16.0625 , 12.625 , 40.625
457764  , 2.4108016 , -19.531578 , -6.701211    , -0.11596281 , 0.93949515 , 0.32233724    ,-16.0625 , 12.625 , 40.625
11413575  , 2.4108016 , -19.531578 , -6.701211    , -0.11596279 , 0.93949515 , 0.32233724    ,-14.9375 , 11.875 , 41.4375
244140  , 2.6832085 , -19.6133 , -6.0474343    , -0.12962922 , 0.9475436 , 0.29215932    ,-14.9375 , 11.875 , 41.4375
19470216  , 2.6832085 , -19.6133 , -6.0474343    , -0.12962925 , 0.94754374 , 0.29215932    ,-13.875 , 8.4375 , 42.4375
2197266  , 10.269742 , -19.6133 , -6.238119    , -0.4464838 , 0.85270107 , 0.27120632    ,-13.875 , 8.4375 , 42.4375
27587892  , 10.269742 , -19.6133 , -6.238119    , -0.44648385 , 0.85270125 , 0.27120635    ,-13.375 , 1.0 , 41.9375
244140  , 12.762266 , -19.6133 , 14.519291    , -0.4634343 , 0.7122148 , -0.5272368    ,-13.375 , 1.0 , 41.9375
42938233  , 12.762266 , -19.6133 , 14.519291    , -0.46343425 , 0.7122148 , -0.52723676    ,-13.4375 , -10.875 , 37.375
274659  , 16.167353 , -19.6133 , 19.340895    , -0.50618595 , 0.61407566 , -0.60554683    ,-13.4375 , -10.875 , 37.375
36285402  , 16.167353 , -19.6133 , 19.340895    , -0.5061859 , 0.61407554 , -0.6055468    ,-15.6875 , -23.3125 , 26.4375
274658  , 19.422615 , -19.6133 , 19.340895    , -0.5762627 , 0.58192027 , -0.5738381    ,-15.6875 , -23.3125 , 26.4375
38970948  , 19.422615 , -19.6133 , 19.340895    , -0.5762626 , 0.58192015 , -0.573838    ,-19.5 , -33.0 , 11.4375
1098632  , 19.381754 , -19.6133 , 19.340895    , -0.5754521 , 0.58232677 , -0.574239    ,-19.5 , -33.0 , 11.4375
36926270  , 19.381754 , -19.6133 , 19.340895    , -0.5754521 , 0.58232677 , -0.574239    ,-24.375 , -33.9375 , -5.5
396729  , 17.583868 , -19.6133 , 19.340895    , -0.53807163 , 0.6001728 , -0.59183717    ,-24.375 , -33.9375 , -5.5
39093018  , 17.583868 , -19.6133 , 19.340895    , -0.53807163 , 0.60017294 , -0.5918372    ,-28.6875 , -25.0 , -19.4375
1861572  , 19.381754 , -19.6133 , 19.340895    , -0.57545215 , 0.5823269 , -0.574239    ,-28.6875 , -25.0 , -19.4375
38421631  , 19.381754 , -19.6133 , 19.340895    , -0.5754522 , 0.5823269 , -0.574239    ,-31.1875 , -9.6875 , -25.3125
213623  , 17.924377 , -19.531578 , 19.340895    , -0.5462221 , 0.59519935 , -0.5893885    ,-31.1875 , -9.6875 , -25.3125
38391112  , 17.924377 , -19.531578 , 19.340895    , -0.5462221 , 0.59519947 , -0.58938867    ,-31.0625 , 7.5625 , -26.0
274658  , 13.525005 , -15.554437 , 19.340895    , -0.47849926 , 0.55029815 , -0.6842588    ,-31.0625 , 7.5625 , -26.0
41046141  , 13.525005 , -15.554437 , 19.340895    , -0.4784992 , 0.5502982 , -0.68425876    ,-29.125 , 21.375 , -22.8125
427246  , 8.62168 , -10.651112 , 19.340895    , -0.36373225 , 0.44935012 , -0.8159556    ,-29.125 , 21.375 , -22.8125
45349120  , 8.62168 , -10.651112 , 19.340895    , -0.36373228 , 0.44935018 , -0.8159555    ,-27.375 , 30.0625 , -19.375
213624  , 2.9556155 , -6.3198414 , 19.340895    , -0.14375007 , 0.30737343 , -0.9406687    ,-27.375 , 30.0625 , -19.375
43548582  , 2.9556155 , -6.3198414 , 19.340895    , -0.1437501 , 0.30737343 , -0.94066864    ,-25.8125 , 33.0 , -19.375
274659  , 4.6036777 , -3.8273177 , 19.340895    , -0.22738373 , 0.18903793 , -0.95528066    ,-25.8125 , 33.0 , -19.375
36071778  , 4.6036777 , -3.8273177 , 19.340895    , -0.2273837 , 0.18903793 , -0.95528066    ,-25.3125 , 32.0625 , -21.3125
396728  , 5.706926 , -5.134871 , 18.8097    , -0.2809077 , 0.25274983 , -0.9258555    ,-25.3125 , 32.0625 , -21.3125
43212892  , 5.706926 , -5.134871 , 18.8097    , -0.28090766 , 0.25274986 , -0.92585564    ,-25.3125 , 28.0625 , -26.25
549316  , 8.962189 , -5.7477865 , 16.821129    , -0.4501918 , 0.28872484 , -0.8449648    ,-25.3125 , 28.0625 , -26.25
35003664  , 8.962189 , -5.7477865 , 16.821129    , -0.45019177 , 0.28872487 , -0.8449649    ,-23.9375 , 22.25 , -31.5625
366211  , 11.958665 , -6.428804 , 15.091345    , -0.58909833 , 0.3166907 , -0.74341804    ,-23.9375 , 22.25 , -31.5625
38696290  , 11.958665 , -6.428804 , 15.091345    , -0.5890983 , 0.31669062 , -0.7434179    ,-22.125 , 14.8125 , -35.9375
244140  , 14.628253 , -4.440233 , 12.067628    , -0.7510768 , 0.2279805 , -0.6196034    ,-22.125 , 14.8125 , -35.9375
40283204  , 14.628253 , -4.440233 , 12.067628    , -0.75107664 , 0.22798045 , -0.6196033    ,-18.6875 , 6.6875 , -40.25
335693  , 17.2025 , -3.9499009 , 14.328606    , -0.75668454 , 0.17374387 , -0.63027084    ,-18.6875 , 6.6875 , -40.25
39489746  , 17.2025 , -3.9499009 , 14.328606    , -0.75668454 , 0.17374387 , -0.6302709    ,-12.3125 , -1.0625 , -41.625
366211  , 16.507862 , -6.5513873 , 16.780268    , -0.67561764 , 0.26812878 , -0.6867664    ,-12.3125 , -1.0625 , -41.625
40618896  , 16.507862 , -6.5513873 , 16.780268    , -0.67561746 , 0.2681287 , -0.68676627    ,-3.875 , -8.9375 , -41.8125
335693  , 13.143636 , -9.384419 , 17.052675    , -0.55962497 , 0.3995664 , -0.72606254    ,-3.875 , -8.9375 , -41.8125
37506103  , 13.143636 , -9.384419 , 17.052675    , -0.55962485 , 0.39956632 , -0.72606254    ,6.0 , -15.125 , -39.625
366211  , 9.80665 , -9.997335 , 16.08563    , -0.4598113 , 0.46875215 , -0.7542182    ,6.0 , -15.125 , -39.625
75622557  , 9.80665 , -9.997335 , 16.08563    , -0.45981127 , 0.46875206 , -0.7542182    ,16.9375 , -19.3125 , -34.9375
1159669  , 5.6660647 , -10.841797 , 14.015338    , -0.30457497 , 0.58279246 , -0.75338376    ,16.9375 , -19.3125 , -34.9375
244141  , 5.6660647 , -10.841797 , 14.015338    , -0.304575 , 0.5827925 , -0.7533838    ,26.5625 , -21.5625 , -29.125
213623  , 4.862464 , -8.771504 , 14.560152    , -0.27502692 , 0.49612704 , -0.82354    ,26.5625 , -21.5625 , -29.125
31341551  , 4.862464 , -8.771504 , 14.560152    , -0.2750269 , 0.49612707 , -0.82354    ,34.4375 , -21.0625 , -22.5
274658  , 3.9499009 , -8.308413 , 13.865514    , -0.23737627 , 0.49930876 , -0.8332725    ,34.4375 , -21.0625 , -22.5
39642333  , 3.9499009 , -8.308413 , 13.865514    , -0.23737632 , 0.4993087 , -0.8332726    ,40.5625 , -18.8125 , -15.375
274658  , 1.5390993 , -9.343558 , 11.413852    , -0.103778616 , 0.63001853 , -0.7696146    ,40.5625 , -18.8125 , -15.375
43365477  , 1.5390993 , -9.343558 , 11.413852    , -0.1037786 , 0.6300187 , -0.76961476    ,44.625 , -15.375 , -7.8125
457764  , -1.1168685 , -12.14935 , 5.938472    , 0.082309894 , 0.89537126 , -0.43764782    ,44.625 , -15.375 , -7.8125
35766604  , -1.1168685 , -12.14935 , 5.938472    , 0.08230991 , 0.8953712 , -0.43764788    ,47.375 , -10.1875 , -0.5
366211  , -2.982856 , -12.762266 , 1.4573772    , 0.22619683 , 0.9677919 , -0.110516265    ,47.375 , -10.1875 , -0.5
38635255  , -2.982856 , -12.762266 , 1.4573772    , 0.22619681 , 0.967792 , -0.11051625    ,48.9375 , -4.3125 , 5.3125
396729  , -4.671779 , -13.756551 , -1.879608    , 0.31890863 , 0.93906045 , 0.12830728    ,48.9375 , -4.3125 , 5.3125
38818360  , -4.671779 , -13.756551 , -1.879608    , 0.31890866 , 0.9390604 , 0.12830728    ,49.1875 , 2.625 , 9.6875
366211  , -5.706926 , -14.396708 , -4.099725    , 0.35623643 , 0.89866805 , 0.2559121    ,49.1875 , 2.625 , 9.6875
42114259  , -5.706926 , -14.396708 , -4.099725    , 0.35623652 , 0.8986682 , 0.25591213    ,48.4375 , 9.3125 , 11.6875
396729  , -6.0201936 , -14.437569 , -5.012288    , 0.36650696 , 0.8789532 , 0.30514604    ,48.4375 , 9.3125 , 11.6875
36529542  , -6.0201936 , -14.437569 , -5.012288    , 0.36650687 , 0.87895316 , 0.305146    ,47.625 , 13.75 , 11.6875
366211  , -6.238119 , -15.050485 , -3.445948    , 0.37460563 , 0.9037973 , 0.20693274    ,47.625 , 13.75 , 11.6875
40557861  , -6.238119 , -15.050485 , -3.445948    , 0.37460557 , 0.90379727 , 0.20693275    ,47.375 , 17.25 , 11.4375
396728  , -6.4015636 , -16.276316 , -0.23154591    , 0.3659817 , 0.93052787 , 0.013237625    ,47.375 , 17.25 , 11.4375
40130615  , -6.4015636 , -16.276316 , -0.23154591    , 0.3659817 , 0.9305279 , 0.013237633    ,47.625 , 17.5 , 9.5
427246  , -5.7886477 , -18.115063 , 4.0180025    , 0.29781142 , 0.9319746 , -0.20671618    ,47.625 , 17.5 , 9.5
40161132  , -5.7886477 , -18.115063 , 4.0180025    , 0.29781142 , 0.93197453 , -0.20671618    ,47.625 , 16.5 , 6.8125
1037598  , -4.944186 , -19.6133 , 6.5513873    , 0.23254281 , 0.922484 , -0.3081353    ,47.625 , 16.5 , 6.8125
46539306  , -4.944186 , -19.6133 , 6.5513873    , 0.23254281 , 0.92248386 , -0.30813527    ,48.1875 , 15.0 , 3.125
2380371  , -2.4925237 , -19.6133 , 10.419566    , 0.11152913 , 0.87760615 , -0.46622828    ,48.1875 , 15.0 , 3.125
35034179  , -2.4925237 , -19.6133 , 10.419566    , 0.11152911 , 0.87760615 , -0.4662283    ,48.9375 , 11.5 , -1.0625
244141  , 1.920469 , -19.6133 , 17.965239    , -0.07201715 , 0.73549443 , -0.6736925    ,48.9375 , 11.5 , -1.0625
40069579  , 1.920469 , -19.6133 , 17.965239    , -0.07201716 , 0.7354944 , -0.6736924    ,49.1875 , 6.8125 , -6.4375
213623  , 8.117727 , -19.6133 , 19.340895    , -0.28268304 , 0.6829925 , -0.67350656    ,49.1875 , 6.8125 , -6.4375
30151365  , 8.117727 , -19.6133 , 19.340895    , -0.28268307 , 0.6829926 , -0.6735067    ,47.375 , 0.875 , -13.75
1892090  , 16.167353 , -19.6133 , 19.340895    , -0.50618595 , 0.6140756 , -0.6055469    ,47.375 , 0.875 , -13.75
37414550  , 16.167353 , -19.6133 , 19.340895    , -0.50618595 , 0.6140756 , -0.60554683    ,42.5625 , -5.0625 , -22.3125
610351  , 19.57244 , -19.6133 , 19.340895    , -0.5792204 , 0.5804296 , -0.5723681    ,42.5625 , -5.0625 , -22.3125
38635256  , 19.57244 , -19.6133 , 19.340895    , -0.5792204 , 0.5804297 , -0.5723681    ,34.5 , -7.8125 , -31.6875
42449953  , 19.57244 , -19.6133 , 19.340895    , -0.5792204 , 0.5804296 , -0.57236814    ,23.375 , -6.75 , -39.125
549317  , 19.57244 , -9.615966 , 19.340895    , -0.6714803 , 0.32989916 , -0.6635366    ,23.375 , -6.75 , -39.125
37231446  , 19.57244 , -9.615966 , 19.340895    , -0.6714803 , 0.3298992 , -0.66353655    ,12.8125 , -6.0 , -44.375
1525879  , 9.343558 , -14.015338 , 19.340895    , -0.36430457 , 0.5464569 , -0.75409997    ,12.8125 , -6.0 , -44.375
37109376  , 9.343558 , -14.015338 , 19.340895    , -0.3643046 , 0.546457 , -0.75410014    ,2.6875 , -5.0 , -45.8125
244141  , 7.4639506 , -15.595298 , 19.109348    , -0.28963766 , 0.6051736 , -0.7415358    ,2.6875 , -5.0 , -45.8125
54321290  , 7.4639506 , -15.595298 , 19.109348    , -0.28963763 , 0.60517347 , -0.7415357    ,-7.25 , -7.0 , -44.8125
976562  , 10.991621 , -12.789507 , 18.727978    , -0.4361465 , 0.5074864 , -0.7431243    ,-7.25 , -7.0 , -44.8125
20904541  , 10.991621 , -12.789507 , 18.727978    , -0.4361465 , 0.5074864 , -0.7431243    ,-15.125 , -10.0 , -42.625
244141  , 11.073342 , -11.264028 , 18.727978    , -0.45197907 , 0.45976222 , -0.76441723    ,-15.125 , -10.0 , -42.625
39825440  , 11.073342 , -11.264028 , 18.727978    , -0.451979 , 0.45976222 , -0.7644172    ,-23.25 , -11.1875 , -38.6875
335694  , 11.495573 , -11.795221 , 17.311462    , -0.4810907 , 0.49363104 , -0.7244862    ,-23.25 , -11.1875 , -38.6875
40496826  , 11.495573 , -11.795221 , 17.311462    , -0.48109075 , 0.49363106 , -0.7244862    ,-29.375 , -12.6875 , -34.0625
885010  , 10.651112 , -11.645397 , 15.431854    , -0.4825471 , 0.5275931 , -0.6991379    ,-29.375 , -12.6875 , -34.0625
37353515  , 10.651112 , -11.645397 , 15.431854    , -0.4825471 , 0.52759314 , -0.6991379    ,-34.6875 , -14.625 , -29.5
396729  , 11.604536 , -10.841797 , 15.854085    , -0.5171319 , 0.48314208 , -0.7065043    ,-34.6875 , -14.625 , -29.5
42724608  , 11.604536 , -10.841797 , 15.854085    , -0.517132 , 0.48314214 , -0.70650434    ,-38.0 , -16.875 , -23.4375
427246  , 15.28203 , -10.7192135 , 13.715691    , -0.6597374 , 0.46275696 , -0.59211725    ,-38.0 , -16.875 , -23.4375
45745849  , 15.28203 , -10.7192135 , 13.715691    , -0.6597372 , 0.46275687 , -0.59211713    ,-40.0 , -19.1875 , -16.5625
427246  , 14.601013 , -11.795221 , 12.9529505    , -0.64023775 , 0.517207 , -0.5679721    ,-40.0 , -19.1875 , -16.5625
37902831  , 14.601013 , -11.795221 , 12.9529505    , -0.6402378 , 0.517207 , -0.56797206    ,-41.5 , -20.6875 , -8.5
427246  , 15.554437 , -12.14935 , 10.800936    , -0.6913373 , 0.53999376 , -0.48006174    ,-41.5 , -20.6875 , -8.5
39581300  , 15.554437 , -12.14935 , 10.800936    , -0.69133735 , 0.53999376 , -0.4800617    ,-42.25 , -19.1875 , 0.9375
457764  , 14.9006605 , -12.762266 , 8.281172    , -0.69972134 , 0.59930426 , -0.38887623    ,-42.25 , -19.1875 , 0.9375
38513185  , 14.9006605 , -12.762266 , 8.281172    , -0.6997213 , 0.5993042 , -0.38887617    ,-42.5 , -16.0 , 9.125
213623  , 12.217452 , -12.680544 , 6.701211    , -0.64846385 , 0.6730432 , -0.3556791    ,-42.5 , -16.0 , 9.125
44189454  , 12.217452 , -12.680544 , 6.701211    , -0.64846367 , 0.673043 , -0.35567906    ,-41.8125 , -11.5 , 16.25
488282  , 10.038197 , -15.009624 , 4.1814466    , -0.54158646 , 0.8098077 , -0.22559977    ,-41.8125 , -11.5 , 16.25
43731690  , 10.038197 , -15.009624 , 4.1814466    , -0.5415865 , 0.8098078 , -0.22559978    ,-40.8125 , -7.5625 , 21.375
213623  , 9.724928 , -18.074202 , -0.7218784    , -0.47353 , 0.8800761 , 0.035149977    ,-40.8125 , -7.5625 , 21.375
44433594  , 9.724928 , -18.074202 , -0.7218784    , -0.47352996 , 0.88007605 , 0.035149977    ,-38.875 , -4.375 , 24.6875
335693  , 8.853226 , -19.531578 , -5.325556    , -0.40067482 , 0.88395023 , 0.24102132    ,-38.875 , -4.375 , 24.6875
34576417  , 8.853226 , -19.531578 , -5.325556    , -0.40067488 , 0.8839505 , 0.24102134    ,-37.875 , -2.6875 , 26.875
366211  , 6.932757 , -17.052675 , -4.7126403    , -0.36484867 , 0.89742744 , 0.24801111    ,-37.875 , -2.6875 , 26.875
40283202  , 6.932757 , -17.052675 , -4.7126403    , -0.36484864 , 0.8974272 , 0.24801104    ,-36.875 , -3.4375 , 28.125
1953125  , 6.973618 , -16.017529 , -2.3699405    , -0.39555898 , 0.9085495 , 0.13442825    ,-36.875 , -3.4375 , 28.125
36712646  , 6.973618 , -16.017529 , -2.3699405    , -0.39555892 , 0.9085495 , 0.1344282    ,-37.0 , -5.0 , 27.8125
366211  , 8.962189 , -15.854085 , 1.879608    , -0.48950633 , 0.86593527 , -0.10266243    ,-37.0 , -5.0 , 27.8125
39367675  , 8.962189 , -15.854085 , 1.879608    , -0.48950642 , 0.86593544 , -0.10266249    ,-38.25 , -8.0 , 25.75
366211  , 13.143636 , -14.328606 , 9.765789    , -0.60406744 , 0.65852743 , -0.44882524    ,-38.25 , -8.0 , 25.75
38909911  , 13.143636 , -14.328606 , 9.765789    , -0.60406756 , 0.6585276 , -0.44882527    ,-39.8125 , -10.5 , 21.3125
366211  , 15.28203 , -15.363752 , 12.9529505    , -0.60532296 , 0.60855997 , -0.51306784    ,-39.8125 , -10.5 , 21.3125
38635253  , 15.28203 , -15.363752 , 12.9529505    , -0.6053231 , 0.60856 , -0.5130679    ,-42.75 , -12.6875 , 14.375
366211  , 15.28203 , -19.231932 , 17.856276    , -0.5032174 , 0.63328254 , -0.5879839    ,-42.75 , -12.6875 , 14.375
39611815  , 15.28203 , -19.231932 , 17.856276    , -0.50321746 , 0.63328254 , -0.58798397    ,-44.5625 , -14.1875 , 5.8125
366211  , 19.082108 , -19.6133 , 15.023244    , -0.6112714 , 0.6282874 , -0.48125073    ,-44.5625 , -14.1875 , 5.8125
39001466  , 19.082108 , -19.6133 , 15.023244    , -0.61127144 , 0.62828755 , -0.48125082    ,-44.5625 , -15.4375 , -3.5
396728  , 19.57244 , -19.6133 , 17.543009    , -0.5968098 , 0.5980558 , -0.5349276    ,-44.5625 , -15.4375 , -3.5
40863038  , 19.57244 , -19.6133 , 17.543009    , -0.5968097 , 0.59805566 , -0.5349276    ,-42.5 , -17.1875 , -13.25
366211  , 19.57244 , -19.6133 , 19.340895    , -0.5792203 , 0.58042955 , -0.572368    ,-42.5 , -17.1875 , -13.25
1403809  , 19.57244 , -19.6133 , 19.340895    , -0.5792203 , 0.58042955 , -0.572368    ,-37.875 , -16.9375 , -21.125
305176  , 15.6634 , -19.6133 , 19.340895    , -0.49430937 , 0.6189613 , -0.6103646    ,-37.875 , -16.9375 , -21.125
244141  , 15.6634 , -19.6133 , 19.340895    , -0.49430954 , 0.61896145 , -0.61036485    ,-33.5625 , -15.9375 , -27.5
2746582  , 2.7921712 , -19.6133 , 19.340895    , -0.1008492 , 0.70840406 , -0.69856524    ,-33.5625 , -15.9375 , -27.5
28930665  , 2.7921712 , -19.6133 , 19.340895    , -0.10084917 , 0.70840394 , -0.69856507    ,-27.75 , -14.9375 , -33.625
274658  , -2.6423476 , -18.918663 , 19.340895    , 0.097202435 , 0.6959494 , -0.7114818    ,-27.75 , -14.9375 , -33.625
40924073  , -2.6423476 , -18.918663 , 19.340895    , 0.097202465 , 0.6959494 , -0.71148175    ,-21.625 , -13.4375 , -37.75
335694  , 0.92618364 , -13.715691 , 19.082108    , -0.03938158 , 0.58319515 , -0.8113768    ,-21.625 , -13.4375 , -37.75
37841797  , 0.92618364 , -13.715691 , 19.082108    , -0.039381623 , 0.5831952 , -0.8113769    ,-16.3125 , -13.6875 , -40.4375
457764  , 2.3426998 , -11.604536 , 19.082108    , -0.10432313 , 0.5167634 , -0.84974825    ,-16.3125 , -13.6875 , -40.4375
48675537  , 2.3426998 , -11.604536 , 19.082108    , -0.104323134 , 0.51676345 , -0.84974843    ,-8.9375 , -15.6875 , -42.1875
213623  , 0.38136974 , -11.985906 , 19.340895    , -0.016758412 , 0.52669275 , -0.8498907    ,-8.9375 , -15.6875 , -42.1875
40161132  , 0.38136974 , -11.985906 , 19.340895    , -0.016758403 , 0.5266926 , -0.8498904    ,-1.8125 , -18.125 , -41.6875
274658  , -3.1054392 , -10.841797 , 19.340895    , 0.13870503 , 0.48425087 , -0.8638647    ,-1.8125 , -18.125 , -41.6875
39184570  , -3.1054392 , -10.841797 , 19.340895    , 0.13870502 , 0.4842509 , -0.86386466    ,5.5 , -20.875 , -39.75
366211  , -4.372132 , -9.234595 , 18.155924    , 0.2098616 , 0.4432591 , -0.8714814    ,5.5 , -20.875 , -39.75
38574218  , -4.372132 , -9.234595 , 18.155924    , 0.2098616 , 0.44325903 , -0.87148136    ,14.9375 , -23.125 , -35.8125
885010  , -8.008764 , -10.841797 , 14.859799    , 0.39919347 , 0.5404048 , -0.7406804    ,14.9375 , -23.125 , -35.8125
39184569  , -8.008764 , -10.841797 , 14.859799    , 0.3991935 , 0.5404048 , -0.7406804    ,23.8125 , -24.625 , -30.1875
396728  , -8.730643 , -11.141444 , 13.252599    , 0.45025605 , 0.57458574 , -0.683462    ,23.8125 , -24.625 , -30.1875
39764404  , -8.730643 , -11.141444 , 13.252599    , 0.45025614 , 0.57458586 , -0.68346214    ,31.4375 , -25.0625 , -22.125
396728  , -5.8567495 , -10.760075 , 9.302697    , 0.38074136 , 0.69950163 , -0.60475904    ,31.4375 , -25.0625 , -22.125
38604738  , -5.8567495 , -10.760075 , 9.302697    , 0.38074142 , 0.69950163 , -0.604759    ,38.0 , -23.625 , -13.3125
366211  , -4.0588636 , -10.95076 , 6.4424243    , 0.3043116 , 0.82102865 , -0.4830181    ,38.0 , -23.625 , -13.3125
39001466  , -4.0588636 , -10.95076 , 6.4424243    , 0.30431163 , 0.8210287 , -0.4830181    ,43.0625 , -20.625 , -5.75
396729  , -4.5900574 , -11.645397 , 5.7477865    , 0.33324257 , 0.84546703 , -0.41729483    ,43.0625 , -20.625 , -5.75
39794923  , -4.5900574 , -11.645397 , 5.7477865    , 0.33324257 , 0.8454669 , -0.4172948    ,46.125 , -15.6875 , 0.875
488281  , -6.238119 , -12.830367 , 1.7297841    , 0.43407807 , 0.89279807 , -0.120366625    ,46.125 , -15.6875 , 0.875
38452150  , -6.238119 , -12.830367 , 1.7297841    , 0.434078 , 0.89279795 , -0.12036662    ,48.1875 , -9.75 , 5.75
366211  , -6.742072 , -12.408136 , -1.3756552    , 0.47518307 , 0.87452894 , 0.09695655    ,48.1875 , -9.75 , 5.75
40008545  , -6.742072 , -12.408136 , -1.3756552    , 0.47518307 , 0.8745288 , 0.09695655    ,48.6875 , -4.75 , 8.9375
1220703  , -7.205164 , -10.800936 , -1.879608    , 0.549217 , 0.8233064 , 0.143274    ,48.6875 , -4.75 , 8.9375
39306640  , -7.205164 , -10.800936 , -1.879608    , 0.5492169 , 0.82330626 , 0.143274    ,47.875 , 0.4375 , 11.875
549316  , -6.782933 , -9.888372 , -3.0237172    , 0.5484915 , 0.79960805 , 0.24450824    ,47.875 , 0.4375 , 11.875
46539307  , -6.782933 , -9.888372 , -3.0237172    , 0.5484915 , 0.799608 , 0.24450824    ,47.125 , 4.125 , 13.8125
396729  , -8.008764 , -12.912089 , -3.5276701    , 0.5134385 , 0.8277886 , 0.22615743    ,47.125 , 4.125 , 13.8125
38269043  , -8.008764 , -12.912089 , -3.5276701    , 0.5134384 , 0.82778835 , 0.2261574    ,46.125 , 7.375 , 13.8125
335694  , -8.730643 , -16.780268 , -3.255263    , 0.45487016 , 0.8742589 , 0.16960058    ,46.125 , 7.375 , 13.8125
38696288  , -8.730643 , -16.780268 , -3.255263    , 0.4548702 , 0.874259 , 0.16960058    ,46.375 , 10.125 , 14.0625
274659  , -6.66035 , -19.381754 , -2.2201166    , 0.32309663 , 0.94021773 , 0.107698865    ,46.375 , 10.125 , 14.0625
34149169  , -6.66035 , -19.381754 , -2.2201166    , 0.32309666 , 0.9402179 , 0.10769889    ,46.6875 , 10.9375 , 12.125
335694  , -4.630918 , -19.6133 , 2.0294318    , 0.22863626 , 0.96834195 , -0.100196496    ,46.6875 , 10.9375 , 12.125
82489011  , -4.630918 , -19.6133 , 2.0294318    , 0.22863631 , 0.96834207 , -0.10019652    ,46.9375 , 9.5 , 10.375
244140  , -3.445948 , -19.6133 , 8.049625    , 0.16043243 , 0.91313326 , -0.37476513    ,46.9375 , 9.5 , 10.375
244140  , -3.445948 , -19.6133 , 8.049625    , 0.16043243 , 0.91313314 , -0.37476507    ,48.25 , 6.25 , 7.9375
213624  , -2.1383946 , -19.6133 , 14.410328    , 0.087525144 , 0.8027783 , -0.58981913    ,48.25 , 6.25 , 7.9375
20477296  , -2.1383946 , -19.6133 , 14.410328    , 0.08752514 , 0.8027783 , -0.58981913    ,48.25 , 1.3125 , 3.5625
244141  , 0.6946377 , -19.6133 , 19.082108    , -0.025376586 , 0.7165153 , -0.69710964    ,48.25 , 1.3125 , 3.5625
39550783  , 0.6946377 , -19.6133 , 19.082108    , -0.02537658 , 0.71651524 , -0.69710964    ,46.4375 , -3.4375 , -2.6875
244140  , 2.7240696 , -19.6133 , 19.340895    , -0.098413564 , 0.70857763 , -0.6987363    ,46.4375 , -3.4375 , -2.6875
40191651  , 2.7240696 , -19.6133 , 19.340895    , -0.09841356 , 0.70857775 , -0.69873637    ,42.1875 , -8.625 , -13.0625
305176  , 11.34575 , -19.6133 , 19.340895    , -0.3808504 , 0.6583729 , -0.6492289    ,42.1875 , -8.625 , -13.0625
39031984  , 11.34575 , -19.6133 , 19.340895    , -0.38085043 , 0.6583729 , -0.64922893    ,34.3125 , -13.0625 , -24.0625
366210  , 19.231932 , -19.6133 , 19.340895    , -0.5724654 , 0.5838173 , -0.57570875    ,34.3125 , -13.0625 , -24.0625
48278809  , 19.231932 , -19.6133 , 19.340895    , -0.5724655 , 0.5838175 , -0.57570887    ,22.875 , -12.875 , -34.375
396729  , 19.57244 , -19.6133 , 19.340895    , -0.5792203 , 0.58042955 , -0.572368    ,22.875 , -12.875 , -34.375
39855957  , 19.57244 , -19.6133 , 19.340895    , -0.5792204 , 0.58042973 , -0.57236814    ,7.6875 , -10.6875 , -40.8125
366211  , 19.19107 , 3.636633 , 19.340895    , -0.6981607 , -0.13229874 , -0.70361125    ,7.6875 , -10.6875 , -40.8125
42968750  , 19.19107 , 3.636633 , 19.340895    , -0.69816047 , -0.13229868 , -0.7036111    ,-4.5 , -8.1875 , -43.0
396729  , 11.454713 , -9.493382 , 18.087822    , -0.48909616 , 0.4053508 , -0.77231836    ,-4.5 , -8.1875 , -43.0
35583496  , 11.454713 , -9.493382 , 18.087822    , -0.48909616 , 0.4053508 , -0.77231824    ,-13.375 , -5.6875 , -43.75
396728  , 14.137921 , -7.5865335 , 13.484144    , -0.67456764 , 0.36197895 , -0.6433738    ,-13.375 , -5.6875 , -43.75
41870116  , 14.137921 , -7.5865335 , 13.484144    , -0.6745677 , 0.36197898 , -0.6433737    ,-18.1875 , -6.6875 , -43.75
366211  , 15.704261 , -1.4982382 , 12.980191    , -0.7687149 , 0.07333797 , -0.6353731    ,-18.1875 , -6.6875 , -43.75
35980224  , 15.704261 , -1.4982382 , 12.980191    , -0.7687148 , 0.07333793 , -0.6353731    ,-16.625 , -9.1875 , -44.4375
366211  , 14.015338 , 0.46309182 , 11.264028    , -0.7792043 , -0.025746316 , -0.626241    ,-16.625 , -9.1875 , -44.4375
42999266  , 14.015338 , 0.46309182 , 11.264028    , -0.7792043 , -0.025746286 , -0.626241    ,-14.3125 , -11.625 , -45.4375
366211  , 12.912089 , 1.56634 , 10.079058    , -0.784697 , -0.095190026 , -0.6125272    ,-14.3125 , -11.625 , -45.4375
37292479  , 12.912089 , 1.56634 , 10.079058    , -0.78469694 , -0.095189996 , -0.6125272    ,-11.3125 , -15.125 , -45.875
427247  , 10.56939 , 3.990762 , 9.112013    , -0.7282016 , -0.2749524 , -0.6277924    ,-11.3125 , -15.125 , -45.875
36407471  , 10.56939 , 3.990762 , 9.112013    , -0.7282019 , -0.2749525 , -0.62779266    ,-6.1875 , -18.375 , -45.25
244140  , 9.384419 , 5.434519 , 8.008764    , -0.6961137 , -0.40311953 , -0.59407085    ,-6.1875 , -18.375 , -45.25
39062502  , 9.384419 , 5.434519 , 8.008764    , -0.6961137 , -0.40311956 , -0.5940709    ,-1.625 , -21.125 , -44.5
244141  , 7.4639506 , 6.2789803 , 6.510526    , -0.63647443 , -0.5354283 , -0.555173    ,-1.625 , -21.125 , -44.5
39550783  , 7.4639506 , 6.2789803 , 6.510526    , -0.6364743 , -0.5354282 , -0.55517286    ,3.6875 , -23.5 , -42.875
762939  , 4.2086873 , 6.469665 , 5.6660647    , -0.43956572 , -0.6757078 , -0.59177786    ,3.6875 , -23.5 , -42.875
39733887  , 4.2086873 , 6.469665 , 5.6660647    , -0.43956566 , -0.6757077 , -0.5917778    ,8.5625 , -24.8125 , -40.5625
335693  , 1.9477097 , 7.6954966 , 7.273266    , -0.18090685 , -0.7147719 , -0.6755544    ,8.5625 , -24.8125 , -40.5625
38452149  , 1.9477097 , 7.6954966 , 7.273266    , -0.18090689 , -0.714772 , -0.6755544    ,11.875 , -26.5 , -38.625
396729  , 0.38136974 , 8.240311 , 7.205164    , -0.03481956 , -0.7523515 , -0.65784115    ,11.875 , -26.5 , -38.625
55328370  , 0.38136974 , 8.240311 , 7.205164    , -0.034819588 , -0.7523515 , -0.65784127    ,13.875 , -29.0 , -35.1875
2136231  , 0.61291564 , 9.084772 , 7.3141265    , -0.052478954 , -0.77785504 , -0.626249    ,13.875 , -29.0 , -35.1875
30914306  , 0.61291564 , 9.084772 , 7.3141265    , -0.05247896 , -0.777855 , -0.62624896    ,12.3125 , -33.125 , -29.625
213624  , 5.5571017 , 9.152874 , 4.140586    , -0.48404872 , -0.7972568 , -0.36066377    ,12.3125 , -33.125 , -29.625
42785644  , 5.5571017 , 9.152874 , 4.140586    , -0.48404872 , -0.79725677 , -0.36066377    ,8.1875 , -38.1875 , -22.9375
244140  , 8.62168 , 8.894087 , 1.2666923    , -0.69241476 , -0.71429193 , -0.10172917    ,8.1875 , -38.1875 , -22.9375
49102782  , 8.62168 , 8.894087 , 1.2666923    , -0.69241476 , -0.71429193 , -0.1017292    ,3.125 , -42.375 , -15.8125
244140  , 9.888372 , 7.4639506 , -1.2666923    , -0.79401 , -0.5993354 , 0.10171202    ,3.125 , -42.375 , -15.8125
29998778  , 9.888372 , 7.4639506 , -1.2666923    , -0.7940101 , -0.59933543 , 0.10171204    ,-2.9375 , -45.375 , -8.4375
244140  , 8.349273 , 6.4015636 , -3.336985    , -0.75644785 , -0.57998455 , 0.3023324    ,-2.9375 , -45.375 , -8.4375
36437987  , 8.349273 , 6.4015636 , -3.336985    , -0.75644785 , -0.57998455 , 0.30233234    ,-8.25 , -45.875 , -2.8125
244141  , 5.284695 , 6.0882955 , -3.3642259    , -0.6049502 , -0.69694006 , 0.38511005    ,-8.25 , -45.875 , -2.8125
39428710  , 5.284695 , 6.0882955 , -3.3642259    , -0.6049502 , -0.69694 , 0.38511005    ,-12.75 , -44.4375 , 2.5625
305176  , 7.7772183 , 4.7535014 , -3.8273177    , -0.78670514 , -0.4808408 , 0.3871526    ,-12.75 , -44.4375 , 2.5625
41046141  , 7.7772183 , 4.7535014 , -3.8273177    , -0.7867052 , -0.48084086 , 0.3871526    ,-18.75 , -41.9375 , 7.8125
396729  , 10.310603 , 0.08172209 , -4.671779    , -0.91083646 , -0.0072193127 , 0.412704    ,-18.75 , -41.9375 , 7.8125
37445070  , 10.310603 , 0.08172209 , -4.671779    , -0.91083664 , -0.007219312 , 0.41270405    ,-24.875 , -37.0 , 12.875
518799  , 9.384419 , -4.903325 , -5.012288    , -0.8010842 , 0.4185636 , 0.42786503    ,-24.875 , -37.0 , 12.875
41839601  , 9.384419 , -4.903325 , -5.012288    , -0.8010843 , 0.41856366 , 0.4278651    ,-30.6875 , -30.5625 , 16.8125
3448486  , 9.302697 , -7.7772183 , -5.47538    , -0.6992235 , 0.5845632 , 0.41154885    ,-30.6875 , -30.5625 , 16.8125
21972657  , 9.302697 , -7.7772183 , -5.47538    , -0.69922346 , 0.58456314 , 0.41154882    ,-35.875 , -23.6875 , 19.0
244141  , 9.956474 , -9.193735 , -4.5628166    , -0.69628173 , 0.64294136 , 0.31908944    ,-35.875 , -23.6875 , 19.0
39215089  , 9.956474 , -9.193735 , -4.5628166    , -0.6962817 , 0.64294136 , 0.3190894    ,-39.5625 , -17.5 , 18.875
305176  , 11.264028 , -12.9529505 , -3.6774938    , -0.6416389 , 0.73784584 , 0.20948307    ,-39.5625 , -17.5 , 18.875
39550782  , 11.264028 , -12.9529505 , -3.6774938    , -0.6416389 , 0.7378459 , 0.20948307    ,-41.875 , -15.5 , 14.75
427246  , 17.161638 , -19.231932 , -4.2904096    , -0.6567696 , 0.7359989 , 0.16419238    ,-41.875 , -15.5 , 14.75
39489747  , 17.161638 , -19.231932 , -4.2904096    , -0.6567696 , 0.73599887 , 0.1641924    ,-42.4375 , -16.9375 , 9.9375
213623  , 19.57244 , -19.6133 , 1.7297841    , -0.7049965 , 0.70646834 , -0.062306575    ,-42.4375 , -16.9375 , 9.9375
38909913  , 19.57244 , -19.6133 , 1.7297841    , -0.70499665 , 0.70646846 , -0.06230659    ,-40.9375 , -20.9375 , 3.1875
366210  , 16.358038 , -19.6133 , 15.5135765    , -0.5474198 , 0.65635675 , -0.51916    ,-40.9375 , -20.9375 , 3.1875
43762206  , 16.358038 , -19.6133 , 15.5135765    , -0.54742 , 0.65635693 , -0.51916015    ,-37.375 , -25.375 , -5.125
427246  , 12.789507 , -19.6133 , 19.340895    , -0.42112607 , 0.6458163 , -0.6368467    ,-37.375 , -25.375 , -5.125
43823241  , 12.789507 , -19.6133 , 19.340895    , -0.42112613 , 0.6458164 , -0.6368468    ,-32.8125 , -27.4375 , -13.3125
427246  , -0.8036005 , -14.941522 , 19.340895    , 0.03286262 , 0.6110221 , -0.7909312    ,-32.8125 , -27.4375 , -13.3125
42541502  , -0.8036005 , -14.941522 , 19.340895    , 0.032862663 , 0.6110221 , -0.7909311    ,-29.25 , -25.1875 , -21.625
1007080  , -1.607201 , 3.990762 , 19.313654    , 0.08122496 , -0.20168573 , -0.97607636    ,-29.25 , -25.1875 , -21.625
35064696  , -1.607201 , 3.990762 , 19.313654    , 0.08122498 , -0.20168577 , -0.9760765    ,-26.9375 , -21.0 , -27.75
457764  , -3.5276701 , 7.8180795 , 19.313654    , 0.16693075 , -0.36995465 , -0.91392976    ,-26.9375 , -21.0 , -27.75
