136688234  , 2.152015 , 3.173541 , 9.80665    , -0.20437728 , -0.3013918 , -0.9313395    ,-16.8125 , -11.625 , -38.6875
335693  , 2.9147544 , 3.255263 , 9.193735    , -0.2863425 , -0.31979373 , -0.90318304    ,-16.8125 , -11.625 , -38.6875
56793212  , 2.9147544 , 3.255263 , 9.193735    , -0.2863425 , -0.31979376 , -0.9031832    ,-18.5625 , -11.625 , -37.6875
213623  , 2.7649305 , 3.486809 , 8.281172    , -0.2941074 , -0.37089413 , -0.8808737    ,-18.5625 , -11.625 , -37.6875
29296874  , 2.7649305 , 3.486809 , 8.281172    , -0.29410738 , -0.370894 , -0.8808735    ,-20.375 , -11.875 , -37.25
1068115  , 4.099725 , 4.440233 , 9.507003    , -0.36392576 , -0.39415213 , -0.84392077    ,-20.375 , -11.875 , -37.25
29449462  , 4.099725 , 4.440233 , 9.507003    , -0.36392567 , -0.39415202 , -0.8439207    ,-21.625 , -12.125 , -36.0
244140  , 2.0294318 , 2.8738933 , 9.302697    , -0.20405011 , -0.28895688 , -0.93534374    ,-21.625 , -12.125 , -36.0
49346922  , 2.0294318 , 2.8738933 , 9.302697    , -0.20405002 , -0.28895682 , -0.93534344    ,-22.875 , -12.125 , -35.0
274658  , 2.2201166 , 2.3426998 , 8.894087    , -0.23464493 , -0.24760076 , -0.94001925    ,-22.875 , -12.125 , -35.0
36529541  , 2.2201166 , 2.3426998 , 8.894087    , -0.23464489 , -0.24760078 , -0.94001913    ,-23.9375 , -11.625 , -35.25
213623  , 3.214402 , 2.7649305 , 9.043911    , -0.3218112 , -0.27681217 , -0.9054349    ,-23.9375 , -11.625 , -35.25
25085448  , 3.214402 , 2.7649305 , 9.043911    , -0.32181123 , -0.2768122 , -0.905435    ,-23.9375 , -10.6875 , -35.0
5859375  , 3.336985 , 3.255263 , 8.281172    , -0.3511449 , -0.34254545 , -0.87141275    ,-23.9375 , -10.6875 , -35.0
21820069  , 3.336985 , 3.255263 , 8.281172    , -0.35114488 , -0.34254542 , -0.8714127    ,-24.9375 , -9.9375 , -35.25
244141  , 2.7921712 , 3.1463003 , 8.158588    , -0.30418408 , -0.34276348 , -0.88881105    ,-24.9375 , -9.9375 , -35.25
86090091  , 2.7921712 , 3.1463003 , 8.158588    , -0.30418408 , -0.34276354 , -0.8888111    ,-25.1875 , -9.4375 , -35.5
244141  , 2.7240696 , 3.2961242 , 8.430995    , -0.28815785 , -0.348671 , -0.89184844    ,-25.1875 , -9.4375 , -35.5
4272461  , 2.7240696 , 3.2961242 , 8.430995    , -0.28815788 , -0.34867102 , -0.8918485    ,-25.4375 , -8.6875 , -34.75
305176  , 3.3778462 , 4.2904096 , 7.9270425    , -0.35091695 , -0.4457211 , -0.82352287    ,-25.4375 , -8.6875 , -34.75
36437988  , 3.3778462 , 4.2904096 , 7.9270425    , -0.350917 , -0.4457212 , -0.823523    ,-26.1875 , -8.1875 , -34.3125
274658  , 4.6036777 , 6.3607025 , 7.014479    , -0.43724692 , -0.60412514 , -0.6662193    ,-26.1875 , -8.1875 , -34.3125
26672363  , 4.6036777 , 6.3607025 , 7.014479    , -0.43724686 , -0.604125 , -0.6662192    ,-25.9375 , -7.9375 , -34.0625
274659  , 6.469665 , 9.00305 , 7.1234417    , -0.49095112 , -0.68319726 , -0.5405629    ,-25.9375 , -7.9375 , -34.0625
37261963  , 6.469665 , 9.00305 , 7.1234417    , -0.49095112 , -0.68319726 , -0.5405629    ,-25.4375 , -6.9375 , -33.8125
305175  , 7.5865335 , 8.62168 , 11.454713    , -0.46771732 , -0.53153515 , -0.7061945    ,-25.4375 , -6.9375 , -33.8125
42144775  , 7.5865335 , 8.62168 , 11.454713    , -0.46771738 , -0.53153515 , -0.70619446    ,-25.1875 , -6.6875 , -34.5625
274658  , 8.430995 , 7.8180795 , 14.7916975    , -0.45001426 , -0.4172992 , -0.7895243    ,-25.1875 , -6.6875 , -34.5625
19195557  , 8.430995 , 7.8180795 , 14.7916975    , -0.45001432 , -0.41729927 , -0.7895243    ,-24.6875 , -6.6875 , -34.3125
213623  , 11.141444 , 6.510526 , 18.278507    , -0.49795067 , -0.29097852 , -0.81693125    ,-24.6875 , -6.6875 , -34.3125
40496826  , 11.141444 , 6.510526 , 18.278507    , -0.49795058 , -0.29097843 , -0.8169311    ,-25.4375 , -7.1875 , -33.8125
213623  , 13.906375 , 4.862464 , 19.313654    , -0.57249296 , -0.20017627 , -0.7950981    ,-25.4375 , -7.1875 , -33.8125
27679443  , 13.906375 , 4.862464 , 19.313654    , -0.572493 , -0.20017642 , -0.7950982    ,-26.1875 , -8.9375 , -33.0625
244140  , 15.826844 , 2.8738933 , 19.272793    , -0.63046205 , -0.114481494 , -0.76773125    ,-26.1875 , -8.9375 , -33.0625
39215087  , 15.826844 , 2.8738933 , 19.272793    , -0.630462 , -0.11448149 , -0.76773137    ,-26.1875 , -12.625 , -31.625
274658  , 14.206022 , -0.88532263 , 17.543009    , -0.6288362 , 0.039189223 , -0.77654946    ,-26.1875 , -12.625 , -31.625
45684813  , 14.206022 , -0.88532263 , 17.543009    , -0.62883615 , 0.039189212 , -0.7765494    ,-24.9375 , -18.0625 , -30.125
274658  , 12.026767 , -2.5333846 , 13.988097    , -0.64588386 , 0.13605253 , -0.7512149    ,-24.9375 , -18.0625 , -30.125
34820555  , 12.026767 , -2.5333846 , 13.988097    , -0.64588386 , 0.13605255 , -0.7512149    ,-21.375 , -24.8125 , -27.1875
244141  , 10.501288 , -2.3426998 , 11.536434    , -0.66568655 , 0.14850593 , -0.7313053    ,-21.375 , -24.8125 , -27.1875
43670655  , 10.501288 , -2.3426998 , 11.536434    , -0.6656864 , 0.14850591 , -0.7313053    ,-16.0625 , -32.6875 , -23.3125
1129151  , 10.18802 , -2.4925237 , 8.921328    , -0.7398986 , 0.181018 , -0.6479059    ,-16.0625 , -32.6875 , -23.3125
41717530  , 10.18802 , -2.4925237 , 8.921328    , -0.7398987 , 0.18101802 , -0.647906    ,-7.9375 , -39.1875 , -17.4375
4760742  , 5.938472 , -6.0201936 , 7.3958488    , -0.5286076 , 0.53588194 , -0.6583347    ,-7.9375 , -39.1875 , -17.4375
20111084  , 5.938472 , -6.0201936 , 7.3958488    , -0.52860755 , 0.53588194 , -0.6583346    ,1.4375 , -44.125 , -11.5625
4577637  , 2.2201166 , -6.8237944 , 4.6036777    , -0.260404 , 0.80038285 , -0.53997886    ,1.4375 , -44.125 , -11.5625
18341065  , 2.2201166 , -6.8237944 , 4.6036777    , -0.26040393 , 0.8003827 , -0.5399788    ,12.125 , -46.3125 , -6.1875
244141  , 0.040861044 , -7.4639506 , 2.7240696    , -0.0051425695 , 0.93937993 , -0.34283942    ,12.125 , -46.3125 , -6.1875
37750245  , 0.040861044 , -7.4639506 , 2.7240696    , -0.0051425844 , 0.93938005 , -0.34283942    ,22.25 , -44.875 , -3.25
213623  , -3.336985 , -8.049625 , 2.5606253    , 0.3674151 , 0.88629514 , -0.28193483    ,22.25 , -44.875 , -3.25
36468506  , -3.336985 , -8.049625 , 2.5606253    , 0.36741507 , 0.8862951 , -0.2819348    ,31.6875 , -41.125 , -2.75
6713866  , -6.0882955 , -7.4639506 , 3.568531    , 0.5927126 , 0.7266364 , -0.3474065    ,31.6875 , -41.125 , -2.75
28747558  , -6.0882955 , -7.4639506 , 3.568531    , 0.59271264 , 0.7266365 , -0.3474065    ,39.25 , -35.1875 , -3.75
274658  , -7.8180795 , -8.390134 , 3.636633    , 0.6498349 , 0.6973838 , -0.30227512    ,39.25 , -35.1875 , -3.75
27404785  , -7.8180795 , -8.390134 , 3.636633    , 0.6498348 , 0.6973837 , -0.3022751    ,44.375 , -29.0 , -6.9375
244141  , -9.084772 , -10.7192135 , 3.8681788    , 0.6233606 , 0.73550934 , -0.2654189    ,44.375 , -29.0 , -6.9375
33233642  , -9.084772 , -10.7192135 , 3.8681788    , 0.6233607 , 0.73550946 , -0.26541895    ,47.375 , -22.8125 , -9.625
213623  , -9.80665 , -12.14935 , 4.1814466    , 0.6067124 , 0.75164926 , -0.25869542    ,47.375 , -22.8125 , -9.625
82824705  , -9.80665 , -12.14935 , 4.1814466    , 0.6067124 , 0.75164926 , -0.25869542    ,47.875 , -17.125 , -12.5
335694  , -10.882658 , -15.173067 , 4.140586    , 0.5690021 , 0.79332715 , -0.2164914    ,47.875 , -17.125 , -12.5
1159669  , -10.882658 , -15.173067 , 4.140586    , 0.56900203 , 0.7933271 , -0.21649142    ,47.625 , -12.875 , -14.75
5065917  , -9.343558 , -15.622539 , 6.0201936    , 0.4873259 , 0.8148147 , -0.31399137    ,47.625 , -12.875 , -14.75
21209716  , -9.343558 , -15.622539 , 6.0201936    , 0.487326 , 0.8148147 , -0.31399137    ,46.375 , -10.1875 , -16.6875
213623  , -7.1234417 , -17.052675 , 9.00305    , 0.3465207 , 0.8295295 , -0.4379545    ,46.375 , -10.1875 , -16.6875
36499022  , -7.1234417 , -17.052675 , 9.00305    , 0.34652066 , 0.8295294 , -0.43795443    ,44.875 , -10.6875 , -18.875
274658  , -3.6774938 , -19.15021 , 13.021052    , 0.15683708 , 0.81671464 , -0.5553194    ,44.875 , -10.6875 , -18.875
32226561  , -3.6774938 , -19.15021 , 13.021052    , 0.15683703 , 0.81671435 , -0.55531925    ,41.5625 , -13.125 , -21.8125
305176  , 1.7297841 , -19.6133 , 17.62473    , -0.06545903 , 0.74221236 , -0.6669603    ,41.5625 , -13.125 , -21.8125
36407471  , 1.7297841 , -19.6133 , 17.62473    , -0.06545901 , 0.7422123 , -0.66696024    ,36.0 , -16.125 , -26.25
305176  , 6.1291566 , -19.6133 , 19.340895    , -0.21719876 , 0.69503605 , -0.6853828    ,36.0 , -16.125 , -26.25
32806398  , 6.1291566 , -19.6133 , 19.340895    , -0.21719876 , 0.69503593 , -0.6853827    ,29.125 , -18.8125 , -30.875
335693  , 10.882658 , -19.6133 , 19.340895    , -0.36744282 , 0.66222477 , -0.65302724    ,29.125 , -18.8125 , -30.875
35095217  , 10.882658 , -19.6133 , 19.340895    , -0.36744276 , 0.66222465 , -0.65302706    ,20.75 , -18.3125 , -35.75
213623  , 18.0061 , -19.6133 , 19.340895    , -0.547156 , 0.5959944 , -0.5877167    ,20.75 , -18.3125 , -35.75
43090821  , 18.0061 , -19.6133 , 19.340895    , -0.54715604 , 0.5959945 , -0.58771676    ,13.375 , -15.125 , -39.6875
244140  , 19.57244 , -19.6133 , 19.340895    , -0.57922035 , 0.58042955 , -0.572368    ,13.375 , -15.125 , -39.6875
36499025  , 19.57244 , -19.6133 , 19.340895    , -0.5792203 , 0.58042955 , -0.572368    ,7.5625 , -10.4375 , -42.875
427246  , 19.57244 , -13.0619135 , 19.340895    , -0.6425785 , 0.4288329 , -0.63497674    ,7.5625 , -10.4375 , -42.875
40161133  , 19.57244 , -13.0619135 , 19.340895    , -0.6425784 , 0.42883283 , -0.6349766    ,0.9375 , -7.1875 , -44.5625
488281  , 18.38747 , -6.0474343 , 19.340895    , -0.6719799 , 0.22100669 , -0.7068233    ,0.9375 , -7.1875 , -44.5625
37109376  , 18.38747 , -6.0474343 , 19.340895    , -0.6719798 , 0.22100663 , -0.7068232    ,-6.125 , -7.6875 , -43.8125
213623  , 12.789507 , -6.0882955 , 15.173067    , -0.61614835 , 0.2933102 , -0.7309789    ,-6.125 , -7.6875 , -43.8125
39764405  , 12.789507 , -6.0882955 , 15.173067    , -0.61614835 , 0.29331023 , -0.73097897    ,-12.5 , -11.375 , -40.875
213623  , 15.854085 , -5.8976107 , 9.575105    , -0.815644 , 0.30341402 , -0.4926098    ,-12.5 , -11.375 , -40.875
39947510  , 15.854085 , -5.8976107 , 9.575105    , -0.81564415 , 0.30341402 , -0.4926098    ,-21.375 , -18.0625 , -34.5625
396728  , 15.976667 , -3.8681788 , 4.862464    , -0.9319997 , 0.22565041 , -0.2836521    ,-21.375 , -18.0625 , -34.5625
39306640  , 15.976667 , -3.8681788 , 4.862464    , -0.9319997 , 0.22565041 , -0.28365207    ,-28.5 , -23.3125 , -25.0
488282  , 15.132206 , -4.099725 , 2.070293    , -0.9568964 , 0.25924915 , -0.13091655    ,-28.5 , -23.3125 , -25.0
40008544  , 15.132206 , -4.099725 , 2.070293    , -0.95689654 , 0.2592492 , -0.13091655    ,-33.8125 , -25.75 , -12.5
488281  , 12.789507 , -4.2495484 , 0.84446156    , -0.94712853 , 0.31470084 , -0.06253671    ,-33.8125 , -25.75 , -12.5
26977538  , 12.789507 , -4.2495484 , 0.84446156    , -0.94712853 , 0.31470084 , -0.0625367    ,-38.625 , -25.75 , 0.9375
244141  , 9.915613 , -6.0474343 , 0.7218784    , -0.8521012 , 0.51968807 , -0.062034838    ,-38.625 , -25.75 , 0.9375
39367674  , 9.915613 , -6.0474343 , 0.7218784    , -0.8521011 , 0.519688 , -0.0620348    ,-39.625 , -22.8125 , 12.875
335694  , 6.742072 , -7.014479 , 0.46309182    , -0.6921851 , 0.72015226 , -0.047544032    ,-39.625 , -22.8125 , 12.875
35888670  , 6.742072 , -7.014479 , 0.46309182    , -0.6921851 , 0.72015214 , -0.047544017    ,-38.875 , -18.3125 , 23.4375
1190186  , 4.862464 , -8.812365 , 0.8036005    , -0.48158053 , 0.8727804 , -0.079588935    ,-38.875 , -18.3125 , 23.4375
32470704  , 4.862464 , -8.812365 , 0.8036005    , -0.48158062 , 0.87278056 , -0.07958898    ,-36.625 , -12.625 , 30.0
427246  , 4.671779 , -11.3321295 , -2.9556155    , -0.37052146 , 0.8987576 , 0.23441152    ,-36.625 , -12.625 , 30.0
38604738  , 4.671779 , -11.3321295 , -2.9556155    , -0.37052146 , 0.8987577 , 0.23441157    ,-34.5625 , -7.1875 , 34.1875
518799  , 2.9556155 , -13.783792 , -5.366417    , -0.19594377 , 0.9138024 , 0.35576892    ,-34.5625 , -7.1875 , 34.1875
40313722  , 2.9556155 , -13.783792 , -5.366417    , -0.19594377 , 0.91380227 , 0.35576886    ,-32.8125 , -2.5 , 36.875
1678467  , 0.5720546 , -13.143636 , -6.238119    , -0.039289206 , 0.902716 , 0.42843926    ,-32.8125 , -2.5 , 36.875
101776125  , 0.5720546 , -13.143636 , -6.238119    , -0.039289176 , 0.9027159 , 0.4284393    ,-32.0625 , 0.5 , 37.375
244140  , 1.0351465 , -12.108489 , -5.325556    , -0.07801634 , 0.9125858 , 0.40137345    ,-32.0625 , 0.5 , 37.375
213624  , 1.0351465 , -12.108489 , -5.325556    , -0.07801634 , 0.9125857 , 0.40137345    ,-33.0625 , 1.0 , 36.875
244140  , 3.336985 , -12.108489 , -3.214402    , -0.25739014 , 0.9339585 , 0.24793497    ,-33.0625 , 1.0 , 36.875
19104004  , 3.336985 , -12.108489 , -3.214402    , -0.25739014 , 0.9339585 , 0.24793498    ,-33.8125 , 0.75 , 35.375
213623  , 6.2789803 , -12.680544 , -1.7978859    , -0.44020587 , 0.88900584 , 0.12604594    ,-33.8125 , 0.75 , 35.375
70281981  , 6.2789803 , -12.680544 , -1.7978859    , -0.4402058 , 0.88900566 , 0.1260459    ,-35.875 , -0.5 , 32.1875
823976  , 7.8589406 , -15.28203 , -0.19068487    , -0.45730197 , 0.88924235 , 0.011095688    ,-35.875 , -0.5 , 32.1875
17059325  , 7.8589406 , -15.28203 , -0.19068487    , -0.45730203 , 0.8892424 , 0.011095747    ,-38.125 , -2.25 , 29.25
244141  , 8.730643 , -18.619015 , 1.1441092    , -0.42389715 , 0.9040053 , -0.05554971    ,-38.125 , -2.25 , 29.25
30853271  , 8.730643 , -18.619015 , 1.1441092    , -0.4238971 , 0.90400505 , -0.05554968    ,-40.1875 , -3.5 , 25.875
3021241  , 9.956474 , -19.6133 , 2.6832085    , -0.4493236 , 0.88512444 , -0.12109001    ,-40.1875 , -3.5 , 25.875
31066894  , 9.956474 , -19.6133 , 2.6832085    , -0.4493237 , 0.8851247 , -0.12108998    ,-42.1875 , -4.6875 , 21.9375
396728  , 11.836082 , -19.6133 , 4.440233    , -0.5072394 , 0.8405348 , -0.19028771    ,-42.1875 , -4.6875 , 21.9375
40496825  , 11.836082 , -19.6133 , 4.440233    , -0.5072394 , 0.84053475 , -0.19028771    ,-43.6875 , -5.4375 , 19.0
244141  , 12.489859 , -19.6133 , 9.575105    , -0.49667817 , 0.77995265 , -0.38076854    ,-43.6875 , -5.4375 , 19.0
7904052  , 12.489859 , -19.6133 , 9.575105    , -0.49667823 , 0.77995265 , -0.3807686    ,-44.5 , -5.4375 , 14.625
244140  , 13.0619135 , -19.6133 , 18.237646    , -0.43835217 , 0.65821373 , -0.61204743    ,-44.5 , -5.4375 , 14.625
20660400  , 13.0619135 , -19.6133 , 18.237646    , -0.43835214 , 0.65821385 , -0.61204743    ,-45.25 , -4.1875 , 10.6875
305176  , 15.091345 , -19.6133 , 19.340895    , -0.4804844 , 0.6244562 , -0.61578333    ,-45.25 , -4.1875 , 10.6875
41503908  , 15.091345 , -19.6133 , 19.340895    , -0.48048443 , 0.6244563 , -0.6157833    ,-45.5 , -3.5 , 6.3125
274658  , 16.930092 , -19.6133 , 19.381754    , -0.5232315 , 0.6061572 , -0.59900117    ,-45.5 , -3.5 , 6.3125
34759524  , 16.930092 , -19.6133 , 19.381754    , -0.52323145 , 0.6061571 , -0.59900117    ,-46.4375 , -0.8125 , 0.875
305176  , 18.0061 , -19.6133 , 19.340895    , -0.5471559 , 0.59599423 , -0.58771664    ,-46.4375 , -0.8125 , 0.875
39794923  , 18.0061 , -19.6133 , 19.340895    , -0.547156 , 0.59599435 , -0.58771676    ,-46.1875 , 2.1875 , -2.3125
457764  , 6.851035 , -15.976667 , 19.340895    , -0.2634505 , 0.6143687 , -0.74373704    ,-46.1875 , 2.1875 , -2.3125
38909913  , 6.851035 , -15.976667 , 19.340895    , -0.26345053 , 0.61436874 , -0.74373716    ,-45.1875 , 3.4375 , -6.5
457763  , 7.668256 , -7.9270425 , 19.15021    , -0.34699386 , 0.35870418 , -0.8665602    ,-45.1875 , 3.4375 , -6.5
38787843  , 7.668256 , -7.9270425 , 19.15021    , -0.34699386 , 0.35870415 , -0.8665602    ,-45.0 , 4.4375 , -12.375
427246  , 5.8976107 , -5.6252036 , 17.120777    , -0.31102765 , 0.29666147 , -0.902914    ,-45.0 , 4.4375 , -12.375
39123535  , 5.8976107 , -5.6252036 , 17.120777    , -0.31102768 , 0.29666153 , -0.90291405    ,-44.125 , 2.875 , -18.3125
457763  , 5.7477865 , -3.486809 , 16.126492    , -0.32897785 , 0.19956954 , -0.92300904    ,-44.125 , 2.875 , -18.3125
40252685  , 5.7477865 , -3.486809 , 16.126492    , -0.3289779 , 0.19956955 , -0.9230091    ,-40.75 , -1.4375 , -23.6875
213623  , 5.284695 , -2.5606253 , 16.08563    , -0.3086129 , 0.14953408 , -0.9393603    ,-40.75 , -1.4375 , -23.6875
38421631  , 5.284695 , -2.5606253 , 16.08563    , -0.30861285 , 0.14953403 , -0.93936014    ,-36.1875 , -5.4375 , -28.75
335693  , 5.243834 , -1.920469 , 16.739407    , -0.29716244 , 0.108830914 , -0.9486042    ,-36.1875 , -5.4375 , -28.75
41717528  , 5.243834 , -1.920469 , 16.739407    , -0.29716253 , 0.10883094 , -0.9486044    ,-29.8125 , -11.0625 , -32.5
335693  , 5.706926 , -0.5720546 , 16.167353    , -0.3326766 , 0.033347026 , -0.94245136    ,-29.8125 , -11.0625 , -32.5
36895751  , 5.706926 , -0.5720546 , 16.167353    , -0.33267656 , 0.033347048 , -0.94245136    ,-20.9375 , -17.0625 , -35.4375
427246  , 0.23154591 , -0.5720546 , 13.484144    , -0.017153764 , 0.042379886 , -0.99895436    ,-20.9375 , -17.0625 , -35.4375
39733885  , 0.23154591 , -0.5720546 , 13.484144    , -0.017153759 , 0.04237988 , -0.9989543    ,-11.0625 , -21.375 , -36.5625
427246  , -2.7513103 , -1.2258313 , 13.211738    , 0.20303771 , 0.09046234 , -0.9749831    ,-11.0625 , -21.375 , -36.5625
39306639  , -2.7513103 , -1.2258313 , 13.211738    , 0.20303775 , 0.09046236 , -0.9749832    ,0.375 , -25.875 , -36.1875
213623  , -4.2904096 , -2.7240696 , 9.997335    , 0.38256192 , 0.2428965 , -0.89143014    ,0.375 , -25.875 , -36.1875
335693  , -4.2904096 , -2.7240696 , 9.997335    , 0.38256195 , 0.24289645 , -0.8914301    ,11.25 , -27.8125 , -33.6875
244140  , -4.2086873 , -2.982856 , 8.580819    , 0.42036262 , 0.2979269 , -0.85705006    ,11.25 , -27.8125 , -33.6875
28839113  , -4.2086873 , -2.982856 , 8.580819    , 0.42036262 , 0.2979269 , -0.85705    ,20.0 , -27.5 , -29.8125
244140  , -3.0645783 , -2.2201166 , 8.539958    , 0.32808352 , 0.23767826 , -0.9142593    ,20.0 , -27.5 , -29.8125
44189454  , -3.0645783 , -2.2201166 , 8.539958    , 0.32808352 , 0.23767829 , -0.9142594    ,27.6875 , -26.1875 , -26.125
366211  , -2.9147544 , -3.173541 , 7.8180795    , 0.32651356 , 0.3555031 , -0.87578875    ,27.6875 , -26.1875 , -26.125
35034181  , -2.9147544 , -3.173541 , 7.8180795    , 0.32651368 , 0.35550323 , -0.875789    ,32.5 , -23.0 , -23.4375
366211  , -6.851035 , -7.4639506 , 5.8567495    , 0.5854329 , 0.63780755 , -0.50046945    ,32.5 , -23.0 , -23.4375
38696290  , -6.851035 , -7.4639506 , 5.8567495    , 0.5854329 , 0.6378076 , -0.50046945    ,36.3125 , -19.25 , -21.4375
396729  , -9.656827 , -10.269742 , 2.3426998    , 0.67576504 , 0.7186556 , -0.16393733    ,36.3125 , -19.25 , -21.4375
38787842  , -9.656827 , -10.269742 , 2.3426998    , 0.6757651 , 0.71865565 , -0.16393733    ,39.9375 , -15.0 , -20.0625
427246  , -9.888372 , -12.258313 , -1.607201    , 0.6246101 , 0.77431 , 0.10152063    ,39.9375 , -15.0 , -20.0625
37231445  , -9.888372 , -12.258313 , -1.607201    , 0.62461007 , 0.77430993 , 0.10152063    ,42.1875 , -10.0625 , -19.5625
244141  , -9.534244 , -17.815414 , -2.1111538    , 0.46929276 , 0.87690705 , 0.10391484    ,42.1875 , -10.0625 , -19.5625
38940430  , -9.534244 , -17.815414 , -2.1111538    , 0.4692928 , 0.8769071 , 0.10391483    ,43.1875 , -6.3125 , -19.8125
335693  , -7.5456724 , -19.57244 , 1.2666923    , 0.35906455 , 0.9313642 , -0.060276188    ,43.1875 , -6.3125 , -19.8125
39428710  , -7.5456724 , -19.57244 , 1.2666923    , 0.35906452 , 0.93136406 , -0.060276173    ,43.4375 , -3.5625 , -20.8125
427246  , -3.3642259 , -19.6133 , 7.014479    , 0.15944338 , 0.92954826 , -0.3324426    ,43.4375 , -3.5625 , -20.8125
39733886  , -3.3642259 , -19.6133 , 7.014479    , 0.15944336 , 0.9295482 , -0.33244258    ,42.875 , -2.125 , -22.4375
244140  , 0.53119355 , -19.6133 , 11.686258    , -0.023260131 , 0.8588355 , -0.51172286    ,42.875 , -2.125 , -22.4375
39062499  , 0.53119355 , -19.6133 , 11.686258    , -0.023260146 , 0.8588357 , -0.5117229    ,40.5 , -3.1875 , -26.5625
335693  , 7.7363577 , -19.6133 , 15.745122    , -0.2939984 , 0.7453479 , -0.5983487    ,40.5 , -3.1875 , -26.5625
38940429  , 7.7363577 , -19.6133 , 15.745122    , -0.29399842 , 0.74534804 , -0.59834886    ,35.1875 , -5.3125 , -31.5625
366211  , 12.340035 , -19.6133 , 19.272793    , -0.40942857 , 0.6507474 , -0.6394498    ,35.1875 , -5.3125 , -31.5625
38482665  , 12.340035 , -19.6133 , 19.272793    , -0.40942854 , 0.65074736 , -0.6394497    ,27.0625 , -7.5625 , -37.1875
396729  , 18.891422 , -19.6133 , 19.340895    , -0.5655918 , 0.58720416 , -0.5790485    ,27.0625 , -7.5625 , -37.1875
43182374  , 18.891422 , -19.6133 , 19.340895    , -0.56559175 , 0.58720416 , -0.5790485    ,17.5 , -7.1875 , -43.125
457764  , 19.57244 , -19.504337 , 19.340895    , -0.5803044 , 0.5782853 , -0.5734393    ,17.5 , -7.1875 , -43.125
35461427  , 19.57244 , -19.504337 , 19.340895    , -0.58030456 , 0.5782854 , -0.5734395    ,6.875 , -4.9375 , -47.0625
427246  , 19.57244 , -3.718355 , 17.434046    , -0.73931867 , 0.14045513 , -0.6585442    ,6.875 , -4.9375 , -47.0625
41137697  , 19.57244 , -3.718355 , 17.434046    , -0.73931867 , 0.14045511 , -0.6585442    ,-3.3125 , -2.5 , -48.0625
213623  , 14.669114 , -7.6954966 , 15.894946    , -0.6389646 , 0.33520427 , -0.69236    ,-3.3125 , -2.5 , -48.0625
44525148  , 14.669114 , -7.6954966 , 15.894946    , -0.6389648 , 0.33520436 , -0.69236016    ,-12.4375 , -0.75 , -47.0625
274658  , 12.639683 , -8.662541 , 11.645397    , -0.6567362 , 0.45009083 , -0.6050748    ,-12.4375 , -0.75 , -47.0625
33966064  , 12.639683 , -8.662541 , 11.645397    , -0.6567361 , 0.4500907 , -0.60507476    ,-22.0625 , -0.5 , -43.375
335693  , 18.38747 , -8.539958 , 6.932757    , -0.8581665 , 0.39857072 , -0.32356054    ,-22.0625 , -0.5 , -43.375
37780763  , 18.38747 , -8.539958 , 6.932757    , -0.8581667 , 0.39857078 , -0.32356063    ,-30.6875 , -0.5 , -38.0
427246  , 15.935807 , -3.214402 , 7.1234417    , -0.8978444 , 0.18110365 , -0.4013441    ,-30.6875 , -0.5 , -38.0
39154053  , 15.935807 , -3.214402 , 7.1234417    , -0.8978444 , 0.18110363 , -0.40134412    ,-36.3125 , -0.5 , -34.375
457763  , 10.038197 , -5.5571017 , 3.486809    , -0.83708453 , 0.46340638 , -0.29076478    ,-36.3125 , -0.5 , -34.375
40588378  , 10.038197 , -5.5571017 , 3.486809    , -0.83708453 , 0.46340635 , -0.29076478    ,-39.5625 , -1.0 , -31.875
213623  , 6.4424243 , -10.991621 , -5.053149    , -0.47004354 , 0.80195594 , 0.36868116    ,-39.5625 , -1.0 , -31.875
55145263  , 6.4424243 , -10.991621 , -5.053149    , -0.47004345 , 0.8019559 , 0.36868107    ,-39.875 , -2.0 , -32.125
244140  , 9.084772 , -10.038197 , -6.742072    , -0.6006614 , 0.66369927 , 0.44576815    ,-39.875 , -2.0 , -32.125
21636962  , 9.084772 , -10.038197 , -6.742072    , -0.6006613 , 0.66369927 , 0.4457682    ,-37.5625 , -3.0 , -34.375
244140  , 16.930092 , -17.270601 , -5.5162406    , -0.6825038 , 0.69623077 , 0.22237653    ,-37.5625 , -3.0 , -34.375
29357909  , 16.930092 , -17.270601 , -5.5162406    , -0.6825039 , 0.6962309 , 0.2223766    ,-35.8125 , -2.25 , -36.3125
274658  , 19.57244 , -19.504337 , -7.6954966    , -0.68236834 , 0.679994 , 0.26829377    ,-35.8125 , -2.25 , -36.3125
39672850  , 19.57244 , -19.504337 , -7.6954966    , -0.6823683 , 0.679994 , 0.26829377    ,-34.5 , -0.5 , -38.25
335693  , 19.57244 , -19.57244 , -3.5276701    , -0.70143306 , 0.70143306 , 0.12642394    ,-34.5 , -0.5 , -38.25
39001463  , 19.57244 , -19.57244 , -3.5276701    , -0.7014331 , 0.7014331 , 0.12642393    ,-32.5 , 1.25 , -39.5
457764  , 19.57244 , -19.6133 , 1.1849703    , -0.70572406 , 0.7071974 , -0.0427265    ,-32.5 , 1.25 , -39.5
39611817  , 19.57244 , -19.6133 , 1.1849703    , -0.705724 , 0.7071973 , -0.04272653    ,-32.0 , 3.25 , -40.0
518799  , 19.340895 , -19.6133 , 9.507003    , -0.663725 , 0.67307323 , -0.32625356    ,-32.0 , 3.25 , -40.0
38696291  , 19.340895 , -19.6133 , 9.507003    , -0.663725 , 0.67307323 , -0.32625353    ,-31.75 , 3.0 , -39.75
488282  , 17.2025 , -19.6133 , 18.891422    , -0.5340709 , 0.6089169 , -0.58650535    ,-31.75 , 3.0 , -39.75
40527345  , 17.2025 , -19.6133 , 18.891422    , -0.53407073 , 0.60891676 , -0.58650523    ,-29.4375 , 1.75 , -39.5
518799  , 15.023244 , -19.6133 , 19.340895    , -0.47881415 , 0.62510633 , -0.6164244    ,-29.4375 , 1.75 , -39.5
37109376  , 15.023244 , -19.6133 , 19.340895    , -0.47881407 , 0.62510633 , -0.6164243    ,-26.875 , -1.25 , -39.75
213624  , 9.302697 , -19.6133 , 19.381754    , -0.31966817 , 0.67397106 , -0.6660143    ,-26.875 , -1.25 , -39.75
39123536  , 9.302697 , -19.6133 , 19.381754    , -0.3196682 , 0.6739711 , -0.66601443    ,-22.3125 , -4.9375 , -40.4375
335693  , 3.173541 , -19.6133 , 19.340895    , -0.114454 , 0.7073551 , -0.6975307    ,-22.3125 , -4.9375 , -40.4375
39276123  , 3.173541 , -19.6133 , 19.340895    , -0.11445401 , 0.70735514 , -0.69753087    ,-16.0 , -8.9375 , -41.6875
427246  , 0.27240697 , -19.6133 , 17.052675    , -0.010480657 , 0.7546092 , -0.6560908    ,-16.0 , -8.9375 , -41.6875
43029785  , 0.27240697 , -19.6133 , 17.052675    , -0.01048068 , 0.75460917 , -0.65609074    ,-9.875 , -13.375 , -42.1875
457763  , -2.1792557 , -16.739407 , 13.906375    , 0.099640965 , 0.7653671 , -0.635834    ,-9.875 , -13.375 , -42.1875
36773681  , -2.1792557 , -16.739407 , 13.906375    , 0.09964099 , 0.7653672 , -0.6358339    ,-3.8125 , -16.875 , -41.4375
701904  , -3.8273177 , -13.484144 , 13.593107    , 0.19601694 , 0.6905934 , -0.69617397    ,-3.8125 , -16.875 , -41.4375
40069579  , -3.8273177 , -13.484144 , 13.593107    , 0.19601688 , 0.6905933 , -0.6961739    ,2.3125 , -21.0625 , -39.75
274658  , -4.5900574 , -9.343558 , 10.760075    , 0.30658352 , 0.624084 , -0.71869737    ,2.3125 , -21.0625 , -39.75
36285400  , -4.5900574 , -9.343558 , 10.760075    , 0.30658355 , 0.624084 , -0.71869737    ,8.375 , -24.3125 , -37.3125
305176  , -5.407278 , -6.469665 , 10.991621    , 0.39032727 , 0.46701628 , -0.7934361    ,8.375 , -24.3125 , -37.3125
39337157  , -5.407278 , -6.469665 , 10.991621    , 0.39032724 , 0.46701622 , -0.793436    ,14.1875 , -26.25 , -34.375
366211  , -5.6252036 , -5.012288 , 9.152874    , 0.47450057 , 0.42279956 , -0.77206874    ,14.1875 , -26.25 , -34.375
39245605  , -5.6252036 , -5.012288 , 9.152874    , 0.47450054 , 0.4227996 , -0.77206874    ,20.3125 , -27.5 , -31.6875
366210  , -6.0201936 , -4.140586 , 8.158588    , 0.5496812 , 0.3780613 , -0.7449299    ,20.3125 , -27.5 , -31.6875
39398193  , -6.0201936 , -4.140586 , 8.158588    , 0.5496811 , 0.37806123 , -0.74492985    ,25.375 , -27.75 , -29.0
427246  , -6.973618 , -5.012288 , 7.3958488    , 0.61529875 , 0.44224602 , -0.6525532    ,25.375 , -27.75 , -29.0
39184572  , -6.973618 , -5.012288 , 7.3958488    , 0.6152989 , 0.44224608 , -0.65255326    ,30.4375 , -26.75 , -26.0625
396728  , -7.3549876 , -4.5219555 , 6.5513873    , 0.67862266 , 0.41722733 , -0.6044769    ,30.4375 , -26.75 , -26.0625
39154054  , -7.3549876 , -4.5219555 , 6.5513873    , 0.67862284 , 0.4172274 , -0.604477    ,34.75 , -24.8125 , -23.125
457764  , -7.8180795 , -4.862464 , 5.284695    , 0.73646104 , 0.4580428 , -0.49781692    ,34.75 , -24.8125 , -23.125
39978028  , -7.8180795 , -4.862464 , 5.284695    , 0.73646104 , 0.45804283 , -0.49781686    ,37.8125 , -22.3125 , -20.1875
396728  , -8.19945 , -5.938472 , 4.7943625    , 0.73197013 , 0.5301312 , -0.42799586    ,37.8125 , -22.3125 , -20.1875
37933351  , -8.19945 , -5.938472 , 4.7943625    , 0.73197025 , 0.5301312 , -0.4279959    ,40.375 , -18.8125 , -18.1875
396729  , -8.771504 , -6.4015636 , 3.718355    , 0.76419866 , 0.5577226 , -0.3239538    ,40.375 , -18.8125 , -18.1875
51269532  , -8.771504 , -6.4015636 , 3.718355    , 0.76419866 , 0.55772257 , -0.32395378    ,42.125 , -15.125 , -18.0
305176  , -8.771504 , -7.014479 , 3.718355    , 0.74141115 , 0.5928986 , -0.31429383    ,42.125 , -15.125 , -18.0
16540528  , -8.771504 , -7.014479 , 3.718355    , 0.74141115 , 0.59289867 , -0.31429386    ,43.625 , -12.375 , -18.0
1098633  , -8.471856 , -8.308413 , 3.1054392    , 0.6906985 , 0.6773732 , -0.25318208    ,43.625 , -12.375 , -18.0
38818359  , -8.471856 , -8.308413 , 3.1054392    , 0.6906984 , 0.67737305 , -0.25318205    ,44.9375 , -9.9375 , -18.9375
244140  , -7.504812 , -10.310603 , 2.9556155    , 0.5732935 , 0.7876282 , -0.22577985    ,44.9375 , -9.9375 , -18.9375
28961181  , -7.504812 , -10.310603 , 2.9556155    , 0.57329357 , 0.7876283 , -0.22577985    ,45.1875 , -7.4375 , -20.1875
274659  , -7.3141265 , -13.633968 , 3.0645783    , 0.4637252 , 0.8644115 , -0.19429828    ,45.1875 , -7.4375 , -20.1875
39886474  , -7.3141265 , -13.633968 , 3.0645783    , 0.46372524 , 0.8644115 , -0.19429827    ,44.9375 , -5.6875 , -20.4375
427246  , -6.851035 , -18.04696 , 4.140586    , 0.34701625 , 0.91410834 , -0.20972751    ,44.9375 , -5.6875 , -20.4375
38879394  , -6.851035 , -18.04696 , 4.140586    , 0.34701622 , 0.9141083 , -0.2097275    ,43.625 , -2.75 , -22.375
457764  , -3.255263 , -19.6133 , 6.4424243    , 0.155759 , 0.93846434 , -0.30825943    ,43.625 , -2.75 , -22.375
39611816  , -3.255263 , -19.6133 , 6.4424243    , 0.15575904 , 0.9384644 , -0.30825952    ,40.875 , -0.5 , -26.0625
457764  , 3.759216 , -19.6133 , 11.876944    , -0.1617896 , 0.8441197 , -0.5111614    ,40.875 , -0.5 , -26.0625
38574218  , 3.759216 , -19.6133 , 11.876944    , -0.1617896 , 0.84411955 , -0.5111613    ,37.0625 , 0.5 , -30.1875
488282  , 14.9006605 , -19.6133 , 19.000385    , -0.4789933 , 0.63048476 , -0.61078215    ,37.0625 , 0.5 , -30.1875
40008544  , 14.9006605 , -19.6133 , 19.000385    , -0.4789932 , 0.63048464 , -0.610782    ,30.9375 , 2.25 , -35.8125
488281  , 19.504337 , -19.6133 , 19.340895    , -0.57787883 , 0.5811072 , -0.5730363    ,30.9375 , 2.25 , -35.8125
37719729  , 19.504337 , -19.6133 , 19.340895    , -0.5778788 , 0.58110714 , -0.5730362    ,25.375 , 3.25 , -40.4375
244140  , 19.57244 , -19.6133 , 19.340895    , -0.5792203 , 0.58042955 , -0.5723681    ,25.375 , 3.25 , -40.4375
41809083  , 19.57244 , -19.6133 , 19.340895    , -0.5792204 , 0.5804296 , -0.5723681    ,20.8125 , 4.6875 , -43.375
37445069  , 19.57244 , -19.6133 , 19.340895    , -0.5792204 , 0.5804296 , -0.57236814    ,16.0 , 3.25 , -45.625
53924561  , 19.57244 , -19.6133 , 19.340895    , -0.57922035 , 0.58042955 , -0.5723681    ,9.625 , -3.6875 , -45.125
488281  , 19.57244 , -19.6133 , 19.313654    , -0.57948774 , 0.58069754 , -0.57182586    ,9.625 , -3.6875 , -45.125
36102295  , 19.57244 , -19.6133 , 19.313654    , -0.57948756 , 0.5806974 , -0.57182574    ,-1.75 , -12.375 , -40.25
2746582  , 19.57244 , -19.6133 , 9.425281    , -0.6687386 , 0.6701348 , -0.32203698    ,-1.75 , -12.375 , -40.25
25634766  , 19.57244 , -19.6133 , 9.425281    , -0.6687386 , 0.6701348 , -0.32203698    ,-16.0 , -19.5625 , -33.125
213623  , 19.531578 , -19.6133 , 6.4424243    , -0.68725944 , 0.690135 , -0.22669011    ,-16.0 , -19.5625 , -33.125
32257080  , 19.531578 , -19.6133 , 6.4424243    , -0.68725944 , 0.690135 , -0.22669017    ,-29.4375 , -22.0625 , -24.5625
213623  , 18.46919 , -19.6133 , 5.053149    , -0.6738038 , 0.71554387 , -0.18435194    ,-29.4375 , -22.0625 , -24.5625
37261963  , 18.46919 , -19.6133 , 5.053149    , -0.6738038 , 0.7155439 , -0.18435194    ,-38.75 , -21.3125 , -19.125
335693  , 17.815414 , -19.6133 , 2.6832085    , -0.66894454 , 0.73645276 , -0.100750834    ,-38.75 , -21.3125 , -19.125
39916991  , 17.815414 , -19.6133 , 2.6832085    , -0.6689445 , 0.7364527 , -0.100750804    ,-42.0625 , -17.8125 , -19.625
518799  , 19.531578 , -19.6133 , -3.9499009    , -0.6985524 , 0.7014752 , 0.14126937    ,-42.0625 , -17.8125 , -19.625
39001464  , 19.531578 , -19.6133 , -3.9499009    , -0.6985525 , 0.70147526 , 0.14126933    ,-39.875 , -17.75 , -24.3125
488281  , 17.924377 , -19.6133 , -6.701211    , -0.654126 , 0.71576095 , 0.24455166    ,-39.875 , -17.75 , -24.3125
37933348  , 17.924377 , -19.6133 , -6.701211    , -0.654126 , 0.71576095 , 0.24455167    ,-35.625 , -18.25 , -31.125
213623  , 15.554437 , -19.6133 , 2.8330324    , -0.61743 , 0.7785457 , -0.11245662    ,-35.625 , -18.25 , -31.125
40252684  , 15.554437 , -19.6133 , 2.8330324    , -0.61743003 , 0.77854574 , -0.11245665    ,-32.0625 , -16.3125 , -36.0
396729  , 16.358038 , -19.6133 , 13.593107    , -0.56540316 , 0.6779188 , -0.46983546    ,-32.0625 , -16.3125 , -36.0
39062501  , 16.358038 , -19.6133 , 13.593107    , -0.5654033 , 0.6779189 , -0.46983546    ,-30.9375 , -12.6875 , -38.0
549316  , 15.595298 , -19.6133 , 19.340895    , -0.49268273 , 0.6196185 , -0.6110127    ,-30.9375 , -12.6875 , -38.0
39947512  , 15.595298 , -19.6133 , 19.340895    , -0.49268278 , 0.61961854 , -0.61101276    ,-30.75 , -9.375 , -37.5625
48675539  , 14.369467 , -19.6133 , 19.340895    , -0.46251348 , 0.63129807 , -0.62253    ,-30.75 , -9.375 , -37.5625
305176  , 14.369467 , -19.6133 , 19.340895    , -0.46251357 , 0.6312981 , -0.6225301    ,-30.5625 , -7.8125 , -37.4375
244141  , 5.5571017 , -19.6133 , 19.340895    , -0.19775872 , 0.697972 , -0.68827796    ,-30.5625 , -7.8125 , -37.4375
28839112  , 5.5571017 , -19.6133 , 19.340895    , -0.1977587 , 0.69797194 , -0.6882779    ,-25.8125 , -9.125 , -39.0625
213623  , 3.718355 , -19.6133 , 19.272793    , -0.1340047 , 0.7068379 , -0.6945665    ,-25.8125 , -9.125 , -39.0625
39672852  , 3.718355 , -19.6133 , 19.272793    , -0.13400471 , 0.70683795 , -0.6945665    ,-16.1875 , -11.0625 , -41.5
366210  , 1.7978859 , -19.6133 , 12.9529505    , -0.076268375 , 0.832019 , -0.5494791    ,-16.1875 , -11.0625 , -41.5
41198731  , 1.7978859 , -19.6133 , 12.9529505    , -0.07626841 , 0.83201903 , -0.54947925    ,-7.25 , -14.0 , -43.6875
396729  , -2.3426998 , -17.161638 , 16.276316    , 0.09856435 , 0.7220412 , -0.68479294    ,-7.25 , -14.0 , -43.6875
36315918  , -2.3426998 , -17.161638 , 16.276316    , 0.09856434 , 0.7220412 , -0.684793    ,2.6875 , -16.25 , -44.4375
366211  , -4.5219555 , -15.431854 , 17.733692    , 0.18889523 , 0.6446334 , -0.74078786    ,2.6875 , -16.25 , -44.4375
41687011  , -4.5219555 , -15.431854 , 17.733692    , 0.18889523 , 0.6446334 , -0.74078786    ,10.0625 , -17.6875 , -42.75
366211  , -5.6252036 , -13.865514 , 14.369467    , 0.27115253 , 0.6683614 , -0.69265354    ,10.0625 , -17.6875 , -42.75
38055420  , -5.6252036 , -13.865514 , 14.369467    , 0.27115262 , 0.6683616 , -0.6926537    ,15.6875 , -19.875 , -40.0625
427246  , -5.243834 , -10.501288 , 12.789507    , 0.3020758 , 0.60493624 , -0.73675114    ,15.6875 , -19.875 , -40.0625
40863036  , -5.243834 , -10.501288 , 12.789507    , 0.30207583 , 0.60493624 , -0.73675114    ,22.75 , -20.875 , -36.625
427246  , -6.0201936 , -8.499097 , 14.7916975    , 0.33277923 , 0.469806 , -0.81764317    ,22.75 , -20.875 , -36.625
36041259  , -6.0201936 , -8.499097 , 14.7916975    , 0.33277923 , 0.46980596 , -0.81764305    ,29.625 , -20.625 , -32.1875
396728  , -6.4015636 , -9.656827 , 11.495573    , 0.3922232 , 0.59167284 , -0.7043327    ,29.625 , -20.625 , -32.1875
39733885  , -6.4015636 , -9.656827 , 11.495573    , 0.39222312 , 0.5916728 , -0.7043325    ,35.9375 , -19.25 , -27.4375
427246  , -6.8237944 , -9.343558 , 9.847511    , 0.44912854 , 0.6149744 , -0.6481436    ,35.9375 , -19.25 , -27.4375
38696288  , -6.8237944 , -9.343558 , 9.847511    , 0.44912857 , 0.6149744 , -0.64814353    ,42.25 , -17.8125 , -22.0625
427246  , -8.049625 , -9.575105 , 7.014479    , 0.5612774 , 0.66764474 , -0.48909962    ,42.25 , -17.8125 , -22.0625
39154055  , -8.049625 , -9.575105 , 7.014479    , 0.5612774 , 0.66764474 , -0.48909956    ,46.875 , -14.6875 , -16.875
427246  , -9.615966 , -9.343558 , 4.7535014    , 0.6759671 , 0.6568178 , -0.33415368    ,46.875 , -14.6875 , -16.875
38574221  , -9.615966 , -9.343558 , 4.7535014    , 0.67596716 , 0.65681785 , -0.3341537    ,50.9375 , -10.6875 , -11.75
457763  , -9.765789 , -7.1234417 , 3.486809    , 0.77625686 , 0.56622356 , -0.27715728    ,50.9375 , -10.6875 , -11.75
39520265  , -9.765789 , -7.1234417 , 3.486809    , 0.7762568 , 0.5662236 , -0.27715725    ,54.25 , -7.25 , -8.0625
396728  , -8.076866 , -4.4810944 , 0.14982383    , 0.8743204 , 0.48507822 , -0.016218416    ,54.25 , -7.25 , -8.0625
39093019  , -8.076866 , -4.4810944 , 0.14982383    , 0.87432027 , 0.48507822 , -0.016218409    ,57.3125 , -5.0 , -5.375
427246  , -7.6273947 , -3.636633 , -0.50395286    , 0.9010508 , 0.42960817 , 0.059533708    ,57.3125 , -5.0 , -5.375
39581299  , -7.6273947 , -3.636633 , -0.50395286    , 0.901051 , 0.42960826 , 0.05953373    ,59.5625 , -4.5 , -3.4375
427246  , -7.8180795 , -5.47538 , -0.61291564    , 0.8174141 , 0.5724748 , 0.064082995    ,59.5625 , -4.5 , -3.4375
38391114  , -7.8180795 , -5.47538 , -0.61291564    , 0.81741416 , 0.5724747 , 0.064082995    ,61.125 , -4.5 , -0.5
396728  , -9.302697 , -8.349273 , 0.08172209    , 0.7441985 , 0.6679264 , -0.0065376153    ,61.125 , -4.5 , -0.5
39306640  , -9.302697 , -8.349273 , 0.08172209    , 0.74419856 , 0.6679264 , -0.0065376163    ,60.625 , -4.0 , 4.375
396729  , -9.302697 , -11.264028 , 0.53119355    , 0.63636464 , 0.7705323 , -0.036337074    ,60.625 , -4.0 , 4.375
39123534  , -9.302697 , -11.264028 , 0.53119355    , 0.6363646 , 0.7705322 , -0.03633707    ,57.8125 , -2.3125 , 10.75
366211  , -8.158588 , -10.228881 , -0.29964766    , 0.62338847 , 0.78157717 , 0.022895731    ,57.8125 , -2.3125 , 10.75
39245605  , -8.158588 , -10.228881 , -0.29964766    , 0.6233885 , 0.7815773 , 0.022895738    ,54.75 , -1.3125 , 17.125
457763  , -6.510526 , -9.302697 , -2.3699405    , 0.5612861 , 0.802005 , 0.20431753    ,54.75 , -1.3125 , 17.125
42144774  , -6.510526 , -9.302697 , -2.3699405    , 0.5612861 , 0.80200505 , 0.20431754    ,50.4375 , -1.8125 , 22.25
427246  , -6.1291566 , -9.084772 , -3.405087    , 0.53409344 , 0.79164517 , 0.2967186    ,50.4375 , -1.8125 , 22.25
85845944  , -6.1291566 , -9.084772 , -3.405087    , 0.53409344 , 0.79164517 , 0.29671857    ,47.125 , -4.0 , 24.6875
305176  , -5.938472 , -11.9450445 , -1.7297841    , 0.44147426 , 0.8880113 , 0.12859455    ,47.125 , -4.0 , 24.6875
244141  , -5.938472 , -11.9450445 , -1.7297841    , 0.4414742 , 0.88801116 , 0.12859456    ,44.875 , -8.25 , 24.1875
244141  , -5.134871 , -14.709975 , -0.50395286    , 0.32939926 , 0.943637 , 0.032328308    ,44.875 , -8.25 , 24.1875
28656007  , -5.134871 , -14.709975 , -0.50395286    , 0.32939926 , 0.94363713 , 0.032328315    ,42.5625 , -13.1875 , 20.8125
244141  , -0.5720546 , -18.959524 , 0.08172209    , 0.030158404 , 0.9995357 , -0.004308343    ,42.5625 , -13.1875 , 20.8125
39703371  , -0.5720546 , -18.959524 , 0.08172209    , 0.030158406 , 0.9995357 , -0.004308342    ,40.5625 , -20.125 , 12.9375
274658  , 8.812365 , -19.6133 , 8.390134    , -0.38180128 , 0.84975874 , -0.36350787    ,40.5625 , -20.125 , 12.9375
39550783  , 8.812365 , -19.6133 , 8.390134    , -0.38180128 , 0.8497586 , -0.36350784    ,34.6875 , -27.8125 , 0.75
366211  , 18.196785 , -19.6133 , 19.082108    , -0.55372816 , 0.59683275 , -0.5806685    ,34.6875 , -27.8125 , 0.75
43121339  , 18.196785 , -19.6133 , 19.082108    , -0.55372816 , 0.5968327 , -0.5806685    ,23.5625 , -32.25 , -13.6875
366211  , 19.57244 , -19.6133 , 19.340895    , -0.5792204 , 0.5804296 , -0.5723681    ,23.5625 , -32.25 , -13.6875
43731690  , 19.57244 , -19.6133 , 19.340895    , -0.5792203 , 0.58042955 , -0.572368    ,8.3125 , -27.8125 , -27.625
213623  , 19.57244 , -19.6133 , 19.381754    , -0.57881933 , 0.5800278 , -0.5731803    ,8.3125 , -27.8125 , -27.625
39611816  , 19.57244 , -19.6133 , 19.381754    , -0.5788194 , 0.5800277 , -0.57318026    ,-9.4375 , -14.9375 , -33.5
427246  , 19.57244 , -8.880466 , 18.578154    , -0.6889437 , 0.31258962 , -0.6539452    ,-9.4375 , -14.9375 , -33.5
43121337  , 19.57244 , -8.880466 , 18.578154    , -0.6889437 , 0.3125896 , -0.65394515    ,-24.1875 , 1.9375 , -32.25
457763  , 19.57244 , -5.7886477 , 19.340895    , -0.69606584 , 0.20586501 , -0.6878313    ,-24.1875 , 1.9375 , -32.25
36621093  , 19.57244 , -5.7886477 , 19.340895    , -0.6960659 , 0.20586501 , -0.68783146    ,-30.75 , 17.0625 , -32.0
488281  , 19.57244 , -19.6133 , 11.264028    , -0.65436614 , 0.6557322 , -0.3765906    ,-30.75 , 17.0625 , -32.0
40649413  , 19.57244 , -19.6133 , 11.264028    , -0.6543661 , 0.6557321 , -0.37659064    ,-31.25 , 22.25 , -32.25
244141  , 19.000385 , -19.422615 , 3.718355    , -0.6928364 , 0.7082327 , -0.13558735    ,-31.25 , 22.25 , -32.25
36163329  , 19.000385 , -19.422615 , 3.718355    , -0.69283634 , 0.70823264 , -0.13558733    ,-29.5 , 18.0 , -36.4375
305175  , 12.598822 , -15.431854 , 7.5456724    , -0.591416 , 0.72440475 , -0.35421026    ,-29.5 , 18.0 , -36.4375
44250487  , 12.598822 , -15.431854 , 7.5456724    , -0.5914161 , 0.7244048 , -0.35421032    ,-27.75 , 8.125 , -40.8125
427247  , 7.1234417 , -10.800936 , 5.053149    , -0.5128391 , 0.7775935 , -0.36379218    ,-27.75 , 8.125 , -40.8125
35491942  , 7.1234417 , -10.800936 , 5.053149    , -0.51283896 , 0.77759326 , -0.36379206    ,-29.0 , -4.5 , -38.875
427246  , 4.372132 , -11.223166 , 3.9499009    , -0.34491876 , 0.88539886 , -0.31160882    ,-29.0 , -4.5 , -38.875
38116455  , 4.372132 , -11.223166 , 3.9499009    , -0.34491867 , 0.8853986 , -0.31160876    ,-30.75 , -16.1875 , -33.75
244140  , 4.944186 , -12.912089 , 1.4982382    , -0.35551125 , 0.92844266 , -0.10773068    ,-30.75 , -16.1875 , -33.75
39489747  , 4.944186 , -12.912089 , 1.4982382    , -0.3555113 , 0.9284427 , -0.10773072    ,-29.0 , -26.5625 , -28.125
305176  , 12.53072 , -16.589584 , -5.366417    , -0.58359385 , 0.7726275 , 0.2499304    ,-29.0 , -26.5625 , -28.125
35522462  , 12.53072 , -16.589584 , -5.366417    , -0.5835938 , 0.7726275 , 0.24993038    ,-23.6875 , -34.5 , -25.1875
1251221  , 19.531578 , -19.6133 , -12.912089    , -0.63947415 , 0.6421497 , 0.42274857    ,-23.6875 , -34.5 , -25.1875
34881592  , 19.531578 , -19.6133 , -12.912089    , -0.63947415 , 0.64214987 , 0.42274866    ,-17.5625 , -38.75 , -25.6875
1190185  , 19.57244 , -19.6133 , 7.5456724    , -0.6815492 , 0.6829721 , -0.2627545    ,-17.5625 , -38.75 , -25.6875
36010744  , 19.57244 , -19.6133 , 7.5456724    , -0.68154913 , 0.682972 , -0.26275447    ,-11.75 , -39.0 , -29.5625
244141  , 19.57244 , -19.6133 , 19.340895    , -0.57922035 , 0.5804296 , -0.572368    ,-11.75 , -39.0 , -29.5625
39520265  , 19.57244 , -19.6133 , 19.340895    , -0.57922035 , 0.5804296 , -0.572368    ,-8.4375 , -33.5 , -36.6875
39855957  , 19.57244 , -19.6133 , 19.340895    , -0.5792203 , 0.58042955 , -0.572368    ,-7.9375 , -23.625 , -42.3125
39947510  , 19.57244 , -19.6133 , 19.340895    , -0.5792204 , 0.5804297 , -0.57236814    ,-5.125 , -11.1875 , -46.1875
488281  , 19.313654 , -19.6133 , 19.340895    , -0.5740974 , 0.5830043 , -0.57490706    ,-5.125 , -11.1875 , -46.1875
39886474  , 19.313654 , -19.6133 , 19.340895    , -0.57409734 , 0.5830043 , -0.57490706    ,-2.875 , -2.8125 , -48.1875
213623  , 8.812365 , -19.6133 , 19.340895    , -0.3047074 , 0.6781742 , -0.66875523    ,-2.875 , -2.8125 , -48.1875
44494628  , 8.812365 , -19.6133 , 19.340895    , -0.30470738 , 0.6781742 , -0.6687552    ,2.25 , -0.5625 , -47.1875
335693  , 5.8567495 , -19.6133 , 19.313654    , -0.20811045 , 0.696928 , -0.68628055    ,2.25 , -0.5625 , -47.1875
22674560  , 5.8567495 , -19.6133 , 19.313654    , -0.20811051 , 0.6969283 , -0.6862808    ,9.0625 , -4.5 , -44.75
244141  , 1.334794 , -19.6133 , 16.88923    , -0.051501937 , 0.75676304 , -0.65165704    ,9.0625 , -4.5 , -44.75
38391112  , 1.334794 , -19.6133 , 16.88923    , -0.051501915 , 0.7567629 , -0.651657    ,14.6875 , -12.9375 , -41.0625
274659  , -0.8036005 , -19.19107 , 14.669114    , 0.033249646 , 0.7940466 , -0.6069468    ,14.6875 , -12.9375 , -41.0625
39276122  , -0.8036005 , -19.19107 , 14.669114    , 0.033249646 , 0.79404676 , -0.60694695    ,21.5 , -20.375 , -35.6875
305176  , -1.7978859 , -18.619015 , 10.501288    , 0.08381073 , 0.8679489 , -0.4895308    ,21.5 , -20.375 , -35.6875
40344238  , -1.7978859 , -18.619015 , 10.501288    , 0.08381072 , 0.867949 , -0.48953092    ,27.625 , -24.625 , -29.5625
396728  , -3.5957718 , -15.826844 , 8.19945    , 0.19774625 , 0.870383 , -0.45092136    ,27.625 , -24.625 , -29.5625
38848879  , -3.5957718 , -15.826844 , 8.19945    , 0.19774622 , 0.8703829 , -0.45092124    ,32.9375 , -27.0625 , -23.6875
427246  , -3.0237172 , -12.299174 , 2.8738933    , 0.2328198 , 0.9470104 , -0.22128369    ,32.9375 , -27.0625 , -23.6875
41503908  , -3.0237172 , -12.299174 , 2.8738933    , 0.23281981 , 0.9470104 , -0.22128372    ,37.75 , -27.5625 , -18.3125
244140  , -3.9499009 , -12.340035 , -3.405087    , 0.29484037 , 0.92112195 , 0.25417277    ,37.75 , -27.5625 , -18.3125
36376954  , -3.9499009 , -12.340035 , -3.405087    , 0.29484034 , 0.9211219 , 0.25417268    ,40.8125 , -27.3125 , -13.1875
366210  , -7.273266 , -15.4046135 , -3.2961242    , 0.41917747 , 0.8878085 , 0.18996434    ,40.8125 , -27.3125 , -13.1875
42480469  , -7.273266 , -15.4046135 , -3.2961242    , 0.41917747 , 0.88780856 , 0.18996434    ,41.8125 , -27.8125 , -9.0625
396728  , -5.7477865 , -18.0061 , -0.9125633    , 0.303742 , 0.951533 , 0.04822444    ,41.8125 , -27.8125 , -9.0625
35949707  , -5.7477865 , -18.0061 , -0.9125633    , 0.30374202 , 0.9515332 , 0.04822444    ,40.8125 , -28.8125 , -7.5625
366211  , 1.6889231 , -19.6133 , 2.982856    , -0.08482537 , 0.9850689 , -0.14981255    ,40.8125 , -28.8125 , -7.5625
42510987  , 1.6889231 , -19.6133 , 2.982856    , -0.08482539 , 0.985069 , -0.14981258    ,37.0 , -31.3125 , -9.3125
335694  , 7.014479 , -19.6133 , 8.894087    , -0.30970007 , 0.8659575 , -0.39268762    ,37.0 , -31.3125 , -9.3125
38238525  , 7.014479 , -19.6133 , 8.894087    , -0.30970007 , 0.86595756 , -0.39268768    ,28.625 , -34.5 , -15.1875
427246  , 11.563675 , -19.6133 , 18.115063    , -0.3974368 , 0.67409784 , -0.62260425    ,28.625 , -34.5 , -15.1875
36560058  , 11.563675 , -19.6133 , 18.115063    , -0.39743695 , 0.674098 , -0.62260437    ,15.6875 , -33.75 , -24.6875
244141  , 18.727978 , -19.6133 , 19.340895    , -0.5622499 , 0.58882904 , -0.58065087    ,15.6875 , -33.75 , -24.6875
39398192  , 18.727978 , -19.6133 , 19.340895    , -0.56225 , 0.5888291 , -0.5806509    ,1.1875 , -28.0625 , -32.5
305176  , 19.57244 , -19.000385 , 19.340895    , -0.5853181 , 0.56821066 , -0.5783937    ,1.1875 , -28.0625 , -32.5
39581298  , 19.57244 , -19.000385 , 19.340895    , -0.585318 , 0.56821066 , -0.5783937    ,-11.625 , -20.25 , -38.125
396728  , 19.57244 , -5.09401 , 19.340895    , -0.6994175 , 0.18203346 , -0.6911433    ,-11.625 , -20.25 , -38.125
39459227  , 19.57244 , -5.09401 , 19.340895    , -0.69941753 , 0.18203351 , -0.69114333    ,-21.375 , -13.375 , -40.1875
427246  , 19.57244 , -12.912089 , 19.082108    , -0.647424 , 0.42711058 , -0.63120455    ,-21.375 , -13.375 , -40.1875
40039061  , 19.57244 , -12.912089 , 19.082108    , -0.64742386 , 0.4271105 , -0.63120437    ,-28.75 , -10.875 , -34.9375
427246  , 19.57244 , -19.6133 , 9.343558    , -0.66933817 , 0.6707356 , -0.31953096    ,-28.75 , -10.875 , -34.9375
39001466  , 19.57244 , -19.6133 , 9.343558    , -0.6693382 , 0.6707356 , -0.31953096    ,-35.0625 , -11.375 , -26.375
457764  , 17.543009 , -17.079916 , 7.668256    , -0.6837509 , 0.6657016 , -0.2988756    ,-35.0625 , -11.375 , -26.375
39062502  , 17.543009 , -17.079916 , 7.668256    , -0.6837509 , 0.6657015 , -0.29887557    ,-40.6875 , -11.875 , -15.625
427246  , 9.956474 , -8.430995 , 3.990762    , -0.7297711 , 0.6179593 , -0.2925074    ,-40.6875 , -11.875 , -15.625
38391115  , 9.956474 , -8.430995 , 3.990762    , -0.7297711 , 0.6179593 , -0.2925074    ,-44.0 , -11.625 , -3.4375
457763  , 4.862464 , -6.1291566 , 2.070293    , -0.60082537 , 0.75734293 , -0.2558136    ,-44.0 , -11.625 , -3.4375
39764405  , 4.862464 , -6.1291566 , 2.070293    , -0.60082537 , 0.757343 , -0.25581366    ,-44.5 , -11.375 , 6.625
457764  , 3.759216 , -11.413852 , -0.27240697    , -0.3127451 , 0.9495667 , 0.022662692    ,-44.5 , -11.375 , 6.625
82977296  , 3.759216 , -11.413852 , -0.27240697    , -0.3127451 , 0.94956666 , 0.022662684    ,-41.9375 , -10.875 , 14.6875
274658  , 4.9850473 , -10.95076 , -7.9679036    , -0.3454372 , 0.7588293 , 0.55213326    ,-41.9375 , -10.875 , 14.6875
244141  , 4.9850473 , -10.95076 , -7.9679036    , -0.3454373 , 0.7588295 , 0.5521333    ,-38.375 , -10.875 , 22.25
244141  , 5.407278 , -11.645397 , -5.597963    , -0.386046 , 0.83140874 , 0.3996597    ,-38.375 , -10.875 , 22.25
24566650  , 5.407278 , -11.645397 , -5.597963    , -0.386046 , 0.8314089 , 0.3996597    ,-34.8125 , -10.1875 , 27.375
213623  , 5.325556 , -15.976667 , -6.1291566    , -0.29715928 , 0.8914778 , 0.3419992    ,-34.8125 , -10.1875 , 27.375
38452148  , 5.325556 , -15.976667 , -6.1291566    , -0.2971593 , 0.8914779 , 0.3419992    ,-30.25 , -9.6875 , 32.0
305176  , 5.8567495 , -18.959524 , -8.539958    , -0.27110633 , 0.87762785 , 0.39531085    ,-30.25 , -9.6875 , 32.0
41748046  , 5.8567495 , -18.959524 , -8.539958    , -0.27110633 , 0.87762785 , 0.39531085    ,-25.4375 , -11.625 , 34.9375
305176  , 5.175732 , -19.6133 , -2.3426998    , -0.2534695 , 0.960516 , 0.11472828    ,-25.4375 , -11.625 , 34.9375
37353515  , 5.175732 , -19.6133 , -2.3426998    , -0.25346947 , 0.9605159 , 0.11472829    ,-19.375 , -17.375 , 34.6875
946045  , 5.8976107 , -19.6133 , 4.2495484    , -0.28195262 , 0.93767154 , -0.20316215    ,-19.375 , -17.375 , 34.6875
41748045  , 5.8976107 , -19.6133 , 4.2495484    , -0.28195262 , 0.93767154 , -0.20316216    ,-12.5 , -26.25 , 29.5625
427246  , 8.812365 , -19.6133 , 11.604536    , -0.3606647 , 0.80271584 , -0.47494024    ,-12.5 , -26.25 , 29.5625
37261962  , 8.812365 , -19.6133 , 11.604536    , -0.36066467 , 0.8027157 , -0.47494018    ,-8.1875 , -35.6875 , 18.0625
457764  , 17.311462 , -19.6133 , 18.196785    , -0.54324496 , 0.6154781 , -0.5710269    ,-8.1875 , -35.6875 , 18.0625
40527342  , 17.311462 , -19.6133 , 18.196785    , -0.54324484 , 0.615478 , -0.5710268    ,-10.5 , -39.375 , 2.8125
213623  , 19.57244 , -19.6133 , 19.381754    , -0.5788195 , 0.5800279 , -0.5731803    ,-10.5 , -39.375 , 2.8125
36102297  , 19.57244 , -19.6133 , 19.381754    , -0.57881945 , 0.5800278 , -0.5731804    ,-17.1875 , -32.5625 , -12.8125
335693  , 19.57244 , -19.6133 , 19.340895    , -0.57922035 , 0.5804296 , -0.57236814    ,-17.1875 , -32.5625 , -12.8125
39611818  , 19.57244 , -19.6133 , 19.340895    , -0.5792204 , 0.5804297 , -0.57236814    ,-25.875 , -15.75 , -20.875
1007080  , 18.891422 , -19.6133 , 19.340895    , -0.5655918 , 0.5872042 , -0.57904863    ,-25.875 , -15.75 , -20.875
39978029  , 18.891422 , -19.6133 , 19.340895    , -0.5655918 , 0.58720404 , -0.5790485    ,-32.3125 , 4.5 , -22.6875
2746582  , 13.715691 , -19.6133 , 19.340895    , -0.44573027 , 0.6373899 , -0.6285372    ,-32.3125 , 4.5 , -22.6875
35369874  , 13.715691 , -19.6133 , 19.340895    , -0.44573015 , 0.6373897 , -0.62853706    ,-33.1875 , 22.0 , -17.4375
1129150  , 9.234595 , -19.6133 , 19.340895    , -0.3178624 , 0.675106 , -0.6657295    ,-33.1875 , 22.0 , -17.4375
38391114  , 9.234595 , -19.6133 , 19.340895    , -0.3178623 , 0.6751058 , -0.66572934    ,-30.8125 , 32.75 , -9.5
274658  , 8.240311 , -19.6133 , 19.340895    , -0.2866035 , 0.68216366 , -0.67268914    ,-30.8125 , 32.75 , -9.5
41290284  , 8.240311 , -19.6133 , 19.340895    , -0.28660366 , 0.68216395 , -0.67268944    ,-26.75 , 37.75 , -4.3125
1434326  , 10.460427 , -17.502148 , 19.340895    , -0.37220877 , 0.62277114 , -0.68819845    ,-26.75 , 37.75 , -4.3125
36804200  , 10.460427 , -17.502148 , 19.340895    , -0.37220863 , 0.622771 , -0.6881983    ,-24.0 , 39.4375 , -1.625
518799  , 11.114203 , -13.6748295 , 19.340895    , -0.42477694 , 0.52264225 , -0.7391953    ,-24.0 , 39.4375 , -1.625
38757324  , 11.114203 , -13.6748295 , 19.340895    , -0.42477703 , 0.5226424 , -0.73919535    ,-22.6875 , 40.1875 , -2.875
213623  , 9.234595 , -15.050485 , 17.856276    , -0.3677279 , 0.5993206 , -0.7110491    ,-22.6875 , 40.1875 , -2.875
29296875  , 9.234595 , -15.050485 , 17.856276    , -0.3677279 , 0.59932053 , -0.7110491    ,-22.4375 , 39.4375 , -7.25
244141  , 6.742072 , -16.698545 , 15.363752    , -0.28481758 , 0.7054271 , -0.649039    ,-22.4375 , 39.4375 , -7.25
29541015  , 6.742072 , -16.698545 , 15.363752    , -0.28481767 , 0.70542705 , -0.64903903    ,-23.25 , 38.25 , -13.125
213623  , 7.4639506 , -14.750836 , 14.410328    , -0.34034264 , 0.6726114 , -0.6570848    ,-23.25 , 38.25 , -13.125
33416747  , 7.4639506 , -14.750836 , 14.410328    , -0.34034264 , 0.6726115 , -0.6570849    ,-23.3125 , 36.125 , -19.1875
213623  , 8.281172 , -11.073342 , 15.5135765    , -0.39848897 , 0.5328479 , -0.7465115    ,-23.3125 , 36.125 , -19.1875
35491942  , 8.281172 , -11.073342 , 15.5135765    , -0.39848897 , 0.5328479 , -0.7465114    ,-23.75 , 32.375 , -25.25
244141  , 7.164303 , -7.9679036 , 17.052675    , -0.35572994 , 0.39563125 , -0.84671843    ,-23.75 , 32.375 , -25.25
32257078  , 7.164303 , -7.9679036 , 17.052675    , -0.35572997 , 0.39563122 , -0.84671843    ,-25.0 , 26.6875 , -29.625
213623  , 4.2086873 , -9.00305 , 16.657684    , -0.21697542 , 0.46414477 , -0.85877323    ,-25.0 , 26.6875 , -29.625
52520753  , 4.2086873 , -9.00305 , 16.657684    , -0.21697538 , 0.4641447 , -0.8587731    ,-27.3125 , 18.75 , -32.8125
305175  , 2.6423476 , -8.662541 , 17.052675    , -0.13684945 , 0.4486404 , -0.8831726    ,-27.3125 , 18.75 , -32.8125
26306153  , 2.6423476 , -8.662541 , 17.052675    , -0.13684942 , 0.44864035 , -0.8831725    ,-30.375 , 6.8125 , -33.25
213623  , 2.5606253 , -7.164303 , 13.988097    , -0.1608101 , 0.4499262 , -0.87846816    ,-30.375 , 6.8125 , -33.25
36895753  , 2.5606253 , -7.164303 , 13.988097    , -0.16081016 , 0.4499263 , -0.8784683    ,-31.0625 , -7.875 , -27.75
244141  , 2.3699405 , -7.6273947 , 10.61025    , -0.17845291 , 0.57433116 , -0.79893565    ,-31.0625 , -7.875 , -27.75
49255372  , 2.3699405 , -7.6273947 , 10.61025    , -0.17845294 , 0.5743313 , -0.79893583    ,-28.75 , -22.8125 , -18.6875
244140  , 0.42223078 , -4.440233 , 8.662541    , -0.04333514 , 0.45571762 , -0.8890687    ,-28.75 , -22.8125 , -18.6875
29388428  , 0.42223078 , -4.440233 , 8.662541    , -0.043335125 , 0.45571765 , -0.8890689    ,-20.625 , -35.6875 , -4.75
244140  , -0.08172209 , -5.325556 , 4.6036777    , 0.011608243 , 0.75646734 , -0.6539283    ,-20.625 , -35.6875 , -4.75
29632568  , -0.08172209 , -5.325556 , 4.6036777    , 0.011608183 , 0.7564675 , -0.6539285    ,-9.6875 , -42.625 , 9.6875
213623  , -0.8036005 , -4.7535014 , 2.1111538    , 0.15269047 , 0.9032029 , -0.40113595    ,-9.6875 , -42.625 , 9.6875
29724121  , -0.8036005 , -4.7535014 , 2.1111538    , 0.15269047 , 0.90320295 , -0.401136    ,1.9375 , -44.125 , 21.125
213623  , -1.0760075 , -4.140586 , 0.7218784    , 0.24800861 , 0.9543624 , -0.16638555    ,1.9375 , -44.125 , 21.125
42755127  , -1.0760075 , -4.140586 , 0.7218784    , 0.24800867 , 0.95436245 , -0.16638553    ,13.125 , -40.375 , 29.6875
213623  , -0.9125633 , -5.366417 , -0.50395286    , 0.16693032 , 0.9816499 , 0.0921854    ,13.125 , -40.375 , 29.6875
36621094  , -0.9125633 , -5.366417 , -0.50395286    , 0.16693032 , 0.98164976 , 0.0921854    ,21.25 , -33.4375 , 34.125
427246  , -2.7513103 , -8.771504 , -2.8330324    , 0.28601345 , 0.91184485 , 0.2945089    ,21.25 , -33.4375 , 34.125
41137695  , -2.7513103 , -8.771504 , -2.8330324    , 0.2860134 , 0.9118447 , 0.29450884    ,27.875 , -24.5625 , 36.0625
396728  , -3.718355 , -12.176591 , -4.5219555    , 0.27521214 , 0.90124416 , 0.33469027    ,27.875 , -24.5625 , 36.0625
36865234  , -3.718355 , -12.176591 , -4.5219555    , 0.27521205 , 0.9012439 , 0.33469015    ,33.6875 , -15.125 , 36.5625
366210  , -5.09401 , -15.785983 , -3.718355    , 0.29966193 , 0.92863166 , 0.21873721    ,33.6875 , -15.125 , 36.5625
38696288  , -5.09401 , -15.785983 , -3.718355    , 0.29966193 , 0.92863166 , 0.21873723    ,37.75 , -5.6875 , 36.0625
427246  , -6.932757 , -19.109348 , -1.56634    , 0.34003565 , 0.9372692 , 0.076825336    ,37.75 , -5.6875 , 36.0625
38726805  , -6.932757 , -19.109348 , -1.56634    , 0.34003565 , 0.93726933 , 0.076825336    ,40.0625 , 0.5 , 33.875
396729  , -6.1291566 , -19.6133 , -3.5957718    , 0.29381058 , 0.9401937 , 0.17236882    ,40.0625 , 0.5 , 33.875
39611817  , -6.1291566 , -19.6133 , -3.5957718    , 0.29381058 , 0.9401939 , 0.17236888    ,42.3125 , 2.0 , 30.6875
1800537  , -4.5628166 , -19.6133 , 4.1814466    , 0.22185555 , 0.95364773 , -0.2033124    ,42.3125 , 2.0 , 30.6875
37963869  , -4.5628166 , -19.6133 , 4.1814466    , 0.22185555 , 0.9536476 , -0.20331238    ,42.3125 , -2.75 , 24.3125
213624  , 2.1792557 , -19.6133 , 13.797412    , -0.0905043 , 0.81453884 , -0.57300544    ,42.3125 , -2.75 , 24.3125
39276124  , 2.1792557 , -19.6133 , 13.797412    , -0.09050433 , 0.81453896 , -0.5730055    ,40.0625 , -13.125 , 13.8125
335694  , 12.598822 , -19.6133 , 19.272793    , -0.41653782 , 0.64844805 , -0.63719034    ,40.0625 , -13.125 , 13.8125
51910401  , 12.598822 , -19.6133 , 19.272793    , -0.4165377 , 0.6484479 , -0.6371901    ,30.625 , -23.8125 , -0.375
427246  , 19.313654 , -19.6133 , 19.340895    , -0.57409734 , 0.58300436 , -0.57490706    ,30.625 , -23.8125 , -0.375
35705567  , 19.313654 , -19.6133 , 19.340895    , -0.57409734 , 0.5830042 , -0.574907    ,16.4375 , -27.0 , -18.0
793457  , 19.57244 , -19.6133 , 19.340895    , -0.5792204 , 0.5804296 , -0.5723681    ,16.4375 , -27.0 , -18.0
40924072  , 19.57244 , -19.6133 , 19.340895    , -0.57922035 , 0.5804296 , -0.5723681    ,0.9375 , -17.375 , -29.6875
274659  , 19.57244 , -19.6133 , 17.856276    , -0.59375656 , 0.59499615 , -0.5416944    ,0.9375 , -17.375 , -29.6875
36712647  , 19.57244 , -19.6133 , 17.856276    , -0.5937566 , 0.59499615 , -0.54169434    ,-13.25 , 1.25 , -32.375
335694  , 19.57244 , -19.6133 , 19.15021    , -0.58109087 , 0.5823041 , -0.56855524    ,-13.25 , 1.25 , -32.375
43884277  , 19.57244 , -19.6133 , 19.15021    , -0.581091 , 0.5823041 , -0.5685553    ,-16.8125 , 21.5625 , -32.375
427246  , 19.57244 , -19.6133 , 18.959524    , -0.58296096 , 0.58417803 , -0.5647055    ,-16.8125 , 21.5625 , -32.375
45288085  , 19.57244 , -19.6133 , 18.959524    , -0.5829611 , 0.5841781 , -0.56470543    ,-13.75 , 32.9375 , -31.4375
77972410  , 19.57244 , -19.6133 , 12.789507    , -0.64134604 , 0.642685 , -0.41908416    ,-13.75 , 32.9375 , -31.4375
2258301  , 19.57244 , -19.6133 , 12.789507    , -0.6413459 , 0.6426848 , -0.41908404    ,-11.25 , 30.5 , -34.625
244140  , 19.109348 , -18.074202 , 12.871228    , -0.65256786 , 0.61721843 , -0.4395414    ,-11.25 , 30.5 , -34.625
244141  , 19.109348 , -18.074202 , 12.871228    , -0.65256774 , 0.6172184 , -0.43954137    ,-11.0 , 18.8125 , -40.6875
244141  , 13.947236 , -10.800936 , 13.6748295    , -0.6248735 , 0.48391086 , -0.61266893    ,-11.0 , 18.8125 , -40.6875
27282714  , 13.947236 , -10.800936 , 13.6748295    , -0.62487364 , 0.48391095 , -0.61266905    ,-16.8125 , 3.5 , -40.9375
244140  , 7.014479 , -9.493382 , 7.668256    , -0.49833453 , 0.674445 , -0.54478115    ,-16.8125 , 3.5 , -40.9375
39581298  , 7.014479 , -9.493382 , 7.668256    , -0.49833447 , 0.674445 , -0.54478127    ,-26.4375 , -10.1875 , -32.875
305176  , 4.862464 , -8.308413 , 8.049625    , -0.3874876 , 0.66209364 , -0.64147115    ,-26.4375 , -10.1875 , -32.875
39306643  , 4.862464 , -8.308413 , 8.049625    , -0.38748765 , 0.66209376 , -0.6414711    ,-33.0625 , -19.5625 , -18.0
366211  , 3.568531 , -6.0201936 , 9.193735    , -0.30884868 , 0.5210348 , -0.795698    ,-33.0625 , -19.5625 , -18.0
39947512  , 3.568531 , -6.0201936 , 9.193735    , -0.30884874 , 0.5210349 , -0.7956981    ,-33.5625 , -25.0 , -0.625
457764  , 3.405087 , -17.352324 , 6.6331096    , -0.18029314 , 0.9187739 , -0.35121107    ,-33.5625 , -25.0 , -0.625
37933351  , 3.405087 , -17.352324 , 6.6331096    , -0.18029314 , 0.9187738 , -0.351211    ,-30.5 , -27.25 , 14.5625
488281  , 14.628253 , -19.6133 , -10.038197    , -0.5531202 , 0.74161375 , 0.37956205    ,-30.5 , -27.25 , 14.5625
40283204  , 14.628253 , -19.6133 , -10.038197    , -0.55312014 , 0.7416136 , 0.379562    ,-24.1875 , -28.25 , 26.0625
244141  , 17.434046 , -19.6133 , -1.9477097    , -0.6625415 , 0.7453592 , 0.074018314    ,-24.1875 , -28.25 , 26.0625
37231446  , 17.434046 , -19.6133 , -1.9477097    , -0.6625415 , 0.7453591 , 0.074018314    ,-17.3125 , -29.75 , 29.9375
274658  , 19.57244 , -19.6133 , 6.782933    , -0.68611056 , 0.68754286 , -0.23777519    ,-17.3125 , -29.75 , 29.9375
41961670  , 19.57244 , -19.6133 , 6.782933    , -0.6861105 , 0.68754286 , -0.23777524    ,-13.75 , -33.4375 , 24.5625
335693  , 19.57244 , -19.6133 , 17.62473    , -0.59601396 , 0.5972582 , -0.5367029    ,-13.75 , -33.4375 , 24.5625
37506103  , 19.57244 , -19.6133 , 17.62473    , -0.59601396 , 0.59725827 , -0.53670293    ,-13.25 , -36.9375 , 11.625
640869  , 19.57244 , -19.6133 , 19.340895    , -0.57922035 , 0.58042955 , -0.572368    ,-13.25 , -36.9375 , 11.625
41412353  , 19.57244 , -19.6133 , 19.340895    , -0.57922035 , 0.5804297 , -0.5723681    ,-14.5 , -33.6875 , -7.9375
457764  , 18.237646 , -19.6133 , 19.340895    , -0.55205727 , 0.59369856 , -0.5854528    ,-14.5 , -33.6875 , -7.9375
37139892  , 18.237646 , -19.6133 , 19.340895    , -0.55205727 , 0.59369856 , -0.5854528    ,-18.875 , -23.3125 , -23.375
579834  , 16.08563 , -19.6133 , 19.340895    , -0.50427926 , 0.61487055 , -0.6063308    ,-18.875 , -23.3125 , -23.375
37292479  , 16.08563 , -19.6133 , 19.340895    , -0.5042792 , 0.6148705 , -0.60633063    ,-22.875 , -7.4375 , -32.625
274658  , 19.57244 , -7.504812 , 19.340895    , -0.686236 , 0.2631288 , -0.67811775    ,-22.875 , -7.4375 , -32.625
39489745  , 19.57244 , -7.504812 , 19.340895    , -0.68623585 , 0.2631287 , -0.6781175    ,-24.9375 , 8.4375 , -35.5625
305175  , 19.57244 , -9.888372 , 19.340895    , -0.6693905 , 0.33818898 , -0.66147155    ,-24.9375 , 8.4375 , -35.5625
39550780  , 19.57244 , -9.888372 , 19.340895    , -0.6693905 , 0.33818883 , -0.66147155    ,-26.9375 , 17.125 , -34.125
396729  , 19.531578 , -19.6133 , 19.340895    , -0.57841593 , 0.58083624 , -0.5727691    ,-26.9375 , 17.125 , -34.125
39672853  , 19.531578 , -19.6133 , 19.340895    , -0.578416 , 0.5808362 , -0.5727691    ,-25.4375 , 15.125 , -35.5625
396729  , 19.57244 , -19.6133 , 19.340895    , -0.5792204 , 0.5804297 , -0.5723681    ,-25.4375 , 15.125 , -35.5625
39611818  , 19.57244 , -19.6133 , 19.340895    , -0.5792203 , 0.5804295 , -0.5723679    ,-20.125 , 4.1875 , -36.5625
39337159  , 19.57244 , -19.6133 , 19.340895    , -0.5792203 , 0.58042955 , -0.5723681    ,-8.6875 , -11.375 , -32.125
39520264  , 19.57244 , -19.6133 , 19.340895    , -0.5792203 , 0.58042955 , -0.572368    ,7.625 , -25.0625 , -22.1875
1159668  , 19.340895 , -19.6133 , 19.340895    , -0.5746397 , 0.58273315 , -0.5746397    ,7.625 , -25.0625 , -22.1875
42236328  , 19.340895 , -19.6133 , 19.340895    , -0.5746398 , 0.5827333 , -0.5746398    ,26.375 , -26.8125 , -9.6875
488281  , 6.2108784 , -19.6133 , 12.408136    , -0.2585133 , 0.816358 , -0.51645976    ,26.375 , -26.8125 , -9.6875
32623291  , 6.2108784 , -19.6133 , 12.408136    , -0.2585134 , 0.81635803 , -0.5164598    ,41.125 , -19.875 , 2.5
244141  , -4.2495484 , -19.6133 , 2.3426998    , 0.2103251 , 0.97073126 , -0.11594846    ,41.125 , -19.875 , 2.5
50292969  , -4.2495484 , -19.6133 , 2.3426998    , 0.21032512 , 0.9707314 , -0.11594845    ,47.875 , -11.5 , 10.4375
274659  , -4.944186 , -19.6133 , 2.2201166    , 0.24297728 , 0.9638768 , -0.10910551    ,47.875 , -11.5 , 10.4375
18951416  , -4.944186 , -19.6133 , 2.2201166    , 0.24297723 , 0.9638766 , -0.10910547    ,48.4375 , -7.8125 , 14.625
274658  , 3.255263 , -19.6133 , 13.211738    , -0.1363685 , 0.82163453 , -0.5534622    ,48.4375 , -7.8125 , 14.625
41076660  , 3.255263 , -19.6133 , 13.211738    , -0.1363685 , 0.8216345 , -0.55346215    ,41.625 , -15.4375 , 15.6875
335693  , 15.050485 , -19.6133 , 19.231932    , -0.48050892 , 0.6261835 , -0.6140078    ,41.625 , -15.4375 , 15.6875
38085937  , 15.050485 , -19.6133 , 19.231932    , -0.48050886 , 0.62618345 , -0.6140077    ,29.0 , -27.75 , 12.8125
427246  , 19.57244 , -19.6133 , 19.340895    , -0.5792203 , 0.5804296 , -0.5723681    ,29.0 , -27.75 , 12.8125
40893553  , 19.57244 , -19.6133 , 19.340895    , -0.5792204 , 0.5804297 , -0.57236814    ,7.9375 , -35.4375 , 8.4375
37963865  , 19.57244 , -19.6133 , 19.340895    , -0.5792203 , 0.5804297 , -0.5723681    ,-14.4375 , -33.0 , 1.8125
427246  , 19.57244 , -19.6133 , 18.237646    , -0.59003115 , 0.59126294 , -0.54979247    ,-14.4375 , -33.0 , 1.8125
42083739  , 19.57244 , -19.6133 , 18.237646    , -0.59003115 , 0.5912629 , -0.54979247    ,-32.75 , -19.9375 , -5.0625
244140  , 19.57244 , -19.531578 , 13.375181    , -0.6372114 , 0.63588107 , -0.43544996    ,-32.75 , -19.9375 , -5.0625
36254885  , 19.57244 , -19.531578 , 13.375181    , -0.6372115 , 0.6358813 , -0.43545005    ,-40.875 , -0.125 , -8.25
335693  , 19.57244 , -19.6133 , 10.760075    , -0.6584633 , 0.65983796 , -0.36199445    ,-40.875 , -0.125 , -8.25
43273927  , 19.57244 , -19.6133 , 10.760075    , -0.65846324 , 0.659838 , -0.36199448    ,-36.5625 , 17.9375 , -11.1875
457764  , 19.57244 , -16.017529 , 19.340895    , -0.61473477 , 0.50308144 , -0.60746235    ,-36.5625 , 17.9375 , -11.1875
35583498  , 19.57244 , -16.017529 , 19.340895    , -0.6147347 , 0.50308144 , -0.6074623    ,-29.5625 , 30.3125 , -12.75
427246  , 19.57244 , -18.428331 , 17.924377    , -0.6057614 , 0.57035154 , -0.5547544    ,-29.5625 , 30.3125 , -12.75
43151856  , 19.57244 , -18.428331 , 17.924377    , -0.6057613 , 0.5703515 , -0.5547543    ,-23.25 , 36.25 , -13.5
427246  , 19.57244 , -10.228881 , 19.340895    , -0.66672486 , 0.34844145 , -0.65883744    ,-23.25 , 36.25 , -13.5
44647218  , 19.57244 , -10.228881 , 19.340895    , -0.6667248 , 0.34844142 , -0.65883744    ,-22.0 , 37.75 , -16.1875
457763  , 19.57244 , -6.1700177 , 19.381754    , -0.6933775 , 0.21858041 , -0.6866223    ,-22.0 , 37.75 , -16.1875
39154053  , 19.57244 , -6.1700177 , 19.381754    , -0.69337755 , 0.21858038 , -0.6866222    ,-26.8125 , 33.25 , -18.875
457764  , 19.381754 , -2.7921712 , 19.381754    , -0.70346636 , 0.10134267 , -0.7034665    ,-26.8125 , 33.25 , -18.875
39245605  , 19.381754 , -2.7921712 , 19.381754    , -0.7034663 , 0.10134266 , -0.70346624    ,-34.125 , 24.125 , -18.25
244140  , 12.571581 , -11.536434 , 17.011814    , -0.5217655 , 0.47880322 , -0.70605105    ,-34.125 , 24.125 , -18.25
38696288  , 12.571581 , -11.536434 , 17.011814    , -0.52176553 , 0.47880328 , -0.7060511    ,-41.5 , 10.6875 , -11.1875
335694  , 9.888372 , -14.2877445 , 18.700737    , -0.3873664 , 0.55970716 , -0.7325814    ,-41.5 , 10.6875 , -11.1875
41595458  , 9.888372 , -14.2877445 , 18.700737    , -0.3873664 , 0.5597071 , -0.7325813    ,-42.5625 , -5.6875 , -0.4375
396729  , 4.8216033 , -19.6133 , 17.815414    , -0.17903055 , 0.7282598 , -0.6615027    ,-42.5625 , -5.6875 , -0.4375
37811278  , 4.8216033 , -19.6133 , 17.815414    , -0.17903051 , 0.7282596 , -0.66150254    ,-37.375 , -19.125 , 12.25
457763  , 3.1054392 , -19.6133 , 3.9499009    , -0.15338035 , 0.96871793 , -0.19508903    ,-37.375 , -19.125 , 12.25
42205809  , 3.1054392 , -19.6133 , 3.9499009    , -0.15338035 , 0.968718 , -0.19508907    ,-25.4375 , -27.8125 , 23.5
457764  , -4.671779 , -19.6133 , -5.175732    , 0.22443487 , 0.9422339 , 0.24864504    ,-25.4375 , -27.8125 , 23.5
36132811  , -4.671779 , -19.6133 , -5.175732    , 0.22443485 , 0.9422338 , 0.24864502    ,-10.75 , -32.25 , 28.625
1647949  , -19.19107 , -19.6133 , -3.6774938    , 0.69317424 , 0.708425 , 0.13282964    ,-10.75 , -32.25 , 28.625
39642336  , -19.19107 , -19.6133 , -3.6774938    , 0.693174 , 0.70842487 , 0.13282967    ,0.125 , -34.8125 , 28.9375
244140  , -19.6133 , -19.6133 , -3.8273177    , 0.70047 , 0.70046985 , 0.13668893    ,0.125 , -34.8125 , 28.9375
36468508  , -19.6133 , -19.6133 , -3.8273177    , 0.70046985 , 0.7004699 , 0.13668893    ,5.375 , -37.9375 , 24.625
946045  , -15.976667 , -19.6133 , 0.50395286    , 0.6314398 , 0.7751691 , -0.019917548    ,5.375 , -37.9375 , 24.625
39001466  , -15.976667 , -19.6133 , 0.50395286    , 0.6314399 , 0.77516913 , -0.019917503    ,0.5625 , -41.125 , 16.3125
2044678  , 8.62168 , -19.6133 , 15.173067    , -0.3284034 , 0.7470789 , -0.5779485    ,0.5625 , -41.125 , 16.3125
79406739  , 8.62168 , -19.6133 , 15.173067    , -0.32840344 , 0.7470789 , -0.5779486    ,-14.0625 , -37.6875 , 9.6875
274658  , 19.57244 , -19.6133 , 16.970953    , -0.60236424 , 0.6036218 , -0.5223005    ,-14.0625 , -37.6875 , 9.6875
244140  , 19.57244 , -19.6133 , 16.970953    , -0.60236424 , 0.6036218 , -0.52230054    ,-26.9375 , -23.0 , 8.6875
213623  , 19.57244 , -14.941522 , 14.437569    , -0.68568826 , 0.52345157 , -0.50579643    ,-26.9375 , -23.0 , 8.6875
16479493  , 19.57244 , -14.941522 , 14.437569    , -0.6856884 , 0.5234518 , -0.5057966    ,-37.125 , -5.4375 , 8.5625
244141  , 19.57244 , -13.593107 , 15.091345    , -0.69390035 , 0.4819155 , -0.53503245    ,-37.125 , -5.4375 , 8.5625
42083740  , 19.57244 , -13.593107 , 15.091345    , -0.69390035 , 0.48191547 , -0.53503245    ,-41.9375 , 12.375 , 9.3125
244140  , 19.57244 , -19.6133 , 4.1814466    , -0.69846064 , 0.69991875 , -0.1492188    ,-41.9375 , 12.375 , 9.3125
36590576  , 19.57244 , -19.6133 , 4.1814466    , -0.6984608 , 0.699919 , -0.14921883    ,-38.75 , 25.4375 , 7.3125
366211  , 19.57244 , -18.074202 , 11.495573    , -0.6745486 , 0.6229131 , -0.39618585    ,-38.75 , 25.4375 , 7.3125
43640136  , 19.57244 , -18.074202 , 11.495573    , -0.6745486 , 0.6229131 , -0.39618582    ,-35.5625 , 31.0 , 0.1875
366210  , 19.57244 , -13.783792 , 15.745122    , -0.68309045 , 0.48106295 , -0.54951465    ,-35.5625 , 31.0 , 0.1875
35644530  , 19.57244 , -13.783792 , 15.745122    , -0.6830902 , 0.48106283 , -0.5495145    ,-31.5 , 34.6875 , -7.125
488281  , 19.57244 , -3.9771416 , 15.472715    , -0.7746964 , 0.15741919 , -0.6124253    ,-31.5 , 34.6875 , -7.125
37597656  , 19.57244 , -3.9771416 , 15.472715    , -0.7746964 , 0.1574192 , -0.6124253    ,-26.625 , 37.875 , -13.75
244140  , 19.57244 , 1.3756552 , 16.589584    , -0.7617482 , -0.053539723 , -0.6456572    ,-26.625 , 37.875 , -13.75
40161132  , 19.57244 , 1.3756552 , 16.589584    , -0.76174814 , -0.053539716 , -0.6456571    ,-23.6875 , 37.5625 , -19.75
366211  , 19.57244 , 1.920469 , 15.976667    , -0.7724491 , -0.07579355 , -0.63053787    ,-23.6875 , 37.5625 , -19.75
40496824  , 19.57244 , 1.920469 , 15.976667    , -0.77244914 , -0.075793535 , -0.63053775    ,-22.875 , 34.3125 , -26.375
488281  , 14.056199 , 0.8036005 , 11.645397    , -0.7693077 , -0.04398175 , -0.6373625    ,-22.875 , 34.3125 , -26.375
37078859  , 14.056199 , 0.8036005 , 11.645397    , -0.7693079 , -0.043981746 , -0.63736254    ,-23.4375 , 28.625 , -31.9375
274658  , 8.240311 , -0.6537767 , 11.182305    , -0.59257656 , 0.04701434 , -0.804141    ,-23.4375 , 28.625 , -31.9375
29663087  , 8.240311 , -0.6537767 , 11.182305    , -0.59257644 , 0.047014333 , -0.8041409    ,-24.9375 , 21.1875 , -36.1875
274658  , 7.504812 , -2.1383946 , 10.56939    , -0.5712295 , 0.16276412 , -0.80449015    ,-24.9375 , 21.1875 , -36.1875
29754640  , 7.504812 , -2.1383946 , 10.56939    , -0.57122946 , 0.16276407 , -0.8044902    ,-25.3125 , 13.375 , -39.25
366211  , 8.689782 , -3.2961242 , 8.662541    , -0.68396676 , 0.25943574 , -0.68182266    ,-25.3125 , 13.375 , -39.25
39520265  , 8.689782 , -3.2961242 , 8.662541    , -0.6839668 , 0.2594357 , -0.68182266    ,-24.8125 , 4.4375 , -41.6875
427246  , 7.1234417 , -3.8273177 , 7.504812    , -0.6456834 , 0.34691596 , -0.6802516    ,-24.8125 , 4.4375 , -41.6875
39794923  , 7.1234417 , -3.8273177 , 7.504812    , -0.6456835 , 0.34691602 , -0.6802516    ,-22.75 , -3.5 , -43.375
488281  , 3.255263 , -1.0351465 , 1.0760075    , -0.90894884 , 0.28903815 , -0.30044752    ,-22.75 , -3.5 , -43.375
38543702  , 3.255263 , -1.0351465 , 1.0760075    , -0.9089489 , 0.28903812 , -0.30044752    ,-19.0 , -10.6875 , -44.125
488281  , 1.4982382 , 0.6537767 , 0.6946377    , -0.8435375 , -0.36808908 , -0.39109468    ,-19.0 , -10.6875 , -44.125
39062501  , 1.4982382 , 0.6537767 , 0.6946377    , -0.8435375 , -0.36808908 , -0.39109462    ,-14.9375 , -17.375 , -43.375
457763  , 0.46309182 , 1.9885708 , 1.3075534    , -0.19099915 , -0.82017285 , -0.53929174    ,-14.9375 , -17.375 , -43.375
41839599  , 0.46309182 , 1.9885708 , 1.3075534    , -0.1909992 , -0.82017297 , -0.53929186    ,-11.375 , -22.0625 , -42.1875
518799  , 0.7627395 , 4.2495484 , -0.040861044    , -0.17665619 , -0.9842273 , 0.009463724    ,-11.375 , -22.0625 , -42.1875
36499024  , 0.7627395 , 4.2495484 , -0.040861044    , -0.17665614 , -0.9842271 , 0.009463722    ,-9.5625 , -24.8125 , -40.6875
213624  , 0.5720546 , 5.5162406 , 4.372132    , -0.081004776 , -0.78111714 , -0.6191078    ,-9.5625 , -24.8125 , -40.6875
38482665  , 0.5720546 , 5.5162406 , 4.372132    , -0.081004724 , -0.7811171 , -0.6191076    ,-9.3125 , -26.0 , -39.5
244141  , 1.1849703 , 5.09401 , 8.62168    , -0.11751029 , -0.5051591 , -0.8549887    ,-9.3125 , -26.0 , -39.5
41168211  , 1.1849703 , 5.09401 , 8.62168    , -0.11751029 , -0.5051591 , -0.8549886    ,-9.5625 , -25.5 , -39.0
305176  , 0.50395286 , 6.2789803 , 9.275456    , -0.044946797 , -0.56001276 , -0.82726395    ,-9.5625 , -25.5 , -39.0
