64422605  , 6.701211 , 0.10896278 , 7.164303    , -0.68306714 , -0.011106789 , -0.73027104    ,-44.0 , -8.4375 , -22.9375
305176  , 6.701211 , 0.10896278 , 6.932757    , -0.6949533 , -0.011300072 , -0.718966    ,-44.0 , -8.4375 , -22.9375
24536132  , 6.701211 , 0.10896278 , 6.932757    , -0.6949535 , -0.011300057 , -0.7189661    ,-44.25 , -9.1875 , -22.9375
4974365  , 6.742072 , 0.313268 , 6.701211    , -0.7088679 , -0.032937273 , -0.7045718    ,-44.25 , -9.1875 , -22.9375
19927977  , 6.742072 , 0.313268 , 6.701211    , -0.708868 , -0.032937303 , -0.7045718    ,-44.5 , -9.4375 , -23.625
213623  , 6.851035 , 0.10896278 , 7.1234417    , -0.69314915 , -0.011024177 , -0.7207098    ,-44.5 , -9.4375 , -23.625
48187257  , 6.851035 , 0.10896278 , 7.1234417    , -0.69314915 , -0.011024207 , -0.7207098    ,-44.0 , -10.4375 , -23.4375
5737306  , 6.782933 , 0.38136974 , 7.082581    , -0.69114155 , -0.038859367 , -0.7216739    ,-44.0 , -10.4375 , -23.4375
24444581  , 6.782933 , 0.38136974 , 7.082581    , -0.6911416 , -0.038859367 , -0.72167397    ,-44.25 , -10.6875 , -23.4375
213623  , 7.014479 , 0.38136974 , 7.164303    , -0.6990905 , -0.038008794 , -0.7140225    ,-44.25 , -10.6875 , -23.4375
24902345  , 7.014479 , 0.38136974 , 7.164303    , -0.6990905 , -0.038008824 , -0.7140225    ,-43.4375 , -10.6875 , -23.1875
5889892  , 7.1234417 , 0.23154591 , 6.891896    , -0.7184947 , -0.02335447 , -0.6951403    ,-43.4375 , -10.6875 , -23.1875
26885987  , 7.1234417 , 0.23154591 , 6.891896    , -0.7184949 , -0.023354486 , -0.6951403    ,-42.9375 , -10.875 , -22.4375
5218507  , 6.851035 , 0.42223078 , 6.973618    , -0.70015657 , -0.043150812 , -0.7126842    ,-42.9375 , -10.875 , -22.4375
23773194  , 6.851035 , 0.42223078 , 6.973618    , -0.70015657 , -0.043150797 , -0.7126842    ,-43.1875 , -10.6875 , -23.1875
3845215  , 6.701211 , 0.46309182 , 6.851035    , -0.6984318 , -0.048265606 , -0.7140472    ,-43.1875 , -10.6875 , -23.1875
21545412  , 6.701211 , 0.46309182 , 6.851035    , -0.69843185 , -0.04826562 , -0.71404713    ,-43.4375 , -11.125 , -23.875
213623  , 6.742072 , 0.42223078 , 6.66035    , -0.7107002 , -0.044508457 , -0.7020857    ,-43.4375 , -11.125 , -23.875
43548584  , 6.742072 , 0.42223078 , 6.66035    , -0.7107002 , -0.044508487 , -0.7020857    ,-44.0 , -11.875 , -23.625
213623  , 6.782933 , 0.46309182 , 6.742072    , -0.7084099 , -0.04836531 , -0.7041423    ,-44.0 , -11.875 , -23.625
26245117  , 6.782933 , 0.46309182 , 6.742072    , -0.70840985 , -0.048365325 , -0.70414233    ,-44.25 , -12.125 , -24.125
244141  , 7.014479 , 0.42223078 , 6.5922484    , -0.7279982 , -0.043821275 , -0.6841769    ,-44.25 , -12.125 , -24.125
54687499  , 7.014479 , 0.42223078 , 6.5922484    , -0.72799826 , -0.043821305 , -0.6841769    ,-43.6875 , -12.375 , -23.625
244140  , 6.742072 , 0.5720546 , 6.973618    , -0.6938648 , -0.05887334 , -0.7176945    ,-43.6875 , -12.375 , -23.625
21697998  , 6.742072 , 0.5720546 , 6.973618    , -0.6938647 , -0.058873326 , -0.7176945    ,-42.9375 , -12.125 , -23.625
1464843  , 6.742072 , 0.5720546 , 7.082581    , -0.6883043 , -0.058401555 , -0.72306716    ,-42.9375 , -12.125 , -23.625
23010254  , 6.742072 , 0.5720546 , 7.082581    , -0.6883044 , -0.058401585 , -0.7230673    ,-42.4375 , -11.125 , -24.375
213623  , 6.973618 , 0.50395286 , 6.851035    , -0.71240276 , -0.051482216 , -0.69988006    ,-42.4375 , -11.125 , -24.375
23376464  , 6.973618 , 0.50395286 , 6.851035    , -0.7124027 , -0.0514822 , -0.69988    ,-41.9375 , -10.875 , -25.375
244141  , 6.742072 , 0.6537767 , 7.3958488    , -0.6722553 , -0.06518838 , -0.7374436    ,-41.9375 , -10.875 , -25.375
22583007  , 6.742072 , 0.6537767 , 7.3958488    , -0.67225534 , -0.06518839 , -0.73744375    ,-42.1875 , -10.875 , -26.125
244141  , 6.3198414 , 0.38136974 , 7.6954966    , -0.6341869 , -0.038269877 , -0.77223194    ,-42.1875 , -10.875 , -26.125
24597168  , 6.3198414 , 0.38136974 , 7.6954966    , -0.634187 , -0.038269937 , -0.77223194    ,-42.1875 , -10.6875 , -26.5625
244141  , 6.510526 , 0.50395286 , 7.8589406    , -0.63717365 , -0.049320996 , -0.76914054    ,-42.1875 , -10.6875 , -26.5625
27801513  , 6.510526 , 0.50395286 , 7.8589406    , -0.63717365 , -0.049320996 , -0.76914054    ,-41.9375 , -11.125 , -27.0625
2410889  , 6.5922484 , 0.50395286 , 7.668256    , -0.65109193 , -0.04977359 , -0.7573651    ,-41.9375 , -11.125 , -27.0625
27618408  , 6.5922484 , 0.50395286 , 7.668256    , -0.6510919 , -0.049773574 , -0.7573651    ,-41.4375 , -11.375 , -27.0625
244141  , 6.851035 , 0.46309182 , 7.6954966    , -0.6642674 , -0.044900745 , -0.7461453    ,-41.4375 , -11.375 , -27.0625
28778078  , 6.851035 , 0.46309182 , 7.6954966    , -0.66426736 , -0.044900775 , -0.74614525    ,-40.6875 , -10.875 , -27.3125
213623  , 6.782933 , 0.92618364 , 8.049625    , -0.64189506 , -0.08764833 , -0.7617669    ,-40.6875 , -10.875 , -27.3125
33874512  , 6.782933 , 0.92618364 , 8.049625    , -0.6418949 , -0.0876483 , -0.76176673    ,-39.625 , -10.875 , -28.0625
213623  , 7.014479 , 0.92618364 , 8.390134    , -0.6391206 , -0.08438875 , -0.7644627    ,-39.625 , -10.875 , -28.0625
44158937  , 7.014479 , 0.92618364 , 8.390134    , -0.63912064 , -0.08438878 , -0.7644627    ,-39.125 , -11.125 , -28.5625
244140  , 6.782933 , 0.7627395 , 7.8861814    , -0.6503384 , -0.07313046 , -0.7561163    ,-39.125 , -11.125 , -28.5625
26214599  , 6.782933 , 0.7627395 , 7.8861814    , -0.6503384 , -0.073130384 , -0.7561164    ,-38.625 , -11.375 , -29.75
244140  , 6.0882955 , 0.6537767 , 8.962189    , -0.5609114 , -0.060232103 , -0.8256817    ,-38.625 , -11.375 , -29.75
19989014  , 6.0882955 , 0.6537767 , 8.962189    , -0.56091136 , -0.060232118 , -0.8256817    ,-36.875 , -12.125 , -31.5
427247  , 5.325556 , 0.5720546 , 9.466142    , -0.48964208 , -0.052595824 , -0.8703357    ,-36.875 , -12.125 , -31.5
36193849  , 5.325556 , 0.5720546 , 9.466142    , -0.48964208 , -0.05259581 , -0.8703357    ,-34.5625 , -12.875 , -33.1875
4211425  , 5.47538 , 0.5720546 , 8.471856    , -0.54193246 , -0.056619823 , -0.8385124    ,-34.5625 , -12.875 , -33.1875
22888184  , 5.47538 , 0.5720546 , 8.471856    , -0.5419325 , -0.056619808 , -0.83851254    ,-31.25 , -13.875 , -35.625
213623  , 4.903325 , 0.53119355 , 8.853226    , -0.48383388 , -0.052415326 , -0.8735889    ,-31.25 , -13.875 , -35.625
32196045  , 4.903325 , 0.53119355 , 8.853226    , -0.48383382 , -0.05241534 , -0.8735888    ,-27.5 , -14.875 , -37.8125
213623  , 2.6832085 , 0.61291564 , 9.00305    , -0.28501233 , -0.065104336 , -0.95631033    ,-27.5 , -14.875 , -37.8125
32409668  , 2.6832085 , 0.61291564 , 9.00305    , -0.2850123 , -0.065104336 , -0.9563103    ,-23.9375 , -14.875 , -40.25
8605957  , 1.9885708 , 0.46309182 , 8.390134    , -0.23029199 , -0.053629637 , -0.97164285    ,-23.9375 , -14.875 , -40.25
15563965  , 1.9885708 , 0.46309182 , 8.390134    , -0.23029193 , -0.053629622 , -0.9716426    ,-20.125 , -14.875 , -42.25
213623  , 1.4573772 , 0.10896278 , 8.430995    , -0.17031956 , -0.012734182 , -0.9853065    ,-20.125 , -14.875 , -42.25
33111571  , 1.4573772 , 0.10896278 , 8.430995    , -0.17031954 , -0.012734182 , -0.98530656    ,-16.0625 , -14.125 , -43.6875
213623  , 0.313268 , -0.10896278 , 8.471856    , -0.036949188 , 0.01285189 , -0.99923456    ,-16.0625 , -14.125 , -43.6875
30273436  , 0.313268 , -0.10896278 , 8.471856    , -0.036949188 , 0.012851892 , -0.9992347    ,-11.75 , -13.125 , -44.9375
5432129  , -1.3075534 , -0.040861044 , 8.308413    , 0.15546179 , 0.004858181 , -0.98783016    ,-11.75 , -13.125 , -44.9375
17883299  , -1.3075534 , -0.040861044 , 8.308413    , 0.15546176 , 0.004858181 , -0.98783004    ,-6.6875 , -12.625 , -45.4375
244140  , -2.1383946 , 0.313268 , 8.689782    , 0.23880659 , -0.034984402 , -0.970437    ,-6.6875 , -12.625 , -45.4375
34149169  , -2.1383946 , 0.313268 , 8.689782    , 0.23880652 , -0.034984387 , -0.9704367    ,-1.3125 , -12.125 , -45.4375
213623  , -2.5333846 , 0.6537767 , 8.499097    , 0.2848836 , -0.073518336 , -0.95573854    ,-1.3125 , -12.125 , -45.4375
60363767  , -2.5333846 , 0.6537767 , 8.499097    , 0.28488362 , -0.07351835 , -0.95573854    ,4.75 , -11.125 , -45.4375
244140  , -2.9147544 , 0.14982383 , 6.6331096    , 0.40221155 , -0.020674437 , -0.91531324    ,4.75 , -11.125 , -45.4375
244140  , -2.9147544 , 0.14982383 , 6.6331096    , 0.40221158 , -0.020674437 , -0.9153133    ,11.125 , -10.875 , -43.9375
213623  , -3.445948 , 0.08172209 , 6.0201936    , 0.49673873 , -0.0117803365 , -0.8678202    ,11.125 , -10.875 , -43.9375
8911132  , -3.445948 , 0.08172209 , 6.0201936    , 0.49673864 , -0.0117803365 , -0.86782    ,16.1875 , -10.6875 , -41.75
274658  , -4.9850473 , 0.040861044 , 6.1700177    , 0.6284487 , -0.005151272 , -0.77783406    ,16.1875 , -10.6875 , -41.75
27679445  , -4.9850473 , 0.040861044 , 6.1700177    , 0.6284487 , -0.005151242 , -0.77783406    ,20.75 , -10.4375 , -39.5625
244141  , -6.510526 , 0.38136974 , 5.829509    , 0.7442883 , -0.04359846 , -0.6664338    ,20.75 , -10.4375 , -39.5625
29205324  , -6.510526 , 0.38136974 , 5.829509    , 0.7442883 , -0.04359846 , -0.66643393    ,23.8125 , -10.875 , -36.625
244141  , -7.164303 , 0.42223078 , 5.706926    , 0.7813429 , -0.04604873 , -0.6224006    ,23.8125 , -10.875 , -36.625
29266359  , -7.164303 , 0.42223078 , 5.706926    , 0.78134304 , -0.04604876 , -0.62240064    ,26.3125 , -10.875 , -34.1875
244141  , -6.973618 , 0.08172209 , 5.175732    , 0.8029655 , -0.009409726 , -0.59595096    ,26.3125 , -10.875 , -34.1875
30731202  , -6.973618 , 0.08172209 , 5.175732    , 0.80296546 , -0.009409785 , -0.59595096    ,28.375 , -10.6875 , -32.4375
366211  , -6.701211 , 0.040861044 , 4.5219555    , 0.8289161 , -0.0050544143 , -0.5593499    ,28.375 , -10.6875 , -32.4375
38635255  , -6.701211 , 0.040861044 , 4.5219555    , 0.8289163 , -0.0050543845 , -0.55935    ,29.125 , -10.6875 , -31.9375
427247  , -6.782933 , -0.040861044 , 4.2904096    , 0.8451147 , 0.005091056 , -0.5345605    ,29.125 , -10.6875 , -31.9375
39154053  , -6.782933 , -0.040861044 , 4.2904096    , 0.84511477 , 0.0050910413 , -0.53456056    ,29.125 , -10.1875 , -32.4375
488281  , -6.3198414 , -0.5720546 , 5.434519    , 0.75643814 , 0.06847066 , -0.6504715    ,29.125 , -10.1875 , -32.4375
39276123  , -6.3198414 , -0.5720546 , 5.434519    , 0.7564381 , 0.06847067 , -0.65047145    ,27.375 , -10.1875 , -33.9375
488282  , -6.932757 , 0.0 , 6.6331096    , 0.7225492 , 2.9802322E-8 , -0.6913192    ,27.375 , -10.1875 , -33.9375
38757324  , -6.932757 , 0.0 , 6.6331096    , 0.7225493 , 0.0 , -0.69131935    ,24.3125 , -10.6875 , -35.875
518799  , -6.428804 , 0.040861044 , 8.19945    , 0.61700827 , -0.0039216727 , -0.786947    ,24.3125 , -10.6875 , -35.875
39031982  , -6.428804 , 0.040861044 , 8.19945    , 0.6170082 , -0.0039216876 , -0.786947    ,20.25 , -11.375 , -38.0625
518799  , -5.8567495 , -0.23154591 , 9.888372    , 0.5095042 , 0.020143189 , -0.86023265    ,20.25 , -11.375 , -38.0625
38787841  , -5.8567495 , -0.23154591 , 9.888372    , 0.50950414 , 0.020143196 , -0.86023253    ,14.6875 , -11.875 , -40.5
518799  , -5.5162406 , 0.10896278 , 11.264028    , 0.43979728 , -0.008687347 , -0.8980552    ,14.6875 , -11.875 , -40.5
39093017  , -5.5162406 , 0.10896278 , 11.264028    , 0.43979722 , -0.008687377 , -0.898055    ,8.8125 , -12.375 , -42.5
488281  , -4.099725 , 1.4573772 , 12.489859    , 0.30997366 , -0.11018996 , -0.9443382    ,8.8125 , -12.375 , -42.5
38848875  , -4.099725 , 1.4573772 , 12.489859    , 0.3099736 , -0.11018997 , -0.9443381    ,2.75 , -12.125 , -43.6875
488282  , -2.3426998 , 0.313268 , 13.525005    , 0.17062671 , -0.02281636 , -0.98507166    ,2.75 , -12.125 , -43.6875
39215087  , -2.3426998 , 0.313268 , 13.525005    , 0.17062669 , -0.022816353 , -0.9850714    ,-3.875 , -11.625 , -43.9375
518799  , -1.607201 , 1.2666923 , 14.369467    , 0.110731125 , -0.08727114 , -0.99001145    ,-3.875 , -11.625 , -43.9375
38696290  , -1.607201 , 1.2666923 , 14.369467    , 0.11073114 , -0.08727117 , -0.9900115    ,-10.5 , -11.125 , -43.1875
488281  , -0.10896278 , 1.6889231 , 13.988097    , 0.0077332817 , -0.11986586 , -0.99275994    ,-10.5 , -11.125 , -43.1875
39245607  , -0.10896278 , 1.6889231 , 13.988097    , 0.00773328 , -0.119865865 , -0.99275994    ,-16.5625 , -10.4375 , -42.0
488281  , 0.3405087 , 1.2666923 , 13.443283    , -0.02520957 , -0.093779586 , -0.99527377    ,-16.5625 , -10.4375 , -42.0
39978029  , 0.3405087 , 1.2666923 , 13.443283    , -0.025209567 , -0.09377959 , -0.9952737    ,-21.875 , -9.9375 , -40.75
518799  , 1.9885708 , 0.42223078 , 11.413852    , -0.17152497 , -0.036419682 , -0.98450637    ,-21.875 , -9.9375 , -40.75
37719728  , 1.9885708 , 0.42223078 , 11.413852    , -0.17152494 , -0.036419675 , -0.9845063    ,-26.6875 , -9.4375 , -39.0625
518799  , 2.7921712 , 0.27240697 , 10.691973    , -0.25259608 , -0.02464351 , -0.9672581    ,-26.6875 , -9.4375 , -39.0625
38818360  , 2.7921712 , 0.27240697 , 10.691973    , -0.25259605 , -0.024643525 , -0.967258    ,-30.0 , -8.9375 , -37.125
488281  , 3.255263 , 0.5720546 , 10.147159    , -0.3050321 , -0.053603966 , -0.95083225    ,-30.0 , -8.9375 , -37.125
86334229  , 3.255263 , 0.5720546 , 10.147159    , -0.30503207 , -0.053603973 , -0.95083237    ,-33.3125 , -8.1875 , -35.625
305176  , 3.7864566 , 0.3405087 , 9.888372    , -0.35741475 , -0.032141633 , -0.93339247    ,-33.3125 , -8.1875 , -35.625
213623  , 3.7864566 , 0.3405087 , 9.888372    , -0.35741478 , -0.03214161 , -0.9333926    ,-36.125 , -7.6875 , -33.6875
244141  , 4.3312707 , -0.08172209 , 9.80665    , -0.40400377 , 0.007622704 , -0.9147255    ,-36.125 , -7.6875 , -33.6875
11047363  , 4.3312707 , -0.08172209 , 9.80665    , -0.40400386 , 0.0076227114 , -0.91472566    ,-38.375 , -6.6875 , -32.4375
244140  , 4.2904096 , -0.19068487 , 9.507003    , -0.4112731 , 0.018278807 , -0.9113289    ,-38.375 , -6.6875 , -32.4375
28350830  , 4.2904096 , -0.19068487 , 9.507003    , -0.41127312 , 0.018278793 , -0.911329    ,-39.625 , -6.4375 , -31.75
213623  , 4.3312707 , -0.19068487 , 9.425281    , -0.4174883 , 0.018380001 , -0.9084966    ,-39.625 , -6.4375 , -31.75
29357910  , 4.3312707 , -0.19068487 , 9.425281    , -0.41748828 , 0.018379994 , -0.90849656    ,-39.9375 , -5.9375 , -31.25
274658  , 4.7535014 , -0.14982383 , 9.302697    , -0.45497242 , 0.014340095 , -0.89039004    ,-39.9375 , -5.9375 , -31.25
44647215  , 4.7535014 , -0.14982383 , 9.302697    , -0.4549723 , 0.014340103 , -0.8903899    ,-39.125 , -5.6875 , -31.75
7232666  , 4.8216033 , -0.08172209 , 9.425281    , -0.45541477 , 0.007718891 , -0.89024585    ,-39.125 , -5.6875 , -31.75
27130126  , 4.8216033 , -0.08172209 , 9.425281    , -0.45541483 , 0.007718891 , -0.89024585    ,-37.125 , -6.4375 , -32.4375
213623  , 3.9090397 , -0.08172209 , 8.62168    , -0.41292015 , 0.008632489 , -0.91072637    ,-37.125 , -6.4375 , -32.4375
47851560  , 3.9090397 , -0.08172209 , 8.62168    , -0.4129202 , 0.008632466 , -0.9107264    ,-34.3125 , -6.9375 , -35.125
244140  , 2.6423476 , 0.313268 , 8.19945    , -0.30652303 , -0.036340363 , -0.95116943    ,-34.3125 , -6.9375 , -35.125
32440184  , 2.6423476 , 0.313268 , 8.19945    , -0.30652297 , -0.03634034 , -0.95116913    ,-30.5 , -7.9375 , -38.0625
8178711  , 1.9477097 , 0.42223078 , 7.9679036    , -0.23713912 , -0.051407784 , -0.97011465    ,-30.5 , -7.9375 , -38.0625
41137697  , 1.9477097 , 0.42223078 , 7.9679036    , -0.23713912 , -0.051407788 , -0.9701146    ,-25.9375 , -9.4375 , -41.5
244141  , -0.0 , 0.8036005 , 7.3958488    , -0.0 , -0.108019836 , -0.9941487    ,-25.9375 , -9.4375 , -41.5
31555176  , -0.0 , 0.8036005 , 7.3958488    , -1.8626451E-9 , -0.10801985 , -0.99414885    ,-20.375 , -10.6875 , -43.9375
305175  , -0.9942854 , 1.1168685 , 7.6954966    , 0.12683134 , -0.14246807 , -0.98163974    ,-20.375 , -10.6875 , -43.9375
43457032  , -0.9942854 , 1.1168685 , 7.6954966    , 0.12683135 , -0.1424681 , -0.98163986    ,-14.25 , -12.125 , -44.9375
366211  , -1.607201 , 1.607201 , 6.973618    , 0.21912353 , -0.21912353 , -0.95077336    ,-14.25 , -12.125 , -44.9375
33569336  , -1.607201 , 1.607201 , 6.973618    , 0.2191235 , -0.21912348 , -0.9507732    ,-8.1875 , -13.875 , -45.6875
4425049  , -2.1792557 , 1.9477097 , 5.9793324    , 0.3274388 , -0.29264843 , -0.89841014    ,-8.1875 , -13.875 , -45.6875
21270752  , -2.1792557 , 1.9477097 , 5.9793324    , 0.3274388 , -0.29264838 , -0.89841014    ,-2.625 , -15.875 , -45.1875
213623  , -2.5606253 , 2.152015 , 5.7477865    , 0.38504553 , -0.3236021 , -0.8643044    ,-2.625 , -15.875 , -45.1875
25939942  , -2.5606253 , 2.152015 , 5.7477865    , 0.38504547 , -0.32360205 , -0.8643042    ,2.5 , -16.875 , -44.9375
213623  , -2.9556155 , 2.2609777 , 5.8976107    , 0.4238362 , -0.32422492 , -0.8457192    ,2.5 , -16.875 , -44.9375
29022217  , -2.9556155 , 2.2609777 , 5.8976107    , 0.4238362 , -0.32422495 , -0.8457193    ,6.8125 , -17.8125 , -43.9375
244140  , -3.7864566 , 2.5606253 , 5.434519    , 0.5332083 , -0.3605869 , -0.7652882    ,6.8125 , -17.8125 , -43.9375
39398193  , -3.7864566 , 2.5606253 , 5.434519    , 0.53320825 , -0.36058688 , -0.7652881    ,10.3125 , -18.0625 , -42.5
335693  , -4.440233 , 2.3699405 , 5.09401    , 0.6200498 , -0.33094686 , -0.71134543    ,10.3125 , -18.0625 , -42.5
30090332  , -4.440233 , 2.3699405 , 5.09401    , 0.62004983 , -0.3309469 , -0.71134555    ,13.625 , -17.625 , -41.25
488281  , -5.47538 , 2.070293 , 4.7535014    , 0.72611344 , -0.27455038 , -0.63038206    ,13.625 , -17.625 , -41.25
39367675  , -5.47538 , 2.070293 , 4.7535014    , 0.72611344 , -0.27455035 , -0.630382    ,16.4375 , -17.8125 , -40.0625
488282  , -6.510526 , 1.6480621 , 4.630918    , 0.7980811 , -0.20202476 , -0.5676727    ,16.4375 , -17.8125 , -40.0625
38726805  , -6.510526 , 1.6480621 , 4.630918    , 0.79808104 , -0.20202473 , -0.5676727    ,19.0 , -17.8125 , -39.0625
488281  , -7.205164 , 1.3756552 , 4.3312707    , 0.84581447 , -0.1614882 , -0.508448    ,19.0 , -17.8125 , -39.0625
37811278  , -7.205164 , 1.3756552 , 4.3312707    , 0.84581465 , -0.16148823 , -0.5084481    ,21.25 , -17.375 , -37.8125
274658  , -8.008764 , 1.1849703 , 4.862464    , 0.84803224 , -0.12547414 , -0.51487666    ,21.25 , -17.375 , -37.8125
30670165  , -8.008764 , 1.1849703 , 4.862464    , 0.848032 , -0.1254741 , -0.5148765    ,22.75 , -17.375 , -37.375
396729  , -7.8589406 , 1.5390993 , 5.5571017    , 0.8062544 , -0.15789732 , -0.5701071    ,22.75 , -17.375 , -37.375
55358888  , -7.8589406 , 1.5390993 , 5.5571017    , 0.80625445 , -0.15789734 , -0.57010716    ,24.0625 , -16.875 , -37.125
274658  , -7.8589406 , 0.95342433 , 6.1700177    , 0.78299797 , -0.09499106 , -0.6147281    ,24.0625 , -16.875 , -37.125
12329101  , -7.8589406 , 0.95342433 , 6.1700177    , 0.78299785 , -0.09499106 , -0.614728    ,24.8125 , -16.375 , -37.5625
274658  , -8.662541 , 0.84446156 , 6.3607025    , 0.8035652 , -0.07833499 , -0.59003925    ,24.8125 , -16.375 , -37.5625
29327394  , -8.662541 , 0.84446156 , 6.3607025    , 0.8035654 , -0.078335 , -0.5900394    ,25.8125 , -16.625 , -37.8125
244140  , -8.880466 , 1.879608 , 5.434519    , 0.83938915 , -0.17766213 , -0.5136753    ,25.8125 , -16.625 , -37.8125
29479981  , -8.880466 , 1.879608 , 5.434519    , 0.8393889 , -0.17766209 , -0.51367515    ,26.8125 , -16.625 , -37.5625
305175  , -7.3141265 , 1.6889231 , 5.407278    , 0.7906007 , -0.18255955 , -0.5844851    ,26.8125 , -16.625 , -37.5625
30822755  , -7.3141265 , 1.6889231 , 5.407278    , 0.7906005 , -0.18255955 , -0.58448493    ,27.0625 , -16.875 , -37.8125
488281  , -8.267551 , 1.56634 , 6.973618    , 0.75649685 , -0.14332312 , -0.6380995    ,27.0625 , -16.875 , -37.8125
38421632  , -8.267551 , 1.56634 , 6.973618    , 0.7564968 , -0.14332306 , -0.63809943    ,26.5625 , -16.875 , -38.0625
488282  , -9.043911 , 2.1111538 , 6.932757    , 0.7803657 , -0.18216369 , -0.598202    ,26.5625 , -16.875 , -38.0625
38909912  , -9.043911 , 2.1111538 , 6.932757    , 0.7803658 , -0.18216369 , -0.59820205    ,25.0625 , -17.375 , -39.0625
518798  , -8.240311 , 1.5390993 , 8.308413    , 0.6981778 , -0.13040346 , -0.70394796    ,25.0625 , -17.375 , -39.0625
38757324  , -8.240311 , 1.5390993 , 8.308413    , 0.6981778 , -0.13040346 , -0.7039478    ,22.75 , -17.8125 , -40.5
488281  , -6.932757 , 1.3756552 , 8.771504    , 0.6154375 , -0.12212026 , -0.7786675    ,22.75 , -17.8125 , -40.5
39215087  , -6.932757 , 1.3756552 , 8.771504    , 0.6154374 , -0.12212025 , -0.77866733    ,20.25 , -17.8125 , -42.0
488282  , -6.782933 , 0.84446156 , 10.56939    , 0.5388828 , -0.06708983 , -0.83970493    ,20.25 , -17.8125 , -42.0
38665771  , -6.782933 , 0.84446156 , 10.56939    , 0.53888273 , -0.06708981 , -0.83970475    ,16.6875 , -17.8125 , -43.9375
793457  , -5.8976107 , 1.1168685 , 10.651112    , 0.48238218 , -0.09135184 , -0.8711844    ,16.6875 , -17.8125 , -43.9375
39001464  , -5.8976107 , 1.1168685 , 10.651112    , 0.48238215 , -0.09135182 , -0.87118435    ,12.125 , -17.625 , -46.375
518799  , -3.568531 , 0.6946377 , 11.495573    , 0.2959779 , -0.057614017 , -0.95345557    ,12.125 , -17.625 , -46.375
38665770  , -3.568531 , 0.6946377 , 11.495573    , 0.29597795 , -0.057614043 , -0.9534557    ,5.75 , -16.125 , -48.5625
518799  , -2.8738933 , 0.7218784 , 12.830367    , 0.21824676 , -0.05482027 , -0.9743528    ,5.75 , -16.125 , -48.5625
39062498  , -2.8738933 , 0.7218784 , 12.830367    , 0.21824676 , -0.054820254 , -0.97435284    ,-1.3125 , -15.125 , -50.5625
488281  , -1.879608 , 0.6946377 , 12.721405    , 0.14595202 , -0.05393878 , -0.98782015    ,-1.3125 , -15.125 , -50.5625
39276122  , -1.879608 , 0.6946377 , 12.721405    , 0.145952 , -0.053938806 , -0.98782015    ,-8.9375 , -14.375 , -51.3125
488281  , 0.040861044 , 0.040861044 , 13.184497    , -0.0030991433 , -0.0030991433 , -0.9999903    ,-8.9375 , -14.375 , -51.3125
39459230  , 0.040861044 , 0.040861044 , 13.184497    , -0.0030991437 , -0.003099144 , -0.99999046    ,-16.5625 , -12.875 , -50.3125
457763  , 1.8387469 , 0.08172209 , 12.299174    , -0.14785524 , -0.00657133 , -0.9889872    ,-16.5625 , -12.875 , -50.3125
44860842  , 1.8387469 , 0.08172209 , 12.299174    , -0.14785525 , -0.006571345 , -0.9889874    ,-23.9375 , -12.125 , -48.125
213623  , 2.7240696 , 0.38136974 , 11.876944    , -0.22344375 , -0.03128212 , -0.9742148    ,-23.9375 , -12.125 , -48.125
32531739  , 2.7240696 , 0.38136974 , 11.876944    , -0.22344378 , -0.031282134 , -0.9742148    ,-31.8125 , -11.375 , -44.4375
213623  , 5.175732 , 0.10896278 , 10.760075    , -0.43345457 , -0.009125367 , -0.90112925    ,-31.8125 , -11.375 , -44.4375
28839112  , 5.175732 , 0.10896278 , 10.760075    , -0.43345457 , -0.009125367 , -0.90112925    ,-38.125 , -10.875 , -40.25
274658  , 6.4424243 , -0.42223078 , 10.079058    , -0.5382337 , 0.035275385 , -0.842057    ,-38.125 , -10.875 , -40.25
29724121  , 6.4424243 , -0.42223078 , 10.079058    , -0.53823364 , 0.035275355 , -0.842057    ,-43.6875 , -11.125 , -35.875
274658  , 5.7477865 , 0.23154591 , 9.234595    , -0.52830255 , -0.02128233 , -0.84878945    ,-43.6875 , -11.125 , -35.875
29418946  , 5.7477865 , 0.23154591 , 9.234595    , -0.5283026 , -0.02128233 , -0.84878945    ,-47.75 , -11.125 , -31.9375
366211  , 6.3198414 , 0.23154591 , 8.539958    , -0.5947184 , -0.021789253 , -0.8036388    ,-47.75 , -11.125 , -31.9375
40008545  , 6.3198414 , 0.23154591 , 8.539958    , -0.5947184 , -0.021789238 , -0.8036388    ,-49.3125 , -11.375 , -29.0625
427246  , 7.273266 , 0.3405087 , 8.240311    , -0.6614272 , -0.030965716 , -0.74936974    ,-49.3125 , -11.375 , -29.0625
111236571  , 7.273266 , 0.3405087 , 8.240311    , -0.6614272 , -0.0309657 , -0.7493698    ,-50.5625 , -11.375 , -25.875
274658  , 7.9270425 , 0.53119355 , 7.6273947    , -0.71975654 , -0.04823111 , -0.6925492    ,-50.5625 , -11.375 , -25.875
3875733  , 7.9270425 , 0.53119355 , 7.6273947    , -0.7197566 , -0.04823111 , -0.6925493    ,-51.5625 , -11.375 , -23.875
335694  , 6.469665 , 1.4573772 , 7.273266    , -0.6572985 , -0.14806513 , -0.738942    ,-51.5625 , -11.375 , -23.875
244141  , 6.469665 , 1.4573772 , 7.273266    , -0.6572985 , -0.14806513 , -0.73894197    ,-51.0625 , -11.625 , -22.6875
244141  , 5.9793324 , 0.92618364 , 6.5922484    , -0.6682259 , -0.103506476 , -0.7367228    ,-51.0625 , -11.625 , -22.6875
21759033  , 5.9793324 , 0.92618364 , 6.5922484    , -0.6682258 , -0.103506505 , -0.7367229    ,-51.0625 , -11.875 , -21.6875
244140  , 7.205164 , 0.7218784 , 6.1700177    , -0.7573708 , -0.075880244 , -0.6485615    ,-51.0625 , -11.875 , -21.6875
38909911  , 7.205164 , 0.7218784 , 6.1700177    , -0.75737077 , -0.07588023 , -0.64856136    ,-50.3125 , -12.875 , -21.9375
213623  , 6.701211 , 1.1849703 , 5.9793324    , -0.7397416 , -0.13080794 , -0.66005397    ,-50.3125 , -12.875 , -21.9375
29632568  , 6.701211 , 1.1849703 , 5.9793324    , -0.7397418 , -0.13080803 , -0.66005415    ,-48.8125 , -13.375 , -22.6875
335693  , 4.2495484 , 1.334794 , 6.5513873    , -0.5364112 , -0.1684881 , -0.82696724    ,-48.8125 , -13.375 , -22.6875
29571532  , 4.2495484 , 1.334794 , 6.5513873    , -0.53641105 , -0.16848812 , -0.8269671    ,-47.25 , -14.625 , -24.625
396729  , 3.3778462 , 0.88532263 , 5.47538    , -0.5201402 , -0.13632706 , -0.84313047    ,-47.25 , -14.625 , -24.625
29907227  , 3.3778462 , 0.88532263 , 5.47538    , -0.52014023 , -0.13632707 , -0.8431306    ,-44.5 , -16.375 , -27.5625
396728  , 4.0588636 , 1.7297841 , 4.5628166    , -0.63948196 , -0.27253097 , -0.7188807    ,-44.5 , -16.375 , -27.5625
38909914  , 4.0588636 , 1.7297841 , 4.5628166    , -0.6394821 , -0.27253094 , -0.71888083    ,-40.9375 , -17.8125 , -31.0
488281  , 5.366417 , 3.173541 , 6.2789803    , -0.6064798 , -0.35865438 , -0.70961225    ,-40.9375 , -17.8125 , -31.0
39154054  , 5.366417 , 3.173541 , 6.2789803    , -0.6064799 , -0.35865426 , -0.7096122    ,-35.3125 , -20.0625 , -35.375
488281  , 0.84446156 , 0.92618364 , 10.038197    , -0.08347666 , -0.09155503 , -0.992295    ,-35.3125 , -20.0625 , -35.375
38787843  , 0.84446156 , 0.92618364 , 10.038197    , -0.08347664 , -0.09155502 , -0.9922948    ,-28.75 , -21.5625 , -38.3125
488281  , 0.46309182 , 1.607201 , 6.5513873    , -0.06848927 , -0.23769802 , -0.96892166    ,-28.75 , -21.5625 , -38.3125
38665773  , 0.46309182 , 1.607201 , 6.5513873    , -0.06848922 , -0.23769797 , -0.96892136    ,-21.125 , -21.5625 , -41.25
244141  , -0.42223078 , 1.1441092 , 7.246025    , 0.057462506 , -0.15570487 , -0.9861309    ,-21.125 , -21.5625 , -41.25
29022217  , -0.42223078 , 1.1441092 , 7.246025    , 0.057462517 , -0.1557049 , -0.98613095    ,-13.75 , -20.5625 , -43.9375
213623  , -1.6480621 , 1.7297841 , 7.3549876    , 0.2131121 , -0.22367966 , -0.9510788    ,-13.75 , -20.5625 , -43.9375
29327392  , -1.6480621 , 1.7297841 , 7.3549876    , 0.21311209 , -0.22367965 , -0.9510788    ,-7.6875 , -19.3125 , -45.4375
305176  , -2.7513103 , 1.56634 , 6.891896    , 0.36276478 , -0.20652443 , -0.9087076    ,-7.6875 , -19.3125 , -45.4375
29998780  , -2.7513103 , 1.56634 , 6.891896    , 0.36276478 , -0.20652445 , -0.9087077    ,-2.125 , -17.8125 , -46.625
396728  , -3.445948 , 1.7297841 , 7.0553403    , 0.42859063 , -0.21514235 , -0.8775097    ,-2.125 , -17.8125 , -46.625
39459228  , -3.445948 , 1.7297841 , 7.0553403    , 0.42859074 , -0.2151424 , -0.87750995    ,2.5 , -16.625 , -46.625
671387  , -4.2495484 , 1.4982382 , 6.2108784    , 0.553815 , -0.1952553 , -0.80942196    ,2.5 , -16.625 , -46.625
38482666  , -4.2495484 , 1.4982382 , 6.2108784    , 0.5538151 , -0.19525535 , -0.8094222    ,6.8125 , -16.625 , -46.125
396728  , -4.5900574 , 0.92618364 , 5.5162406    , 0.6343626 , -0.12800197 , -0.76236445    ,6.8125 , -16.625 , -46.125
39184569  , -4.5900574 , 0.92618364 , 5.5162406    , 0.6343626 , -0.12800196 , -0.7623644    ,10.875 , -16.125 , -45.875
518798  , -5.706926 , 1.1168685 , 5.7886477    , 0.6955279 , -0.1361176 , -0.70548767    ,10.875 , -16.125 , -45.875
39184569  , -5.706926 , 1.1168685 , 5.7886477    , 0.69552785 , -0.13611759 , -0.7054876    ,14.6875 , -15.875 , -45.6875
488282  , -6.1291566 , 0.6537767 , 5.09401    , 0.76648647 , -0.081758544 , -0.63703537    ,14.6875 , -15.875 , -45.6875
38726805  , -6.1291566 , 0.6537767 , 5.09401    , 0.7664864 , -0.081758544 , -0.63703537    ,17.4375 , -16.375 , -45.4375
488281  , -6.6331096 , 0.8036005 , 4.944186    , 0.79801863 , -0.096679896 , -0.5948271    ,17.4375 , -16.375 , -45.4375
39337156  , -6.6331096 , 0.8036005 , 4.944186    , 0.7980186 , -0.09667988 , -0.594827    ,19.75 , -15.875 , -45.875
488282  , -6.851035 , 0.7218784 , 5.6660647    , 0.76807404 , -0.08093029 , -0.63522625    ,19.75 , -15.875 , -45.875
41473390  , -6.851035 , 0.7218784 , 5.6660647    , 0.76807404 , -0.08093031 , -0.63522625    ,21.25 , -15.375 , -45.6875
518799  , -7.014479 , 1.1849703 , 6.0201936    , 0.75268114 , -0.12715197 , -0.6459905    ,21.25 , -15.375 , -45.6875
76965335  , -7.014479 , 1.1849703 , 6.0201936    , 0.7526811 , -0.12715195 , -0.6459904    ,21.75 , -14.625 , -46.375
244141  , -7.9679036 , 0.6537767 , 6.2789803    , 0.78380644 , -0.064312324 , -0.61766624    ,21.75 , -14.625 , -46.375
213623  , -7.9679036 , 0.6537767 , 6.2789803    , 0.78380644 , -0.064312294 , -0.61766624    ,22.0 , -13.625 , -47.625
427246  , -7.6954966 , 0.313268 , 6.891896    , 0.7445886 , -0.03031069 , -0.66683507    ,22.0 , -13.625 , -47.625
16723633  , -7.6954966 , 0.313268 , 6.891896    , 0.7445886 , -0.030310705 , -0.66683507    ,22.0 , -12.625 , -48.5625
274658  , -7.504812 , 0.040861044 , 7.246025    , 0.71939594 , -0.0039168 , -0.694589    ,22.0 , -12.625 , -48.5625
29663086  , -7.504812 , 0.040861044 , 7.246025    , 0.7193959 , -0.0039168447 , -0.69458914    ,21.0 , -11.375 , -50.5625
244141  , -7.164303 , 0.10896278 , 8.430995    , 0.6475098 , -0.009848073 , -0.76199347    ,21.0 , -11.375 , -50.5625
29479981  , -7.164303 , 0.10896278 , 8.430995    , 0.6475098 , -0.009848073 , -0.7619935    ,18.6875 , -10.6875 , -52.5
274658  , -7.7363577 , 1.0351465 , 9.724928    , 0.62040544 , -0.08301196 , -0.77987576    ,18.6875 , -10.6875 , -52.5
39978027  , -7.7363577 , 1.0351465 , 9.724928    , 0.62040544 , -0.083012015 , -0.7798759    ,15.6875 , -9.9375 , -54.9375
427246  , -7.014479 , 1.6480621 , 10.923519    , 0.5360311 , -0.12594128 , -0.8347513    ,15.6875 , -9.9375 , -54.9375
39276123  , -7.014479 , 1.6480621 , 10.923519    , 0.53603095 , -0.12594125 , -0.83475107    ,11.125 , -9.9375 , -57.625
488282  , -4.5219555 , 0.42223078 , 10.882658    , 0.38346648 , -0.035805613 , -0.92286074    ,11.125 , -9.9375 , -57.625
38940429  , -4.5219555 , 0.42223078 , 10.882658    , 0.3834664 , -0.035805605 , -0.9228605    ,5.5 , -10.1875 , -60.0625
488281  , -2.9556155 , 0.14982383 , 11.917805    , 0.24069023 , -0.0122008845 , -0.97052526    ,5.5 , -10.1875 , -60.0625
38909912  , -2.9556155 , 0.14982383 , 11.917805    , 0.24069029 , -0.012200892 , -0.9705254    ,-1.8125 , -10.6875 , -61.8125
488282  , -1.1441092 , -0.38136974 , 12.871228    , 0.08850126 , 0.02950042 , -0.99563915    ,-1.8125 , -10.6875 , -61.8125
39031981  , -1.1441092 , -0.38136974 , 12.871228    , 0.08850126 , 0.029500421 , -0.9956391    ,-12.0 , -10.1875 , -62.75
488282  , -0.19068487 , 0.27240697 , 13.402422    , 0.014223266 , -0.020318953 , -0.9996924    ,-12.0 , -10.1875 , -62.75
38726805  , -0.19068487 , 0.27240697 , 13.402422    , 0.014223266 , -0.020318951 , -0.9996924    ,-23.1875 , -8.1875 , -61.0625
488281  , 2.3018389 , -0.14982383 , 11.536434    , -0.19565497 , 0.012734942 , -0.9805902    ,-23.1875 , -8.1875 , -61.0625
39489745  , 2.3018389 , -0.14982383 , 11.536434    , -0.19565493 , 0.012734931 , -0.9805899    ,-34.8125 , -6.9375 , -57.625
488281  , 4.5219555 , -0.5720546 , 12.026767    , -0.3515882 , 0.044478044 , -0.93509746    ,-34.8125 , -6.9375 , -57.625
38452150  , 4.5219555 , -0.5720546 , 12.026767    , -0.35158828 , 0.04447802 , -0.9350977    ,-45.0 , -4.9375 , -51.5
518799  , 5.053149 , -0.6537767 , 10.528529    , -0.4320166 , 0.05589433 , -0.9001317    ,-45.0 , -4.9375 , -51.5
39031984  , 5.053149 , -0.6537767 , 10.528529    , -0.43201673 , 0.055894338 , -0.9001318    ,-52.625 , -4.9375 , -43.9375
518799  , 7.082581 , -0.23154591 , 10.378705    , -0.5635774 , 0.018424615 , -0.82585764    ,-52.625 , -4.9375 , -43.9375
38665773  , 7.082581 , -0.23154591 , 10.378705    , -0.5635775 , 0.018424623 , -0.8258577    ,-58.1875 , -6.6875 , -37.5625
488281  , 7.1234417 , -0.46309182 , 8.430995    , -0.6448216 , 0.04191956 , -0.7631827    ,-58.1875 , -6.6875 , -37.5625
39215089  , 7.1234417 , -0.46309182 , 8.430995    , -0.6448216 , 0.041919574 , -0.76318276    ,-61.0 , -8.4375 , -32.1875
488282  , 6.0882955 , 0.61291564 , 8.580819    , -0.57768434 , -0.058156148 , -0.8141859    ,-61.0 , -8.4375 , -32.1875
39215088  , 6.0882955 , 0.61291564 , 8.580819    , -0.57768446 , -0.058156174 , -0.81418604    ,-61.25 , -10.6875 , -29.5
488281  , 8.240311 , 0.50395286 , 7.9270425    , -0.7199738 , -0.044031456 , -0.6926029    ,-61.25 , -10.6875 , -29.5
38848877  , 8.240311 , 0.50395286 , 7.9270425    , -0.7199737 , -0.04403144 , -0.6926028    ,-60.75 , -11.875 , -27.5625
488281  , 7.1234417 , 1.0351465 , 7.9679036    , -0.6633926 , -0.09640123 , -0.74203575    ,-60.75 , -11.875 , -27.5625
38543702  , 7.1234417 , 1.0351465 , 7.9679036    , -0.6633927 , -0.09640123 , -0.7420358    ,-59.6875 , -11.875 , -25.875
488282  , 6.782933 , 0.95342433 , 6.782933    , -0.70363986 , -0.098905206 , -0.7036399    ,-59.6875 , -11.875 , -25.875
82855223  , 6.782933 , 0.95342433 , 6.782933    , -0.70363975 , -0.09890518 , -0.7036398    ,-58.9375 , -11.625 , -24.125
488281  , 7.273266 , 1.1441092 , 7.0553403    , -0.71324617 , -0.11219604 , -0.6918756    ,-58.9375 , -11.625 , -24.125
36285400  , 7.273266 , 1.1441092 , 7.0553403    , -0.71324617 , -0.11219604 , -0.6918755    ,-58.1875 , -11.625 , -22.1875
488281  , 6.701211 , 0.7218784 , 6.5922484    , -0.7107861 , -0.07656841 , -0.69922864    ,-58.1875 , -11.625 , -22.1875
28106688  , 6.701211 , 0.7218784 , 6.5922484    , -0.7107859 , -0.07656839 , -0.6992284    ,-57.1875 , -11.125 , -21.6875
53253171  , 6.5922484 , 0.7218784 , 7.0553403    , -0.6808203 , -0.07455265 , -0.7286464    ,-57.1875 , -11.125 , -21.6875
274658  , 6.5922484 , 0.7218784 , 7.0553403    , -0.6808203 , -0.07455262 , -0.7286464    ,-55.875 , -10.6875 , -21.6875
244140  , 5.8976107 , 0.7218784 , 7.164303    , -0.63363856 , -0.07755853 , -0.76973176    ,-55.875 , -10.6875 , -21.6875
4638671  , 5.8976107 , 0.7218784 , 7.164303    , -0.6336384 , -0.07755851 , -0.76973164    ,-54.125 , -10.4375 , -22.6875
244141  , 4.8216033 , 0.84446156 , 7.014479    , -0.5636936 , -0.09872599 , -0.8200627    ,-54.125 , -10.4375 , -22.6875
29571531  , 4.8216033 , 0.84446156 , 7.014479    , -0.5636936 , -0.09872598 , -0.82006264    ,-53.375 , -10.4375 , -24.375
244141  , 4.630918 , 1.0760075 , 6.66035    , -0.565911 , -0.1314911 , -0.8139132    ,-53.375 , -10.4375 , -24.375
30395510  , 4.630918 , 1.0760075 , 6.66035    , -0.56591105 , -0.13149112 , -0.81391335    ,-51.5625 , -10.875 , -26.375
396728  , 4.1814466 , 0.6946377 , 6.851035    , -0.5190293 , -0.086223096 , -0.8503967    ,-51.5625 , -10.875 , -26.375
40039064  , 4.1814466 , 0.6946377 , 6.851035    , -0.51902926 , -0.086223096 , -0.8503966    ,-49.5625 , -11.625 , -28.0625
488281  , 3.718355 , 0.88532263 , 6.5513873    , -0.4902316 , -0.11672182 , -0.86374134    ,-49.5625 , -11.625 , -28.0625
37933351  , 3.718355 , 0.88532263 , 6.5513873    , -0.49023148 , -0.11672177 , -0.8637412    ,-46.75 , -12.625 , -30.5
518798  , 2.7240696 , 0.84446156 , 7.43671    , -0.3420128 , -0.106023945 , -0.9336949    ,-46.75 , -12.625 , -30.5
38940430  , 2.7240696 , 0.84446156 , 7.43671    , -0.34201285 , -0.10602398 , -0.9336949    ,-42.9375 , -12.875 , -33.6875
488281  , 0.92618364 , 0.6537767 , 7.082581    , -0.1291255 , -0.09114741 , -0.9874302    ,-42.9375 , -12.875 , -33.6875
39123536  , 0.92618364 , 0.6537767 , 7.082581    , -0.12912552 , -0.09114742 , -0.9874304    ,-38.875 , -13.375 , -36.875
488281  , -0.38136974 , 1.2666923 , 7.7363577    , 0.048590537 , -0.16138999 , -0.9856939    ,-38.875 , -13.375 , -36.875
38696290  , -0.38136974 , 1.2666923 , 7.7363577    , 0.04859054 , -0.16138999 , -0.9856939    ,-34.5625 , -13.375 , -41.25
518799  , -0.9942854 , 0.88532263 , 7.504812    , 0.13044974 , -0.116153866 , -0.9846275    ,-34.5625 , -13.375 , -41.25
39154053  , -0.9942854 , 0.88532263 , 7.504812    , 0.13044973 , -0.11615385 , -0.9846273    ,-30.25 , -12.625 , -44.6875
488282  , -1.9885708 , 0.7218784 , 7.43671    , 0.257195 , -0.09336531 , -0.96183884    ,-30.25 , -12.625 , -44.6875
38696289  , -1.9885708 , 0.7218784 , 7.43671    , 0.25719497 , -0.0933653 , -0.96183866    ,-24.9375 , -11.875 , -47.625
488281  , -2.7921712 , 0.42223078 , 8.240311    , 0.32054305 , -0.048472352 , -0.94599295    ,-24.9375 , -11.875 , -47.625
40771484  , -2.7921712 , 0.42223078 , 8.240311    , 0.320543 , -0.048472352 , -0.9459928    ,-20.375 , -11.375 , -49.5625
518799  , -3.9499009 , 0.6946377 , 8.580819    , 0.41701764 , -0.0733376 , -0.90593493    ,-20.375 , -11.375 , -49.5625
37231444  , -3.9499009 , 0.6946377 , 8.580819    , 0.41701764 , -0.0733376 , -0.90593493    ,-16.0625 , -11.375 , -50.3125
488281  , -4.944186 , 0.42223078 , 9.956474    , 0.44444102 , -0.03795501 , -0.8950038    ,-16.0625 , -11.375 , -50.3125
38696287  , -4.944186 , 0.42223078 , 9.956474    , 0.444441 , -0.037955016 , -0.89500374    ,-12.75 , -11.375 , -51.0625
488281  , -4.9850473 , 0.50395286 , 9.915613    , 0.44871372 , -0.04536178 , -0.89252347    ,-12.75 , -11.375 , -51.0625
41809081  , -4.9850473 , 0.50395286 , 9.915613    , 0.44871384 , -0.04536178 , -0.89252365    ,-11.0 , -10.875 , -51.5
671386  , -4.630918 , 0.42223078 , 10.079058    , 0.41719794 , -0.03803865 , -0.9080192    ,-11.0 , -10.875 , -51.5
37078858  , -4.630918 , 0.42223078 , 10.079058    , 0.417198 , -0.03803868 , -0.9080193    ,-9.6875 , -10.4375 , -51.5
518798  , -4.2904096 , 0.19068487 , 9.275456    , 0.4197456 , -0.018655367 , -0.90744996    ,-9.6875 , -10.4375 , -51.5
38452150  , -4.2904096 , 0.19068487 , 9.275456    , 0.41974568 , -0.018655367 , -0.9074501    ,-9.1875 , -9.6875 , -52.25
213623  , -4.1814466 , 0.27240697 , 9.534244    , 0.40150476 , -0.026156664 , -0.91548324    ,-9.1875 , -9.6875 , -52.25
37139894  , -4.1814466 , 0.27240697 , 9.534244    , 0.4015048 , -0.026156671 , -0.9154833    ,-8.9375 , -9.1875 , -52.75
274658  , -3.718355 , 0.53119355 , 9.534244    , 0.36285678 , -0.05183669 , -0.93040204    ,-8.9375 , -9.1875 , -52.75
41687013  , -3.718355 , 0.53119355 , 9.534244    , 0.36285675 , -0.051836684 , -0.9304019    ,-9.6875 , -9.6875 , -53.0
427246  , -4.2904096 , 0.27240697 , 9.466142    , 0.4126736 , -0.026201501 , -0.9105021    ,-9.6875 , -9.6875 , -53.0
46142579  , -4.2904096 , 0.27240697 , 9.466142    , 0.4126736 , -0.026201487 , -0.910502    ,-10.5 , -9.9375 , -53.5
4821777  , -4.399372 , 0.42223078 , 9.425281    , 0.4226091 , -0.04056 , -0.905404    ,-10.5 , -9.9375 , -53.5
26580811  , -4.399372 , 0.42223078 , 9.425281    , 0.42260912 , -0.040560007 , -0.90540403    ,-11.25 , -10.6875 , -53.25
1892090  , -3.9771416 , 0.19068487 , 9.275456    , 0.3940118 , -0.018890977 , -0.91891104    ,-11.25 , -10.6875 , -53.25
