80841067  , -0.84446156 , 9.152874 , 1.879608    , 0.09000911 , -0.9755825 , -0.20034283    ,15.4375 , -40.625 , 9.25
518799  , -0.84446156 , 9.425281 , 2.0294318    , 0.08725394 , -0.9738668 , -0.20969097    ,15.4375 , -40.625 , 9.25
43975830  , -0.84446156 , 9.425281 , 2.0294318    , 0.087253965 , -0.97386676 , -0.20969097    ,15.4375 , -40.125 , 9.5
1403809  , -0.9125633 , 9.384419 , 1.7297841    , 0.09519705 , -0.97896665 , -0.18044814    ,15.4375 , -40.125 , 9.5
77148437  , -0.9125633 , 9.384419 , 1.7297841    , 0.09519706 , -0.9789667 , -0.18044814    ,14.6875 , -39.625 , 9.6875
1831055  , -0.9125633 , 9.575105 , 1.7978859    , 0.09326069 , -0.97854125 , -0.18373747    ,14.6875 , -39.625 , 9.6875
24932861  , -0.9125633 , 9.575105 , 1.7978859    , 0.09326065 , -0.97854114 , -0.18373746    ,14.6875 , -39.625 , 9.9375
244141  , -0.84446156 , 9.343558 , 1.607201    , 0.088719666 , -0.9816402 , -0.16885358    ,14.6875 , -39.625 , 9.9375
213623  , -0.84446156 , 9.343558 , 1.607201    , 0.08871966 , -0.9816402 , -0.16885357    ,14.9375 , -39.1875 , 10.6875
244141  , -0.95342433 , 9.302697 , 1.4573772    , 0.10073894 , -0.9829242 , -0.15398665    ,14.9375 , -39.1875 , 10.6875
31311035  , -0.95342433 , 9.302697 , 1.4573772    , 0.10073894 , -0.9829241 , -0.15398665    ,15.1875 , -39.625 , 10.6875
335694  , -0.95342433 , 9.507003 , 1.4573772    , 0.09864509 , -0.98363245 , -0.15078607    ,15.1875 , -39.625 , 10.6875
32318115  , -0.95342433 , 9.507003 , 1.4573772    , 0.098645076 , -0.9836324 , -0.15078606    ,15.9375 , -39.625 , 11.4375
1007080  , -0.9942854 , 9.507003 , 1.1168685    , 0.10331439 , -0.98785543 , -0.11605177    ,15.9375 , -39.625 , 11.4375
25848387  , -0.9942854 , 9.507003 , 1.1168685    , 0.103314385 , -0.9878553 , -0.11605176    ,15.9375 , -39.875 , 11.6875
244140  , -1.334794 , 9.193735 , 1.4573772    , 0.14194283 , -0.97766745 , -0.1549784    ,15.9375 , -39.875 , 11.6875
27648925  , -1.334794 , 9.193735 , 1.4573772    , 0.14194284 , -0.9776675 , -0.1549784    ,15.9375 , -39.875 , 11.9375
305176  , -0.9942854 , 9.193735 , 1.1849703    , 0.106649175 , -0.9861396 , -0.12710243    ,15.9375 , -39.875 , 11.9375
28778076  , -0.9942854 , 9.193735 , 1.1849703    , 0.10664917 , -0.98613954 , -0.12710243    ,15.9375 , -39.875 , 13.125
305176  , -0.9125633 , 8.962189 , 0.6946377    , 0.10100011 , -0.99191153 , -0.07688068    ,15.9375 , -39.875 , 13.125
25177001  , -0.9125633 , 8.962189 , 0.6946377    , 0.10100009 , -0.99191153 , -0.07688067    ,16.1875 , -39.875 , 13.375
244140  , -1.0760075 , 8.962189 , 0.7627395    , 0.118781425 , -0.989344 , -0.08419949    ,16.1875 , -39.875 , 13.375
28900147  , -1.0760075 , 8.962189 , 0.7627395    , 0.118781425 , -0.9893439 , -0.084199496    ,16.6875 , -39.375 , 14.125
4577637  , -1.2666923 , 8.730643 , 0.7627395    , 0.1430488 , -0.98596007 , -0.0861369    ,16.6875 , -39.375 , 14.125
20721436  , -1.2666923 , 8.730643 , 0.7627395    , 0.14304882 , -0.9859602 , -0.08613692    ,16.9375 , -39.375 , 14.625
213623  , -1.4165162 , 8.390134 , 0.46309182    , 0.1662292 , -0.9845884 , -0.054344174    ,16.9375 , -39.375 , 14.625
18524171  , -1.4165162 , 8.390134 , 0.46309182    , 0.16622923 , -0.9845884 , -0.054344177    ,16.9375 , -39.1875 , 14.625
274658  , -1.334794 , 8.076866 , 0.5720546    , 0.16265316 , -0.9842177 , -0.0697085    ,16.9375 , -39.1875 , 14.625
36041261  , -1.334794 , 8.076866 , 0.5720546    , 0.1626532 , -0.9842178 , -0.069708526    ,16.9375 , -38.9375 , 15.125
244140  , -1.0760075 , 8.008764 , 0.61291564    , 0.13277593 , -0.9882562 , -0.07563186    ,16.9375 , -38.9375 , 15.125
26672364  , -1.0760075 , 8.008764 , 0.61291564    , 0.13277592 , -0.9882562 , -0.07563186    ,16.9375 , -39.1875 , 15.5625
3845215  , -1.4165162 , 8.158588 , 0.6537767    , 0.17053282 , -0.98220354 , -0.07870746    ,16.9375 , -39.1875 , 15.5625
31280518  , -1.4165162 , 8.158588 , 0.6537767    , 0.17053284 , -0.9822036 , -0.078707464    ,17.1875 , -39.1875 , 16.0625
244141  , -1.334794 , 7.9270425 , 0.50395286    , 0.16572198 , -0.98418564 , -0.0625685    ,17.1875 , -39.1875 , 16.0625
22521973  , -1.334794 , 7.9270425 , 0.50395286    , 0.16572198 , -0.98418576 , -0.0625685    ,17.6875 , -39.1875 , 16.8125
244140  , -0.9125633 , 7.205164 , 0.19068487    , 0.12560701 , -0.99173284 , -0.026246235    ,17.6875 , -39.1875 , 16.8125
31372070  , -0.9125633 , 7.205164 , 0.19068487    , 0.12560701 , -0.9917331 , -0.02624625    ,17.4375 , -39.375 , 17.3125
213623  , -0.6946377 , 7.164303 , 0.19068487    , 0.096471764 , -0.9949832 , -0.026482442    ,17.4375 , -39.375 , 17.3125
33691406  , -0.6946377 , 7.164303 , 0.19068487    , 0.096471764 , -0.9949833 , -0.026482446    ,17.4375 , -38.9375 , 17.3125
244141  , -0.7627395 , 7.3141265 , 0.46309182    , 0.10351556 , -0.99264026 , -0.06284874    ,17.4375 , -38.9375 , 17.3125
43029784  , -0.7627395 , 7.3141265 , 0.46309182    , 0.103515536 , -0.99264014 , -0.06284872    ,17.4375 , -39.375 , 17.3125
244141  , -0.7218784 , 7.3958488 , 0.5720546    , 0.096857674 , -0.9923343 , -0.07675515    ,17.4375 , -39.375 , 17.3125
24200438  , -0.7218784 , 7.3958488 , 0.5720546    , 0.09685765 , -0.9923341 , -0.07675513    ,17.1875 , -39.875 , 17.3125
335694  , -0.23154591 , 7.3958488 , 0.19068487    , 0.031281833 , -0.9991785 , -0.025761511    ,17.1875 , -39.875 , 17.3125
21850585  , -0.23154591 , 7.3958488 , 0.19068487    , 0.031281833 , -0.9991785 , -0.02576151    ,16.9375 , -40.125 , 17.3125
244140  , -0.08172209 , 8.049625 , 0.10896278    , 0.010150832 , -0.99985695 , -0.0135344425    ,16.9375 , -40.125 , 17.3125
39611815  , -0.08172209 , 8.049625 , 0.10896278    , 0.010150831 , -0.9998569 , -0.013534442    ,15.9375 , -41.125 , 17.8125
213623  , 0.040861044 , 8.580819 , 0.50395286    , -0.0047536604 , -0.9982686 , -0.05862847    ,15.9375 , -41.125 , 17.8125
57464598  , 0.040861044 , 8.580819 , 0.50395286    , -0.0047536585 , -0.9982685 , -0.058628462    ,14.9375 , -41.375 , 17.8125
274659  , 0.040861044 , 9.084772 , 0.6537767    , -0.0044861007 , -0.9974105 , -0.071777664    ,14.9375 , -41.375 , 17.8125
22430419  , 0.040861044 , 9.084772 , 0.6537767    , -0.004486099 , -0.9974107 , -0.07177769    ,14.125 , -42.625 , 17.8125
274658  , 0.5720546 , 9.275456 , 0.313268    , -0.06152211 , -0.997537 , -0.033690676    ,14.125 , -42.625 , 17.8125
213623  , 0.5720546 , 9.275456 , 0.313268    , -0.061522104 , -0.9975369 , -0.033690676    ,12.875 , -43.625 , 17.3125
213623  , 0.84446156 , 9.00305 , 0.5720546    , -0.09320104 , -0.9936433 , -0.06313619    ,12.875 , -43.625 , 17.3125
37597657  , 0.84446156 , 9.00305 , 0.5720546    , -0.09320107 , -0.99364364 , -0.0631362    ,12.125 , -44.625 , 16.0625
213623  , 0.27240697 , 9.343558 , 0.95342433    , -0.028991725 , -0.99441606 , -0.10147104    ,12.125 , -44.625 , 16.0625
40832521  , 0.27240697 , 9.343558 , 0.95342433    , -0.028991716 , -0.99441594 , -0.101471014    ,11.125 , -46.3125 , 15.3125
305176  , 0.84446156 , 9.234595 , 1.0351465    , -0.09050333 , -0.9896976 , -0.11093957    ,11.125 , -46.3125 , 15.3125
28778076  , 0.84446156 , 9.234595 , 1.0351465    , -0.090503335 , -0.98969775 , -0.11093957    ,9.8125 , -47.0625 , 13.875
305176  , 2.3699405 , 8.812365 , 1.4165162    , -0.25663248 , -0.95425975 , -0.15338953    ,9.8125 , -47.0625 , 13.875
19287109  , 2.3699405 , 8.812365 , 1.4165162    , -0.25663242 , -0.9542595 , -0.15338948    ,8.8125 , -48.0625 , 13.125
305176  , 2.2201166 , 8.62168 , 1.0351465    , -0.24770036 , -0.9619285 , -0.115492225    ,8.8125 , -48.0625 , 13.125
40863038  , 2.2201166 , 8.62168 , 1.0351465    , -0.24770032 , -0.9619283 , -0.1154922    ,7.3125 , -49.3125 , 12.875
274658  , 1.6889231 , 8.962189 , 0.42223078    , -0.18499199 , -0.98165107 , -0.04624801    ,7.3125 , -49.3125 , 12.875
18829346  , 1.6889231 , 8.962189 , 0.42223078    , -0.18499205 , -0.9816512 , -0.046248004    ,6.0 , -50.0625 , 13.125
213623  , 2.3699405 , 8.580819 , -0.38136974    , -0.26597923 , -0.96302813 , 0.04280124    ,6.0 , -50.0625 , 13.125
22369385  , 2.3699405 , 8.580819 , -0.38136974    , -0.2659792 , -0.9630282 , 0.042801253    ,5.25 , -50.8125 , 14.625
2502442  , 2.6423476 , 8.689782 , -0.42223078    , -0.29060906 , -0.95571434 , 0.046437524    ,5.25 , -50.8125 , 14.625
23345947  , 2.6423476 , 8.689782 , -0.42223078    , -0.2906091 , -0.95571434 , 0.046437524    ,4.5 , -51.5625 , 16.0625
213623  , 1.9885708 , 8.430995 , -1.2258313    , -0.22730047 , -0.9636917 , 0.14011672    ,4.5 , -51.5625 , 16.0625
19104004  , 1.9885708 , 8.430995 , -1.2258313    , -0.22730047 , -0.96369165 , 0.14011672    ,4.0 , -51.8125 , 17.5625
244140  , 1.879608 , 8.771504 , -1.920469    , -0.20488653 , -0.95613706 , 0.20934059    ,4.0 , -51.8125 , 17.5625
30029296  , 1.879608 , 8.771504 , -1.920469    , -0.20488644 , -0.9561368 , 0.2093405    ,3.25 , -52.0625 , 18.25
274658  , 2.4925237 , 10.147159 , -1.0760075    , -0.23729143 , -0.9660224 , 0.10243727    ,3.25 , -52.0625 , 18.25
28686523  , 2.4925237 , 10.147159 , -1.0760075    , -0.23729144 , -0.96602243 , 0.1024373    ,2.25 , -52.5625 , 18.5
274658  , 2.5606253 , 10.882658 , -1.1441092    , -0.22784929 , -0.9683596 , 0.10180501    ,2.25 , -52.5625 , 18.5
39703369  , 2.5606253 , 10.882658 , -1.1441092    , -0.22784936 , -0.9683598 , 0.101805046    ,1.1875 , -52.8125 , 17.3125
366211  , 2.5333846 , 9.765789 , -1.1441092    , -0.24950358 , -0.96179605 , 0.11267903    ,1.1875 , -52.8125 , 17.3125
39672851  , 2.5333846 , 9.765789 , -1.1441092    , -0.24950357 , -0.96179605 , 0.11267904    ,-0.0625 , -53.0625 , 14.375
488281  , 3.0237172 , 10.310603 , -1.3756552    , -0.27913284 , -0.9518179 , 0.12699288    ,-0.0625 , -53.0625 , 14.375
39031981  , 3.0237172 , 10.310603 , -1.3756552    , -0.2791329 , -0.95181817 , 0.12699294    ,-2.375 , -52.5625 , 9.5
488282  , 3.1054392 , 11.304889 , -0.38136974    , -0.26474637 , -0.9637697 , 0.032512724    ,-2.375 , -52.5625 , 9.5
38879394  , 3.1054392 , 11.304889 , -0.38136974    , -0.2647464 , -0.96376985 , 0.032512724    ,-5.125 , -50.8125 , 2.625
518799  , 3.990762 , 11.454713 , 1.920469    , -0.32495213 , -0.93271244 , -0.15637624    ,-5.125 , -50.8125 , 2.625
39276123  , 3.990762 , 11.454713 , 1.920469    , -0.32495216 , -0.93271255 , -0.15637629    ,-7.6875 , -48.3125 , -4.6875
488282  , 4.099725 , 11.454713 , 2.7240696    , -0.32883275 , -0.91876525 , -0.21849354    ,-7.6875 , -48.3125 , -4.6875
38604738  , 4.099725 , 11.454713 , 2.7240696    , -0.32883266 , -0.91876507 , -0.21849346    ,-10.5 , -44.375 , -12.3125
457763  , 5.366417 , 9.507003 , 4.0588636    , -0.46074978 , -0.8162522 , -0.3484859    ,-10.5 , -44.375 , -12.3125
39367678  , 5.366417 , 9.507003 , 4.0588636    , -0.46074972 , -0.8162521 , -0.34848583    ,-12.0 , -39.375 , -18.875
488281  , 6.238119 , 9.915613 , 7.082581    , -0.4556937 , -0.724334 , -0.5173814    ,-12.0 , -39.375 , -18.875
77148440  , 6.238119 , 9.915613 , 7.082581    , -0.4556936 , -0.72433394 , -0.5173814    ,-13.75 , -33.9375 , -25.25
274659  , 5.8976107 , 7.7772183 , 6.5513873    , -0.50169706 , -0.6615912 , -0.5573125    ,-13.75 , -33.9375 , -25.25
213623  , 5.8976107 , 7.7772183 , 6.5513873    , -0.5016971 , -0.6615913 , -0.5573125    ,-15.3125 , -27.75 , -30.125
213623  , 6.5922484 , 5.366417 , 7.4639506    , -0.58275366 , -0.47439036 , -0.65981203    ,-15.3125 , -27.75 , -30.125
19256592  , 6.5922484 , 5.366417 , 7.4639506    , -0.5827537 , -0.47439045 , -0.6598121    ,-15.8125 , -21.8125 , -33.8125
213623  , 7.8861814 , 4.3312707 , 9.193735    , -0.6130537 , -0.33670306 , -0.7147    ,-15.8125 , -21.8125 , -33.8125
29693604  , 7.8861814 , 4.3312707 , 9.193735    , -0.61305374 , -0.33670315 , -0.7147    ,-16.8125 , -15.875 , -36.5
213623  , 7.164303 , 2.9556155 , 8.281172    , -0.63166195 , -0.26059058 , -0.730134    ,-16.8125 , -15.875 , -36.5
29357910  , 7.164303 , 2.9556155 , 8.281172    , -0.6316621 , -0.26059058 , -0.730134    ,-17.3125 , -9.9375 , -37.9375
274658  , 6.742072 , 0.6537767 , 7.7363577    , -0.65567064 , -0.06358017 , -0.75236547    ,-17.3125 , -9.9375 , -37.9375
29724121  , 6.742072 , 0.6537767 , 7.7363577    , -0.65567046 , -0.06358018 , -0.7523654    ,-18.0625 , -3.9375 , -39.4375
274659  , 6.973618 , -0.7218784 , 8.349273    , -0.6396394 , 0.066212684 , -0.7658181    ,-18.0625 , -3.9375 , -39.4375
29510497  , 6.973618 , -0.7218784 , 8.349273    , -0.6396394 , 0.06621266 , -0.7658181    ,-18.875 , 1.75 , -39.9375
366211  , 6.8237944 , -2.1111538 , 8.308413    , -0.6227923 , 0.19268027 , -0.7582902    ,-18.875 , 1.75 , -39.9375
30487060  , 6.8237944 , -2.1111538 , 8.308413    , -0.6227925 , 0.1926803 , -0.75829023    ,-19.625 , 6.9375 , -39.6875
488281  , 6.5513873 , -3.336985 , 8.240311    , -0.5932347 , 0.30216736 , -0.74616843    ,-19.625 , 6.9375 , -39.6875
38604736  , 6.5513873 , -3.336985 , 8.240311    , -0.5932346 , 0.30216724 , -0.74616826    ,-19.875 , 11.625 , -38.9375
488282  , 6.701211 , -4.9850473 , 8.19945    , -0.5725484 , 0.42592025 , -0.7005572    ,-19.875 , 11.625 , -38.9375
38696288  , 6.701211 , -4.9850473 , 8.19945    , -0.5725484 , 0.4259202 , -0.70055723    ,-19.375 , 16.125 , -37.6875
488281  , 6.3198414 , -6.2789803 , 8.158588    , -0.52316177 , 0.5197792 , -0.67537487    ,-19.375 , 16.125 , -37.6875
38879393  , 6.3198414 , -6.2789803 , 8.158588    , -0.52316177 , 0.51977926 , -0.67537475    ,-18.875 , 20.5625 , -36.25
518799  , 7.082581 , -7.205164 , 9.00305    , -0.5233703 , 0.53242874 , -0.66528434    ,-18.875 , 20.5625 , -36.25
39001463  , 7.082581 , -7.205164 , 9.00305    , -0.5233704 , 0.5324287 , -0.6652842    ,-17.5625 , 24.5625 , -35.25
488282  , 5.8976107 , -6.6331096 , 9.343558    , -0.45763025 , 0.5147019 , -0.72502166    ,-17.5625 , 24.5625 , -35.25
39093019  , 5.8976107 , -6.6331096 , 9.343558    , -0.45763022 , 0.51470184 , -0.7250215    ,-16.3125 , 28.75 , -33.8125
488281  , 5.2165933 , -6.6331096 , 8.349273    , -0.439439 , 0.5587644 , -0.703332    ,-16.3125 , 28.75 , -33.8125
49011232  , 5.2165933 , -6.6331096 , 8.349273    , -0.43943903 , 0.55876446 , -0.7033318    ,-15.0625 , 32.0 , -32.0625
5828857  , 4.7535014 , -6.782933 , 8.008764    , -0.41257775 , 0.5887212 , -0.6951165    ,-15.0625 , 32.0 , -32.0625
21820068  , 4.7535014 , -6.782933 , 8.008764    , -0.41257763 , 0.5887211 , -0.69511646    ,-13.75 , 35.4375 , -30.125
6469727  , 4.3312707 , -8.812365 , 5.938472    , -0.37744197 , 0.76794016 , -0.5174991    ,-13.75 , 35.4375 , -30.125
25543214  , 4.3312707 , -8.812365 , 5.938472    , -0.37744203 , 0.76794004 , -0.51749915    ,-12.25 , 38.4375 , -27.9375
213623  , 4.6036777 , -9.043911 , 5.7886477    , -0.39404625 , 0.77410257 , -0.4954724    ,-12.25 , 38.4375 , -27.9375
23284912  , 4.6036777 , -9.043911 , 5.7886477    , -0.39404616 , 0.7741025 , -0.49547216    ,-10.75 , 40.375 , -26.0
305176  , 4.4810944 , -9.00305 , 5.5162406    , -0.3906749 , 0.78491217 , -0.48092195    ,-10.75 , 40.375 , -26.0
44403077  , 4.4810944 , -9.00305 , 5.5162406    , -0.39067492 , 0.7849122 , -0.48092195    ,-9.6875 , 42.125 , -24.0
183106  , 4.372132 , -8.962189 , 4.862464    , -0.39409393 , 0.807831 , -0.4382913    ,-9.6875 , 42.125 , -24.0
34027099  , 4.372132 , -8.962189 , 4.862464    , -0.39409384 , 0.8078309 , -0.43829125    ,-8.6875 , 43.125 , -21.5625
274658  , 4.399372 , -10.038197 , 4.2086873    , -0.37472633 , 0.8550258 , -0.3584844    ,-8.6875 , 43.125 , -21.5625
39672851  , 4.399372 , -10.038197 , 4.2086873    , -0.37472633 , 0.85502577 , -0.35848436    ,-7.4375 , 44.375 , -19.875
1220704  , 5.012288 , -10.991621 , 3.568531    , -0.3979094 , 0.87258935 , -0.28329417    ,-7.4375 , 44.375 , -19.875
26672363  , 5.012288 , -10.991621 , 3.568531    , -0.39790946 , 0.8725895 , -0.28329426    ,-6.6875 , 44.875 , -18.125
305175  , 4.5628166 , -11.304889 , 2.8738933    , -0.36429274 , 0.9025761 , -0.22945005    ,-6.6875 , 44.875 , -18.125
26214598  , 4.5628166 , -11.304889 , 2.8738933    , -0.36429283 , 0.9025762 , -0.22945012    ,-5.125 , 45.375 , -16.9375
396729  , 4.4810944 , -10.760075 , 3.0645783    , -0.37181294 , 0.8928031 , -0.25427938    ,-5.125 , 45.375 , -16.9375
72631834  , 4.4810944 , -10.760075 , 3.0645783    , -0.37181294 , 0.89280313 , -0.25427932    ,-4.125 , 45.625 , -17.1875
244141  , 3.7864566 , -10.651112 , 2.6423476    , -0.3261698 , 0.9174991 , -0.22761485    ,-4.125 , 45.625 , -17.1875
213623  , 3.7864566 , -10.651112 , 2.6423476    , -0.32616973 , 0.91749907 , -0.22761491    ,-3.125 , 45.375 , -15.9375
244141  , 2.6423476 , -10.337844 , 2.152015    , -0.24275036 , 0.94972944 , -0.1977039    ,-3.125 , 45.375 , -15.9375
11047363  , 2.6423476 , -10.337844 , 2.152015    , -0.2427503 , 0.9497293 , -0.19770387    ,-1.8125 , 46.125 , -15.9375
244141  , 2.3018389 , -9.997335 , 2.1111538    , -0.21976945 , 0.9545016 , -0.2015637    ,-1.8125 , 46.125 , -15.9375
28320312  , 2.3018389 , -9.997335 , 2.1111538    , -0.21976946 , 0.9545017 , -0.20156372    ,-0.5625 , 46.5625 , -15.4375
274659  , 1.6889231 , -10.147159 , 1.5390993    , -0.16237685 , 0.9755706 , -0.14797246    ,-0.5625 , 46.5625 , -15.4375
38848877  , 1.6889231 , -10.147159 , 1.5390993    , -0.16237684 , 0.9755705 , -0.14797246    ,0.9375 , 46.8125 , -14.5
244141  , 1.2258313 , -9.888372 , 1.4165162    , -0.1218006 , 0.9825248 , -0.14074735    ,0.9375 , 46.8125 , -14.5
29815675  , 1.2258313 , -9.888372 , 1.4165162    , -0.12180057 , 0.9825247 , -0.14074734    ,2.75 , 47.0625 , -14.75
427246  , 1.0351465 , -9.997335 , 1.5390993    , -0.10180491 , 0.98322105 , -0.15136783    ,2.75 , 47.0625 , -14.75
39459230  , 1.0351465 , -9.997335 , 1.5390993    , -0.1018049 , 0.98322093 , -0.15136781    ,4.5 , 46.5625 , -13.75
518799  , 0.6537767 , -9.915613 , 1.3075534    , -0.065228954 , 0.98930573 , -0.13045791    ,4.5 , 46.5625 , -13.75
38726808  , 0.6537767 , -9.915613 , 1.3075534    , -0.065228954 , 0.98930585 , -0.13045792    ,6.0 , 45.625 , -13.75
488281  , -0.19068487 , -10.18802 , 1.0351465    , 0.018617488 , 0.9947054 , -0.10106633    ,6.0 , 45.625 , -13.75
39611817  , -0.19068487 , -10.18802 , 1.0351465    , 0.018617485 , 0.99470556 , -0.10106635    ,8.0625 , 44.375 , -14.0
518799  , -1.0351465 , -9.234595 , 1.56634    , 0.109847136 , 0.9799521 , -0.16621606    ,8.0625 , 44.375 , -14.0
38360596  , -1.0351465 , -9.234595 , 1.56634    , 0.10984712 , 0.9799518 , -0.16621603    ,9.0625 , 43.625 , -14.25
488281  , -1.525479 , -8.853226 , 1.920469    , 0.16605355 , 0.96370345 , -0.2090495    ,9.0625 , 43.625 , -14.25
39001466  , -1.525479 , -8.853226 , 1.920469    , 0.1660535 , 0.9637033 , -0.2090495    ,10.3125 , 42.625 , -15.6875
518799  , -0.42223078 , -8.853226 , 3.0237172    , 0.045086678 , 0.9453658 , -0.32287878    ,10.3125 , 42.625 , -15.6875
39489746  , -0.42223078 , -8.853226 , 3.0237172    , 0.045086674 , 0.945366 , -0.32287887    ,11.125 , 42.375 , -17.1875
518799  , -0.53119355 , -8.349273 , 3.6774938    , 0.05812549 , 0.91361344 , -0.40240723    ,11.125 , 42.375 , -17.1875
39001464  , -0.53119355 , -8.349273 , 3.6774938    , 0.05812549 , 0.9136135 , -0.4024073    ,11.625 , 41.625 , -19.625
518799  , -0.61291564 , -6.891896 , 4.8216033    , 0.0726774 , 0.81721723 , -0.5717291    ,11.625 , 41.625 , -19.625
38269042  , -0.61291564 , -6.891896 , 4.8216033    , 0.07267745 , 0.81721723 , -0.5717291    ,12.875 , 40.125 , -22.5625
488281  , -2.070293 , -6.851035 , 4.3312707    , 0.24747793 , 0.8189567 , -0.5177499    ,12.875 , 40.125 , -22.5625
39031981  , -2.070293 , -6.851035 , 4.3312707    , 0.24747793 , 0.81895643 , -0.51774985    ,14.375 , 38.6875 , -25.0
488281  , -2.070293 , -5.7886477 , 5.053149    , 0.2601543 , 0.72740495 , -0.63498175    ,14.375 , 38.6875 , -25.0
38909911  , -2.070293 , -5.7886477 , 5.053149    , 0.26015422 , 0.7274051 , -0.6349818    ,16.6875 , 36.4375 , -27.6875
488281  , -2.4108016 , -5.597963 , 5.407278    , 0.2958811 , 0.68704605 , -0.663643    ,16.6875 , 36.4375 , -27.6875
39062498  , -2.4108016 , -5.597963 , 5.407278    , 0.29588127 , 0.6870462 , -0.6636432    ,19.25 , 34.1875 , -30.125
457764  , -2.6832085 , -5.5162406 , 5.325556    , 0.33030498 , 0.67905337 , -0.6555799    ,19.25 , 34.1875 , -30.125
38818359  , -2.6832085 , -5.5162406 , 5.325556    , 0.330305 , 0.6790534 , -0.6555801    ,21.25 , 31.75 , -32.3125
488281  , -3.1054392 , -4.944186 , 5.6660647    , 0.3816954 , 0.6076992 , -0.69642675    ,21.25 , 31.75 , -32.3125
39093019  , -3.1054392 , -4.944186 , 5.6660647    , 0.38169533 , 0.60769904 , -0.69642675    ,23.8125 , 29.0 , -34.0625
488282  , -4.2904096 , -4.2495484 , 5.829509    , 0.51116353 , 0.5062954 , -0.6945336    ,23.8125 , 29.0 , -34.0625
38848878  , -4.2904096 , -4.2495484 , 5.829509    , 0.51116407 , 0.5062965 , -0.6945322    ,25.8125 , 25.75 , -35.25
518799  , -4.0588636 , -4.0588636 , 6.701211    , 0.46000364 , 0.46000364 , -0.75946903    ,25.8125 , 25.75 , -35.25
39184571  , -4.0588636 , -4.0588636 , 6.701211    , 0.4600036 , 0.4600036 , -0.75946903    ,27.375 , 22.5625 , -36.0
488282  , -4.0180025 , -3.9499009 , 6.891896    , 0.45136333 , 0.44371307 , -0.7742028    ,27.375 , 22.5625 , -36.0
38787843  , -4.0180025 , -3.9499009 , 6.891896    , 0.45136327 , 0.44371304 , -0.77420276    ,29.125 , 19.0625 , -36.5
73455811  , -4.372132 , -3.445948 , 6.6331096    , 0.50488985 , 0.39793494 , -0.7659856    ,29.125 , 19.0625 , -36.5
274659  , -4.372132 , -3.445948 , 6.6331096    , 0.50488997 , 0.39793506 , -0.76598585    ,29.625 , 14.875 , -37.25
244140  , -3.9771416 , -2.6014864 , 6.932757    , 0.47317258 , 0.3095067 , -0.824811    ,29.625 , 14.875 , -37.25
1556397  , -3.9771416 , -2.6014864 , 6.932757    , 0.4731725 , 0.30950662 , -0.8248109    ,30.375 , 10.875 , -37.6875
274658  , -3.8273177 , -1.879608 , 7.1234417    , 0.46100652 , 0.22640175 , -0.8580299    ,30.375 , 10.875 , -37.6875
21453857  , -3.8273177 , -1.879608 , 7.1234417    , 0.46100646 , 0.22640172 , -0.8580298    ,31.125 , 6.6875 , -37.9375
1129150  , -4.399372 , -0.84446156 , 7.205164    , 0.51853585 , 0.0995332 , -0.8492429    ,31.125 , 6.6875 , -37.9375
28717041  , -4.399372 , -0.84446156 , 7.205164    , 0.5185359 , 0.09953321 , -0.8492431    ,31.4375 , 2.75 , -37.6875
244140  , -4.9850473 , 0.38136974 , 7.5865335    , 0.548664 , -0.04197429 , -0.83498853    ,31.4375 , 2.75 , -37.6875
29296875  , -4.9850473 , 0.38136974 , 7.5865335    , 0.548664 , -0.041974314 , -0.8349886    ,31.4375 , -0.5 , -37.4375
244140  , -4.5900574 , 1.2258313 , 8.117727    , 0.48800364 , -0.13032739 , -0.8630569    ,31.4375 , -0.5 , -37.4375
30181884  , -4.5900574 , 1.2258313 , 8.117727    , 0.48800367 , -0.13032739 , -0.8630569    ,31.125 , -3.9375 , -37.25
305176  , -4.7535014 , 1.4573772 , 8.19945    , 0.49571964 , -0.15198284 , -0.85508096    ,31.125 , -3.9375 , -37.25
39306639  , -4.7535014 , 1.4573772 , 8.19945    , 0.49571964 , -0.1519828 , -0.85508084    ,30.625 , -6.9375 , -36.75
427246  , -4.372132 , 1.7978859 , 7.8861814    , 0.47551325 , -0.19553813 , -0.85770136    ,30.625 , -6.9375 , -36.75
39459227  , -4.372132 , 1.7978859 , 7.8861814    , 0.47551325 , -0.19553816 , -0.8577015    ,30.125 , -10.4375 , -36.0
488282  , -3.8681788 , 1.4573772 , 7.205164    , 0.4656701 , -0.17544615 , -0.86739254    ,30.125 , -10.4375 , -36.0
38757322  , -3.8681788 , 1.4573772 , 7.205164    , 0.4656701 , -0.17544611 , -0.8673925    ,30.125 , -13.375 , -34.5625
488281  , -4.1814466 , 2.2201166 , 6.6331096    , 0.5131031 , -0.27242935 , -0.81394553    ,30.125 , -13.375 , -34.5625
39245607  , -4.1814466 , 2.2201166 , 6.6331096    , 0.5131032 , -0.2724293 , -0.8139455    ,29.875 , -16.625 , -32.5625
488281  , -4.2495484 , 3.255263 , 6.3607025    , 0.5111637 , -0.39156446 , -0.7651072    ,29.875 , -16.625 , -32.5625
38696291  , -4.2495484 , 3.255263 , 6.3607025    , 0.5111636 , -0.39156443 , -0.7651071    ,29.875 , -19.8125 , -30.375
488281  , -4.140586 , 3.8681788 , 6.1700177    , 0.4942724 , -0.46175453 , -0.73653096    ,29.875 , -19.8125 , -30.375
39245607  , -4.140586 , 3.8681788 , 6.1700177    , 0.49427238 , -0.4617545 , -0.7365309    ,29.625 , -22.5625 , -28.6875
488281  , -4.2495484 , 5.2165933 , 5.9793324    , 0.4721023 , -0.57953584 , -0.66427207    ,29.625 , -22.5625 , -28.6875
38696290  , -4.2495484 , 5.2165933 , 5.9793324    , 0.47210228 , -0.57953584 , -0.6642722    ,29.125 , -26.0 , -26.9375
488281  , -3.9090397 , 5.243834 , 6.0201936    , 0.43974254 , -0.5898986 , -0.6772341    ,29.125 , -26.0 , -26.9375
39123536  , -3.9090397 , 5.243834 , 6.0201936    , 0.43974248 , -0.58989847 , -0.67723405    ,28.125 , -28.5 , -25.25
488281  , -3.9499009 , 5.053149 , 5.47538    , 0.46838498 , -0.5992099 , -0.6492785    ,28.125 , -28.5 , -25.25
38787843  , -3.9499009 , 5.053149 , 5.47538    , 0.46838525 , -0.5992101 , -0.6492788    ,27.0625 , -31.0 , -23.3125
518799  , -4.3312707 , 5.5571017 , 5.053149    , 0.49954757 , -0.640929 , -0.58280545    ,27.0625 , -31.0 , -23.3125
38970948  , -4.3312707 , 5.5571017 , 5.053149    , 0.49954766 , -0.6409289 , -0.5828055    ,26.0625 , -32.6875 , -21.0625
488281  , -3.568531 , 5.5162406 , 5.012288    , 0.4318396 , -0.66753834 , -0.6065533    ,26.0625 , -32.6875 , -21.0625
38787842  , -3.568531 , 5.5162406 , 5.012288    , 0.43183956 , -0.6675383 , -0.6065533    ,24.8125 , -33.4375 , -19.125
488281  , -3.1054392 , 5.829509 , 4.7535014    , 0.38160977 , -0.71635526 , -0.58413076    ,24.8125 , -33.4375 , -19.125
39184570  , -3.1054392 , 5.829509 , 4.7535014    , 0.38160986 , -0.71635526 , -0.5841309    ,23.5625 , -34.9375 , -17.4375
488281  , -2.5606253 , 6.5922484 , 5.012288    , 0.2954047 , -0.7605101 , -0.578239    ,23.5625 , -34.9375 , -17.4375
38726806  , -2.5606253 , 6.5922484 , 5.012288    , 0.2954047 , -0.76050997 , -0.57823896    ,21.5 , -35.9375 , -16.1875
488282  , -2.1792557 , 7.014479 , 4.7943625    , 0.24844933 , -0.7996962 , -0.54658854    ,21.5 , -35.9375 , -16.1875
39428709  , -2.1792557 , 7.014479 , 4.7943625    , 0.2484492 , -0.7996962 , -0.5465885    ,19.5 , -37.1875 , -14.25
488282  , -1.879608 , 7.9270425 , 4.3312707    , 0.20371541 , -0.85914755 , -0.4694311    ,19.5 , -37.1875 , -14.25
38452147  , -1.879608 , 7.9270425 , 4.3312707    , 0.20371544 , -0.8591476 , -0.46943116    ,17.4375 , -38.6875 , -12.5
488281  , -1.525479 , 8.771504 , 3.9499009    , 0.15661961 , -0.9005627 , -0.4055329    ,17.4375 , -38.6875 , -12.5
61920166  , -1.525479 , 8.771504 , 3.9499009    , 0.15661961 , -0.90056276 , -0.4055329    ,15.4375 , -39.375 , -10.0625
244141  , -0.95342433 , 9.043911 , 4.3312707    , 0.09465338 , -0.897855 , -0.42999685    ,15.4375 , -39.375 , -10.0625
5493165  , -0.95342433 , 9.043911 , 4.3312707    , 0.09465338 , -0.8978549 , -0.42999682    ,14.125 , -40.125 , -7.375
213623  , -1.3075534 , 8.662541 , 3.8273177    , 0.1367703 , -0.90610325 , -0.40033805    ,14.125 , -40.125 , -7.375
29846193  , -1.3075534 , 8.662541 , 3.8273177    , 0.13677031 , -0.9061034 , -0.4003381    ,12.625 , -41.125 , -5.9375
244141  , -1.1168685 , 9.152874 , 3.1054392    , 0.114790075 , -0.94071877 , -0.31917244    ,12.625 , -41.125 , -5.9375
30334474  , -1.1168685 , 9.152874 , 3.1054392    , 0.11479012 , -0.94071907 , -0.3191725    ,11.625 , -41.625 , -3.75
457764  , -0.53119355 , 9.152874 , 2.982856    , 0.05509562 , -0.94934016 , -0.30938315    ,11.625 , -41.625 , -3.75
39642335  , -0.53119355 , 9.152874 , 2.982856    , 0.055095613 , -0.9493401 , -0.30938312    ,10.3125 , -42.125 , -2.25
518799  , -0.6946377 , 9.234595 , 2.6014864    , 0.072214045 , -0.9600221 , -0.2704487    ,10.3125 , -42.125 , -2.25
38635255  , -0.6946377 , 9.234595 , 2.6014864    , 0.07221405 , -0.9600222 , -0.27044874    ,9.0625 , -42.875 , -0.5625
488281  , -0.5720546 , 9.00305 , 2.2201166    , 0.06157496 , -0.9690726 , -0.23896948    ,9.0625 , -42.875 , -0.5625
38757325  , -0.5720546 , 9.00305 , 2.2201166    , 0.06157495 , -0.96907264 , -0.2389695    ,8.5625 , -43.125 , 2.125
518799  , 0.46309182 , 9.302697 , 2.070293    , -0.048534364 , -0.9749695 , -0.21697713    ,8.5625 , -43.125 , 2.125
38818359  , 0.46309182 , 9.302697 , 2.070293    , -0.04853434 , -0.9749694 , -0.2169771    ,7.8125 , -43.125 , 4.125
518799  , -0.10896278 , 9.384419 , 0.95342433    , 0.011550795 , -0.99481237 , -0.101069465    ,7.8125 , -43.125 , 4.125
38970947  , -0.10896278 , 9.384419 , 0.95342433    , 0.011550792 , -0.99481213 , -0.10106945    ,7.5625 , -42.625 , 7.0
488281  , -0.19068487 , 9.575105 , 0.19068487    , 0.019906756 , -0.9996035 , -0.019906756    ,7.5625 , -42.625 , 7.0
38726806  , -0.19068487 , 9.575105 , 0.19068487    , 0.01990676 , -0.99960375 , -0.01990676    ,7.5625 , -41.875 , 9.9375
488281  , 0.14982383 , 10.038197 , 0.7218784    , -0.01488528 , -0.99731386 , -0.07171998    ,7.5625 , -41.875 , 9.9375
39184570  , 0.14982383 , 10.038197 , 0.7218784    , -0.014885282 , -0.99731386 , -0.07172    ,7.0625 , -40.875 , 12.1875
488281  , -0.27240697 , 9.847511 , -0.50395286    , 0.02761583 , -0.99831223 , 0.05108928    ,7.0625 , -40.875 , 12.1875
38818358  , -0.27240697 , 9.847511 , -0.50395286    , 0.027615827 , -0.9983121 , 0.05108928    ,6.3125 , -40.625 , 14.875
488281  , -0.040861044 , 9.888372 , -1.334794    , 0.0040950626 , -0.9910036 , 0.13377184    ,6.3125 , -40.625 , 14.875
39062499  , -0.040861044 , 9.888372 , -1.334794    , 0.004095055 , -0.9910039 , 0.13377187    ,5.5 , -40.375 , 16.5625
488282  , 0.27240697 , 10.882658 , -0.50395286    , -0.024996676 , -0.99861735 , 0.04624386    ,5.5 , -40.375 , 16.5625
38848876  , 0.27240697 , 10.882658 , -0.50395286    , -0.02499668 , -0.99861735 , 0.046243858    ,4.75 , -39.875 , 18.0625
488281  , 0.6537767 , 10.501288 , -0.5720546    , -0.062044878 , -0.99659586 , 0.054289266    ,4.75 , -39.875 , 18.0625
39093020  , 0.6537767 , 10.501288 , -0.5720546    , -0.062044863 , -0.9965956 , 0.05428925    ,4.5 , -39.625 , 19.0
488281  , 0.14982383 , 9.956474 , -1.6480621    , -0.014844231 , -0.9864669 , 0.1632866    ,4.5 , -39.625 , 19.0
39062502  , 0.14982383 , 9.956474 , -1.6480621    , -0.014844228 , -0.98646706 , 0.16328663    ,4.5 , -38.9375 , 19.5
518799  , -0.27240697 , 9.997335 , -2.070293    , 0.026672363 , -0.9788757 , 0.20270994    ,4.5 , -38.9375 , 19.5
39276124  , -0.27240697 , 9.997335 , -2.070293    , 0.026672352 , -0.9788756 , 0.20270991    ,5.25 , -38.6875 , 20.0
213623  , 0.8036005 , 9.615966 , -1.525479    , -0.08225756 , -0.9843024 , 0.15614995    ,5.25 , -38.6875 , 20.0
28015137  , 0.8036005 , 9.615966 , -1.525479    , -0.082257554 , -0.98430216 , 0.1561499    ,5.0 , -38.1875 , 20.0
244141  , 0.38136974 , 9.80665 , -1.56634    , -0.038373854 , -0.9867561 , 0.15760687    ,5.0 , -38.1875 , 20.0
29571534  , 0.38136974 , 9.80665 , -1.56634    , -0.03837385 , -0.9867559 , 0.15760686    ,5.0 , -38.4375 , 20.0
305176  , 0.040861044 , 10.079058 , -1.4982382    , -0.0040099584 , -0.9891235 , 0.14703189    ,5.0 , -38.4375 , 20.0
29785157  , 0.040861044 , 10.079058 , -1.4982382    , -0.004009962 , -0.9891236 , 0.14703187    ,5.0 , -38.4375 , 20.25
335693  , 0.95342433 , 10.18802 , -0.27240697    , -0.093142755 , -0.9952969 , 0.026612215    ,5.0 , -38.4375 , 20.25
29968262  , 0.95342433 , 10.18802 , -0.27240697    , -0.09314278 , -0.995297 , 0.02661222    ,3.75 , -38.4375 , 19.25
427246  , 1.0351465 , 11.413852 , 0.10896278    , -0.09031735 , -0.9958677 , -0.009507094    ,3.75 , -38.4375 , 19.25
38970947  , 1.0351465 , 11.413852 , 0.10896278    , -0.09031735 , -0.9958677 , -0.00950709    ,3.25 , -39.375 , 16.8125
488281  , 0.27240697 , 12.639683 , 1.0760075    , -0.021469107 , -0.9961666 , -0.08480297    ,3.25 , -39.375 , 16.8125
59844969  , 0.27240697 , 12.639683 , 1.0760075    , -0.021469105 , -0.99616647 , -0.08480296    ,1.9375 , -40.125 , 12.4375
274658  , 1.0351465 , 12.721405 , 1.3075534    , -0.08068013 , -0.9915163 , -0.10191173    ,1.9375 , -40.125 , 12.4375
7843018  , 1.0351465 , 12.721405 , 1.3075534    , -0.08068013 , -0.99151623 , -0.101911746    ,-0.0625 , -41.125 , 7.0
1068115  , 2.9556155 , 11.536434 , 3.214402    , -0.23960808 , -0.93524444 , -0.26058754    ,-0.0625 , -41.125 , 7.0
38421630  , 2.9556155 , 11.536434 , 3.214402    , -0.23960806 , -0.93524444 , -0.26058757    ,-1.3125 , -41.375 , 0.9375
213623  , 3.759216 , 10.991621 , 5.09401    , -0.2963631 , -0.8665398 , -0.40159342    ,-1.3125 , -41.375 , 0.9375
29388426  , 3.759216 , 10.991621 , 5.09401    , -0.29636312 , -0.86653996 , -0.40159348    ,-3.125 , -40.875 , -5.9375
274658  , 4.3312707 , 9.847511 , 6.2108784    , -0.34867486 , -0.7927418 , -0.4999865    ,-3.125 , -40.875 , -5.9375
29876708  , 4.3312707 , 9.847511 , 6.2108784    , -0.3486748 , -0.7927418 , -0.49998653    ,-4.875 , -39.375 , -11.3125
305176  , 4.5628166 , 8.539958 , 6.2789803    , -0.39538518 , -0.7400195 , -0.5440972    ,-4.875 , -39.375 , -11.3125
30517577  , 4.5628166 , 8.539958 , 6.2789803    , -0.39538518 , -0.74001944 , -0.5440972    ,-6.125 , -37.1875 , -17.4375
396729  , 4.099725 , 7.8180795 , 6.4015636    , -0.3759631 , -0.7169529 , -0.5870521    ,-6.125 , -37.1875 , -17.4375
47760010  , 4.099725 , 7.8180795 , 6.4015636    , -0.37596312 , -0.716953 , -0.5870521    ,-7.6875 , -34.6875 , -22.3125
244141  , 4.7535014 , 6.238119 , 6.891896    , -0.45528597 , -0.59748125 , -0.66009927    ,-7.6875 , -34.6875 , -22.3125
39672853  , 4.7535014 , 6.238119 , 6.891896    , -0.45528588 , -0.5974811 , -0.6600992    ,-10.3125 , -31.75 , -25.9375
274658  , 5.6660647 , 4.7943625 , 8.117727    , -0.51512295 , -0.43587327 , -0.7380127    ,-10.3125 , -31.75 , -25.9375
30334474  , 5.6660647 , 4.7943625 , 8.117727    , -0.515123 , -0.4358733 , -0.7380127    ,-12.125 , -27.5 , -29.5625
396729  , 4.5628166 , 4.0180025 , 7.668256    , -0.46625972 , -0.4105869 , -0.78359467    ,-12.125 , -27.5 , -29.5625
39184571  , 4.5628166 , 4.0180025 , 7.668256    , -0.4662596 , -0.4105868 , -0.78359455    ,-13.125 , -23.0625 , -32.75
427246  , 5.434519 , 3.255263 , 8.499097    , -0.51267815 , -0.30709296 , -0.8017824    ,-13.125 , -23.0625 , -32.75
38543702  , 5.434519 , 3.255263 , 8.499097    , -0.51267815 , -0.30709296 , -0.8017825    ,-14.125 , -17.625 , -35.6875
427246  , 5.434519 , 1.56634 , 8.390134    , -0.53709346 , -0.15480137 , -0.8291968    ,-14.125 , -17.625 , -35.6875
39001465  , 5.434519 , 1.56634 , 8.390134    , -0.5370934 , -0.15480138 , -0.8291968    ,-15.1875 , -12.375 , -37.4375
457764  , 5.366417 , 0.27240697 , 8.390134    , -0.5386194 , -0.027341112 , -0.8421055    ,-15.1875 , -12.375 , -37.4375
39825440  , 5.366417 , 0.27240697 , 8.390134    , -0.5386194 , -0.027341053 , -0.84210557    ,-15.4375 , -7.1875 , -38.875
488281  , 5.7477865 , -1.0760075 , 9.343558    , -0.52145636 , 0.09761861 , -0.8476755    ,-15.4375 , -7.1875 , -38.875
38574219  , 5.7477865 , -1.0760075 , 9.343558    , -0.52145636 , 0.09761858 , -0.84767556    ,-15.6875 , -1.5 , -39.625
488281  , 5.325556 , -2.5333846 , 8.894087    , -0.4990372 , 0.23739366 , -0.83343047    ,-15.6875 , -1.5 , -39.625
39062500  , 5.325556 , -2.5333846 , 8.894087    , -0.49903715 , 0.23739366 , -0.8334304    ,-15.1875 , 3.5 , -39.875
488281  , 5.434519 , -3.8273177 , 9.152874    , -0.48042792 , 0.3383465 , -0.80914176    ,-15.1875 , 3.5 , -39.875
38726806  , 5.434519 , -3.8273177 , 9.152874    , -0.48042804 , 0.33834654 , -0.8091419    ,-14.375 , 7.1875 , -40.125
518799  , 5.134871 , -4.140586 , 9.997335    , -0.42871338 , 0.3456999 , -0.8346834    ,-14.375 , 7.1875 , -40.125
39031981  , 5.134871 , -4.140586 , 9.997335    , -0.42871344 , 0.34569997 , -0.83468354    ,-13.625 , 11.125 , -40.125
488281  , 4.9850473 , -4.5219555 , 10.147159    , -0.40940392 , 0.3713719 , -0.83334947    ,-13.625 , 11.125 , -40.125
38909911  , 4.9850473 , -4.5219555 , 10.147159    , -0.40940392 , 0.37137198 , -0.8333496    ,-12.625 , 15.125 , -39.375
488281  , 4.7126403 , -5.47538 , 9.765789    , -0.38795453 , 0.4507448 , -0.8039404    ,-12.625 , 15.125 , -39.375
39093017  , 4.7126403 , -5.47538 , 9.765789    , -0.38795453 , 0.4507449 , -0.8039404    ,-11.625 , 18.0625 , -38.875
488282  , 4.1814466 , -5.7886477 , 9.384419    , -0.35458872 , 0.49088016 , -0.7958033    ,-11.625 , 18.0625 , -38.875
39001466  , 4.1814466 , -5.7886477 , 9.384419    , -0.35458875 , 0.49088013 , -0.79580337    ,-10.3125 , 21.5625 , -38.125
488281  , 3.5957718 , -6.3607025 , 8.730643    , -0.31584144 , 0.5587044 , -0.76687264    ,-10.3125 , 21.5625 , -38.125
38879396  , 3.5957718 , -6.3607025 , 8.730643    , -0.31584147 , 0.5587044 , -0.7668726    ,-7.8125 , 24.8125 , -36.6875
488281  , 3.445948 , -6.5513873 , 8.008764    , -0.3159751 , 0.6007274 , -0.7343612    ,-7.8125 , 24.8125 , -36.6875
95611575  , 3.445948 , -6.5513873 , 8.008764    , -0.3159751 , 0.6007274 , -0.7343611    ,-5.5 , 27.25 , -35.4375
305176  , 2.6014864 , -7.1234417 , 7.1234417    , -0.25003362 , 0.68464696 , -0.68464696    ,-5.5 , 27.25 , -35.4375
4913329  , 2.6014864 , -7.1234417 , 7.1234417    , -0.25003368 , 0.6846471 , -0.6846471    ,-2.75 , 30.25 , -33.5
305175  , 1.6480621 , -7.8589406 , 5.6660647    , -0.16769597 , 0.7996741 , -0.5765415    ,-2.75 , 30.25 , -33.5
6530762  , 1.6480621 , -7.8589406 , 5.6660647    , -0.16769594 , 0.7996739 , -0.5765413    ,0.3125 , 32.6875 , -31.5625
213623  , 1.3075534 , -8.349273 , 5.284695    , -0.13118367 , 0.8376624 , -0.53020066    ,0.3125 , 32.6875 , -31.5625
29724121  , 1.3075534 , -8.349273 , 5.284695    , -0.13118367 , 0.83766234 , -0.53020066    ,2.375 , 34.6875 , -29.5625
244141  , 0.88532263 , -8.580819 , 5.407278    , -0.08695829 , 0.84282625 , -0.5311143    ,2.375 , 34.6875 , -29.5625
28961182  , 0.88532263 , -8.580819 , 5.407278    , -0.086958274 , 0.84282625 , -0.53111434    ,4.625 , 36.1875 , -28.125
274658  , 0.23154591 , -8.853226 , 4.9850473    , -0.022783548 , 0.8711344 , -0.49051568    ,4.625 , 36.1875 , -28.125
31066894  , 0.23154591 , -8.853226 , 4.9850473    , -0.022783533 , 0.8711345 , -0.49051577    ,6.4375 , 36.9375 , -26.875
518799  , -0.29964766 , -9.152874 , 4.7126403    , 0.02909422 , 0.88869613 , -0.4575727    ,6.4375 , 36.9375 , -26.875
39093017  , -0.29964766 , -9.152874 , 4.7126403    , 0.029094204 , 0.8886962 , -0.45757276    ,5.5625 , 37.0 , -25.6875
518799  , -0.46309182 , -9.724928 , 4.140586    , 0.043771118 , 0.91919374 , -0.3913654    ,5.5625 , 37.0 , -25.6875
38513183  , -0.46309182 , -9.724928 , 4.140586    , 0.043771133 , 0.9191938 , -0.39136547    ,7.375 , 37.25 , -24.6875
518799  , -1.334794 , -8.921328 , 3.9090397    , 0.13577132 , 0.9074511 , -0.39761597    ,7.375 , 37.25 , -24.6875
38391113  , -1.334794 , -8.921328 , 3.9090397    , 0.13577132 , 0.9074512 , -0.39761603    ,8.625 , 37.75 , -23.25
244141  , -2.3699405 , -8.539958 , 3.6774938    , 0.24698746 , 0.89000654 , -0.3832564    ,8.625 , 37.75 , -23.25
28869628  , -2.3699405 , -8.539958 , 3.6774938    , 0.24698754 , 0.89000666 , -0.38325644    ,9.875 , 38.5 , -22.75
213623  , -1.3756552 , -8.962189 , 3.486809    , 0.14160877 , 0.9225601 , -0.35892916    ,9.875 , 38.5 , -22.75
29693602  , -1.3756552 , -8.962189 , 3.486809    , 0.14160877 , 0.9225601 , -0.35892916    ,9.75 , 37.1875 , -21.25
274658  , -1.7570249 , -8.962189 , 3.336985    , 0.18070172 , 0.92171884 , -0.34319314    ,9.75 , 37.1875 , -21.25
29602050  , -1.7570249 , -8.962189 , 3.336985    , 0.1807017 , 0.9217186 , -0.34319305    ,11.0625 , 37.4375 , -21.25
244140  , -2.3018389 , -8.880466 , 3.0237172    , 0.23830038 , 0.9193601 , -0.31303364    ,11.0625 , 37.4375 , -21.25
29113771  , -2.3018389 , -8.880466 , 3.0237172    , 0.23830038 , 0.9193599 , -0.31303358    ,12.0625 , 36.9375 , -21.75
244141  , -2.3699405 , -8.689782 , 2.7921712    , 0.2513189 , 0.9215027 , -0.29609412    ,12.0625 , 36.9375 , -21.75
29541017  , -2.3699405 , -8.689782 , 2.7921712    , 0.2513189 , 0.9215026 , -0.29609406    ,13.0625 , 35.9375 , -21.75
213623  , -2.982856 , -8.689782 , 2.6014864    , 0.3123838 , 0.9100497 , -0.27244434    ,13.0625 , 35.9375 , -21.75
29449464  , -2.982856 , -8.689782 , 2.6014864    , 0.31238383 , 0.91004974 , -0.27244434    ,13.5625 , 35.6875 , -23.25
213623  , -3.0645783 , -8.430995 , 2.3699405    , 0.3302893 , 0.90866256 , -0.25542372    ,13.5625 , 35.6875 , -23.25
29907228  , -3.0645783 , -8.430995 , 2.3699405    , 0.3302893 , 0.90866256 , -0.25542375    ,13.5625 , 34.4375 , -24.6875
213623  , -2.4925237 , -8.499097 , 2.9147544    , 0.267314 , 0.9114968 , -0.31259665    ,13.5625 , 34.4375 , -24.6875
29541016  , -2.4925237 , -8.499097 , 2.9147544    , 0.26731396 , 0.9114967 , -0.31259665    ,13.8125 , 32.6875 , -26.1875
244141  , -2.1792557 , -7.5456724 , 3.990762    , 0.24736738 , 0.85650945 , -0.4529915    ,13.8125 , 32.6875 , -26.1875
29418946  , -2.1792557 , -7.5456724 , 3.990762    , 0.24736732 , 0.8565093 , -0.45299143    ,13.0625 , 31.0 , -28.875
213624  , -2.6832085 , -7.014479 , 4.7943625    , 0.3011451 , 0.78725743 , -0.53808665    ,13.0625 , 31.0 , -28.875
29357910  , -2.6832085 , -7.014479 , 4.7943625    , 0.30114508 , 0.78725743 , -0.53808653    ,12.3125 , 29.0 , -30.5625
274658  , -2.7921712 , -6.891896 , 4.7943625    , 0.31558442 , 0.77895486 , -0.5418816    ,12.3125 , 29.0 , -30.5625
29571534  , -2.7921712 , -6.891896 , 4.7943625    , 0.31558448 , 0.7789548 , -0.5418816    ,12.0625 , 26.75 , -32.75
244141  , -0.5720546 , -5.7477865 , 6.469665    , 0.06595811 , 0.662722 , -0.7459549    ,12.0625 , 26.75 , -32.75
29357911  , -0.5720546 , -5.7477865 , 6.469665    , 0.06595811 , 0.6627221 , -0.7459551    ,12.0625 , 24.0625 , -34.9375
244140  , -0.61291564 , -5.434519 , 7.246025    , 0.067514785 , 0.5986311 , -0.7981747    ,12.0625 , 24.0625 , -34.9375
29235839  , -0.61291564 , -5.434519 , 7.246025    , 0.06751481 , 0.5986309 , -0.7981745    ,12.0625 , 20.8125 , -36.1875
274658  , -3.445948 , -5.284695 , 5.5162406    , 0.41119036 , 0.6306002 , -0.6582296    ,12.0625 , 20.8125 , -36.1875
55480956  , -3.445948 , -5.284695 , 5.5162406    , 0.41119042 , 0.63060033 , -0.6582296    ,12.0625 , 17.375 , -37.875
366211  , -3.9090397 , -4.140586 , 5.134871    , 0.50981337 , 0.5400114 , -0.6696851    ,12.0625 , 17.375 , -37.875
3845215  , -3.9090397 , -4.140586 , 5.134871    , 0.5098134 , 0.54001147 , -0.66968524    ,10.9375 , 14.0625 , -39.1875
274658  , -1.920469 , -2.8738933 , 7.1234417    , 0.24255216 , 0.36296797 , -0.89967895    ,10.9375 , 14.0625 , -39.1875
29174804  , -1.920469 , -2.8738933 , 7.1234417    , 0.2425521 , 0.36296803 , -0.8996792    ,10.375 , 11.0625 , -40.1875
213623  , -1.2258313 , -2.4925237 , 7.8589406    , 0.14706391 , 0.29902998 , -0.9428431    ,10.375 , 11.0625 , -40.1875
29235839  , -1.2258313 , -2.4925237 , 7.8589406    , 0.14706396 , 0.29903004 , -0.9428432    ,10.6875 , 7.875 , -40.875
274658  , -2.5333846 , -2.1383946 , 6.851035    , 0.3328579 , 0.28096068 , -0.900148    ,10.6875 , 7.875 , -40.875
30059813  , -2.5333846 , -2.1383946 , 6.851035    , 0.3328579 , 0.28096068 , -0.90014803    ,10.6875 , 4.125 , -40.875
335693  , -2.982856 , -1.2666923 , 6.851035    , 0.39357752 , 0.16713566 , -0.90397036    ,10.6875 , 4.125 , -40.875
30181884  , -2.982856 , -1.2666923 , 6.851035    , 0.39357752 , 0.16713566 , -0.9039703    ,10.9375 , 0.6875 , -40.375
488281  , -1.7978859 , -0.9125633 , 7.3958488    , 0.23453483 , 0.119044214 , -0.9647911    ,10.9375 , 0.6875 , -40.375
38543702  , -1.7978859 , -0.9125633 , 7.3958488    , 0.2345348 , 0.11904418 , -0.9647909    ,11.5625 , -3.6875 , -39.875
518799  , -0.84446156 , -0.23154591 , 7.7363577    , 0.10846239 , 0.029739685 , -0.99365544    ,11.5625 , -3.6875 , -39.875
39062502  , -0.84446156 , -0.23154591 , 7.7363577    , 0.10846241 , 0.029739697 , -0.99365556    ,12.0625 , -8.1875 , -39.125
549317  , -2.3426998 , 0.88532263 , 7.5865335    , 0.29323283 , -0.110814735 , -0.9495969    ,12.0625 , -8.1875 , -39.125
38909913  , -2.3426998 , 0.88532263 , 7.5865335    , 0.2932328 , -0.11081473 , -0.9495969    ,12.3125 , -12.375 , -37.875
488281  , -3.2961242 , 1.2258313 , 7.014479    , 0.42006737 , -0.15622342 , -0.89394504    ,12.3125 , -12.375 , -37.875
38757326  , -3.2961242 , 1.2258313 , 7.014479    , 0.42006737 , -0.15622342 , -0.89394516    ,12.5625 , -16.375 , -36.6875
518798  , -2.982856 , 1.4165162 , 6.510526    , 0.40860698 , -0.1940417 , -0.89184535    ,12.5625 , -16.375 , -36.6875
38787842  , -2.982856 , 1.4165162 , 6.510526    , 0.40860695 , -0.19404167 , -0.8918454    ,12.8125 , -19.8125 , -34.9375
488281  , -2.982856 , 2.4925237 , 7.014479    , 0.37194857 , -0.31080633 , -0.87467355    ,12.8125 , -19.8125 , -34.9375
39184570  , -2.982856 , 2.4925237 , 7.014479    , 0.37194857 , -0.31080633 , -0.8746736    ,13.5 , -22.625 , -32.75
488281  , -2.982856 , 3.5276701 , 6.782933    , 0.36346555 , -0.42985198 , -0.8265107    ,13.5 , -22.625 , -32.75
38970947  , -2.982856 , 3.5276701 , 6.782933    , 0.36346567 , -0.429852 , -0.8265108    ,13.75 , -25.8125 , -30.3125
488281  , -2.2201166 , 4.630918 , 6.701211    , 0.26296037 , -0.5485063 , -0.79372096    ,13.75 , -25.8125 , -30.3125
38696289  , -2.2201166 , 4.630918 , 6.701211    , 0.2629604 , -0.5485063 , -0.79372096    ,13.25 , -29.3125 , -26.875
518799  , -2.2201166 , 5.9793324 , 6.851035    , 0.2371805 , -0.63878685 , -0.73191303    ,13.25 , -29.3125 , -26.875
39154052  , -2.2201166 , 5.9793324 , 6.851035    , 0.2371806 , -0.63878685 , -0.7319131    ,12.5 , -32.25 , -23.25
518799  , -2.4925237 , 6.1700177 , 6.4424243    , 0.2691098 , -0.666157 , -0.6955679    ,12.5 , -32.25 , -23.25
48309325  , -2.4925237 , 6.1700177 , 6.4424243    , 0.2691098 , -0.666157 , -0.6955678    ,11.5 , -35.25 , -19.8125
244140  , -2.1383946 , 7.014479 , 5.5571017    , 0.23241073 , -0.76236653 , -0.60397196    ,11.5 , -35.25 , -19.8125
30670165  , -2.1383946 , 7.014479 , 5.5571017    , 0.23241086 , -0.7623668 , -0.60397214    ,10.75 , -37.5 , -15.875
396728  , -2.2201166 , 7.246025 , 5.09401    , 0.24312954 , -0.7935271 , -0.55785555    ,10.75 , -37.5 , -15.875
39093016  , -2.2201166 , 7.246025 , 5.09401    , 0.24312961 , -0.79352725 , -0.5578556    ,10.1875 , -39.1875 , -12.9375
427246  , -1.7570249 , 7.164303 , 4.9850473    , 0.19734998 , -0.8046983 , -0.5599231    ,10.1875 , -39.1875 , -12.9375
38696288  , -1.7570249 , 7.164303 , 4.9850473    , 0.19734997 , -0.8046984 , -0.55992323    ,9.4375 , -40.6875 , -10.0
518799  , -1.607201 , 8.117727 , 4.7126403    , 0.16876857 , -0.8524242 , -0.4948637    ,9.4375 , -40.6875 , -10.0
38848878  , -1.607201 , 8.117727 , 4.7126403    , 0.16876855 , -0.8524243 , -0.49486375    ,7.9375 , -41.9375 , -7.3125
488281  , -1.3756552 , 8.158588 , 3.990762    , 0.14975692 , -0.8881622 , -0.43444327    ,7.9375 , -41.9375 , -7.3125
38970948  , -1.3756552 , 8.158588 , 3.990762    , 0.14975691 , -0.88816214 , -0.43444324    ,6.6875 , -42.9375 , -4.875
488281  , -1.1168685 , 8.049625 , 3.445948    , 0.12652664 , -0.9119177 , -0.39038095    ,6.6875 , -42.9375 , -4.875
38818361  , -1.1168685 , 8.049625 , 3.445948    , 0.12652661 , -0.9119174 , -0.39038083    ,5.875 , -43.9375 , -1.9375
488281  , -0.9125633 , 8.730643 , 3.173541    , 0.09776502 , -0.9353339 , -0.3399888    ,5.875 , -43.9375 , -1.9375
57006838  , -0.9125633 , 8.730643 , 3.173541    , 0.097765 , -0.9353338 , -0.3399887    ,5.125 , -44.4375 , 0.25
274658  , -1.2258313 , 9.084772 , 2.7649305    , 0.12802419 , -0.9488015 , -0.28876564    ,5.125 , -44.4375 , 0.25
11535644  , -1.2258313 , 9.084772 , 2.7649305    , 0.1280242 , -0.94880164 , -0.2887657    ,5.125 , -44.6875 , 2.4375
244141  , -1.1168685 , 9.152874 , 1.7297841    , 0.11904867 , -0.97561836 , -0.18438025    ,5.125 , -44.6875 , 2.4375
38574219  , -1.1168685 , 9.152874 , 1.7297841    , 0.119048655 , -0.97561836 , -0.18438026    ,4.625 , -44.6875 , 4.625
244141  , -1.0351465 , 9.534244 , 1.1168685    , 0.10721254 , -0.9874839 , -0.11567668    ,4.625 , -44.6875 , 4.625
29510498  , -1.0351465 , 9.534244 , 1.1168685    , 0.10721253 , -0.98748386 , -0.11567667    ,4.125 , -43.9375 , 6.875
305175  , -1.6889231 , 10.119919 , 0.95342433    , 0.16390805 , -0.9821265 , -0.092528746    ,4.125 , -43.9375 , 6.875
29571533  , -1.6889231 , 10.119919 , 0.95342433    , 0.16390805 , -0.98212653 , -0.09252874    ,4.125 , -43.9375 , 9.5625
366211  , -1.1168685 , 9.915613 , 0.8036005    , 0.111568324 , -0.9905091 , -0.080274776    ,4.125 , -43.9375 , 9.5625
39459228  , -1.1168685 , 9.915613 , 0.8036005    , 0.11156833 , -0.9905091 , -0.080274776    ,3.875 , -43.1875 , 12.0
427246  , 0.19068487 , 9.615966 , 0.23154591    , -0.01982039 , -0.9995139 , -0.024067614    ,3.875 , -43.1875 , 12.0
39398193  , 0.19068487 , 9.615966 , 0.23154591    , -0.019820388 , -0.9995138 , -0.024067614    ,3.125 , -42.4375 , 14.1875
488281  , 0.19068487 , 9.466142 , 0.040861044    , -0.020139612 , -0.999788 , -0.004315631    ,3.125 , -42.4375 , 14.1875
39184569  , 0.19068487 , 9.466142 , 0.040861044    , -0.020139612 , -0.9997879 , -0.0043156315    ,2.625 , -42.1875 , 16.125
518798  , 0.53119355 , 9.697687 , -0.46309182    , -0.05463124 , -0.9973701 , 0.04762723    ,2.625 , -42.1875 , 16.125
39031981  , 0.53119355 , 9.697687 , -0.46309182    , -0.054631233 , -0.99737006 , 0.047627226    ,1.8125 , -41.1875 , 17.625
488282  , 0.46309182 , 10.337844 , 0.53119355    , -0.044692058 , -0.9976846 , -0.051264424    ,1.8125 , -41.1875 , 17.625
38452147  , 0.46309182 , 10.337844 , 0.53119355    , -0.044692058 , -0.9976846 , -0.051264424    ,1.3125 , -41.1875 , 18.3125
488281  , -0.0 , 11.563675 , 0.46309182    , 0.0 , -0.9991991 , -0.04001504    ,1.3125 , -41.1875 , 18.3125
39093019  , -0.0 , 11.563675 , 0.46309182    , 0.0 , -0.999199 , -0.040015038    ,1.3125 , -41.6875 , 18.5625
488281  , -0.10896278 , 11.114203 , 0.14982383    , 0.009802559 , -0.9998611 , -0.01347852    ,1.3125 , -41.6875 , 18.5625
38848878  , -0.10896278 , 11.114203 , 0.14982383    , 0.009802561 , -0.99986124 , -0.013478523    ,0.8125 , -41.9375 , 17.375
488282  , -0.0 , 12.258313 , 4.0588636    , 0.0 , -0.9493145 , -0.31432855    ,0.8125 , -41.9375 , 17.375
39337159  , -0.0 , 12.258313 , 4.0588636    , 4.656613E-10 , -0.94931424 , -0.31432846    ,0.5625 , -42.4375 , 13.6875
488281  , 1.1441092 , 12.067628 , 3.173541    , -0.09130752 , -0.96307695 , -0.2532697    ,0.5625 , -42.4375 , 13.6875
39337159  , 1.1441092 , 12.067628 , 3.173541    , -0.091307536 , -0.963077 , -0.2532697    ,-0.6875 , -43.4375 , 9.0625
518799  , 1.4982382 , 10.038197 , 3.6774938    , -0.13878879 , -0.929885 , -0.3406634    ,-0.6875 , -43.4375 , 9.0625
37322999  , 1.4982382 , 10.038197 , 3.6774938    , -0.13878882 , -0.92988497 , -0.34066343    ,-1.4375 , -43.6875 , 2.9375
274658  , 0.313268 , 11.182305 , 7.9679036    , -0.022809258 , -0.8141913 , -0.5801485    ,-1.4375 , -43.6875 , 2.9375
30639649  , 0.313268 , 11.182305 , 7.9679036    , -0.022809267 , -0.81419134 , -0.58014846    ,-2.5 , -43.4375 , -3.4375
396728  , 2.152015 , 10.378705 , 6.66035    , -0.17190889 , -0.82907957 , -0.5320471    ,-2.5 , -43.4375 , -3.4375
39001465  , 2.152015 , 10.378705 , 6.66035    , -0.17190886 , -0.8290795 , -0.5320471    ,-4.25 , -42.1875 , -9.0625
488281  , 2.070293 , 8.730643 , 6.510526    , -0.18675011 , -0.7875447 , -0.5872798    ,-4.25 , -42.1875 , -9.0625
38818359  , 2.070293 , 8.730643 , 6.510526    , -0.18675005 , -0.7875447 , -0.5872798    ,-5.0 , -40.1875 , -13.9375
488281  , 2.8330324 , 8.662541 , 10.228881    , -0.20678753 , -0.6322926 , -0.7466223    ,-5.0 , -40.1875 , -13.9375
39215087  , 2.8330324 , 8.662541 , 10.228881    , -0.20678753 , -0.6322927 , -0.74662226    ,-7.0625 , -37.0 , -19.3125
457764  , 3.759216 , 6.932757 , 10.460427    , -0.28695858 , -0.5292098 , -0.7984935    ,-7.0625 , -37.0 , -19.3125
38818358  , 3.759216 , 6.932757 , 10.460427    , -0.28695863 , -0.5292098 , -0.79849344    ,-7.875 , -34.1875 , -24.8125
518798  , 4.440233 , 4.7535014 , 11.985906    , -0.325597 , -0.34856853 , -0.8789121    ,-7.875 , -34.1875 , -24.8125
38879393  , 4.440233 , 4.7535014 , 11.985906    , -0.325597 , -0.3485686 , -0.87891215    ,-9.875 , -30.5 , -29.0
457764  , 4.7535014 , 2.7240696 , 11.686258    , -0.368295 , -0.21105729 , -0.90543586    ,-9.875 , -30.5 , -29.0
94696041  , 4.7535014 , 2.7240696 , 11.686258    , -0.368295 , -0.21105729 , -0.9054357    ,-12.1875 , -25.5 , -33.125
305175  , 4.2086873 , 1.4573772 , 10.56939    , -0.3669467 , -0.12706569 , -0.92152315    ,-12.1875 , -25.5 , -33.125
244141  , 4.2086873 , 1.4573772 , 10.56939    , -0.3669467 , -0.12706566 , -0.92152303    ,-12.625 , -21.6875 , -35.625
3143311  , 4.2904096 , 0.84446156 , 11.073342    , -0.36037374 , -0.0709307 , -0.93010736    ,-12.625 , -21.6875 , -35.625
5401612  , 4.2904096 , 0.84446156 , 11.073342    , -0.36037368 , -0.07093068 , -0.9301073    ,-13.125 , -17.0 , -38.3125
1861572  , 4.0588636 , 0.14982383 , 11.223166    , -0.34006637 , -0.012552785 , -0.94031775    ,-13.125 , -17.0 , -38.3125
37200929  , 4.0588636 , 0.14982383 , 11.223166    , -0.34006634 , -0.012552783 , -0.9403177    ,-12.4375 , -13.125 , -40.1875
274659  , 4.1814466 , -0.5720546 , 11.032481    , -0.35399473 , 0.048429247 , -0.93399256    ,-12.4375 , -13.125 , -40.1875
29357911  , 4.1814466 , -0.5720546 , 11.032481    , -0.35399476 , 0.04842926 , -0.9339926    ,-12.1875 , -9.4375 , -41.375
244141  , 3.7864566 , -1.4982382 , 10.760075    , -0.32911888 , 0.1302269 , -0.9352659    ,-12.1875 , -9.4375 , -41.375
29815675  , 3.7864566 , -1.4982382 , 10.760075    , -0.3291188 , 0.13022684 , -0.9352656    ,-11.4375 , -5.9375 , -42.375
335694  , 3.6774938 , -1.7978859 , 11.182305    , -0.30882567 , 0.15098147 , -0.93905884    ,-11.4375 , -5.9375 , -42.375
39642335  , 3.6774938 , -1.7978859 , 11.182305    , -0.3088256 , 0.15098141 , -0.93905866    ,-10.875 , -3.0625 , -42.8125
427246  , 4.099725 , -1.7978859 , 12.571581    , -0.3072142 , 0.13472517 , -0.94205546    ,-10.875 , -3.0625 , -42.8125
39367676  , 4.099725 , -1.7978859 , 12.571581    , -0.3072142 , 0.13472517 , -0.9420555    ,-10.0625 , -0.3125 , -43.25
488282  , 3.405087 , -2.4925237 , 11.264028    , -0.28308415 , 0.20721759 , -0.9364424    ,-10.0625 , -0.3125 , -43.25
38848877  , 3.405087 , -2.4925237 , 11.264028    , -0.28308415 , 0.20721763 , -0.9364424    ,-9.25 , 2.375 , -43.125
488281  , 2.5606253 , -3.1463003 , 10.079058    , -0.23568125 , 0.2895871 , -0.92768174    ,-9.25 , 2.375 , -43.125
39001465  , 2.5606253 , -3.1463003 , 10.079058    , -0.2356813 , 0.2895872 , -0.9276819    ,-8.25 , 5.5625 , -43.125
488281  , 2.1792557 , -3.8681788 , 9.507003    , -0.20769419 , 0.3686572 , -0.9060659    ,-8.25 , 5.5625 , -43.125
39123534  , 2.1792557 , -3.8681788 , 9.507003    , -0.20769414 , 0.36865708 , -0.9060656    ,-6.5 , 9.0625 , -42.4375
488281  , 1.5390993 , -3.9090397 , 8.662541    , -0.1598646 , 0.4060278 , -0.899769    ,-6.5 , 9.0625 , -42.4375
38909911  , 1.5390993 , -3.9090397 , 8.662541    , -0.15986463 , 0.4060279 , -0.8997691    ,-4.5625 , 12.1875 , -41.5625
518798  , 0.313268 , -4.372132 , 7.8589406    , -0.034812607 , 0.48586252 , -0.8733417    ,-4.5625 , 12.1875 , -41.5625
38726805  , 0.313268 , -4.372132 , 7.8589406    , -0.034812555 , 0.4858625 , -0.8733416    ,-3.3125 , 15.6875 , -40.5625
518799  , 1.1849703 , -5.597963 , 7.504812    , -0.1255618 , 0.59317124 , -0.7952248    ,-3.3125 , 15.6875 , -40.5625
39154051  , 1.1849703 , -5.597963 , 7.504812    , -0.12556174 , 0.5931712 , -0.79522467    ,-2.0 , 18.375 , -39.375
488282  , 1.8387469 , -6.782933 , 7.0553403    , -0.18464534 , 0.68113625 , -0.7084912    ,-2.0 , 18.375 , -39.375
38757323  , 1.8387469 , -6.782933 , 7.0553403    , -0.18464535 , 0.6811363 , -0.7084911    ,-1.25 , 20.625 , -38.375
488281  , 0.313268 , -6.782933 , 7.246025    , -0.031546626 , 0.6830531 , -0.7296873    ,-1.25 , 20.625 , -38.375
39367677  , 0.313268 , -6.782933 , 7.246025    , -0.031546623 , 0.6830529 , -0.72968704    ,-0.75 , 22.625 , -38.125
488282  , 0.7218784 , -7.3549876 , 6.973618    , -0.07104322 , 0.7238366 , -0.6863044    ,-0.75 , 22.625 , -38.125
38818361  , 0.7218784 , -7.3549876 , 6.973618    , -0.07104321 , 0.72383666 , -0.68630433    ,-0.1875 , 22.8125 , -37.875
518798  , 0.14982383 , -7.6954966 , 5.5571017    , -0.015781911 , 0.8106161 , -0.58536524    ,-0.1875 , 22.8125 , -37.875
38879396  , 0.14982383 , -7.6954966 , 5.5571017    , -0.015781906 , 0.81061614 , -0.58536524    ,1.0625 , 23.0625 , -37.625
488281  , -0.95342433 , -8.921328 , 3.2961242    , 0.099747 , 0.933347 , -0.3448397    ,1.0625 , 23.0625 , -37.625
38909913  , -0.95342433 , -8.921328 , 3.2961242    , 0.09974699 , 0.93334675 , -0.34483957    ,1.625 , 21.625 , -38.625
518799  , -1.3756552 , -8.076866 , 2.7649305    , 0.15908787 , 0.93405044 , -0.31975088    ,1.625 , 21.625 , -38.625
38940431  , -1.3756552 , -8.076866 , 2.7649305    , 0.15908787 , 0.9340505 , -0.3197508    ,1.875 , 18.375 , -39.625
488281  , -2.070293 , -4.903325 , 6.5513873    , 0.24526818 , 0.5808984 , -0.77614474    ,1.875 , 18.375 , -39.625
39031983  , -2.070293 , -4.903325 , 6.5513873    , 0.24526817 , 0.5808983 , -0.77614474    ,2.1875 , 14.6875 , -41.5625
518799  , -1.9477097 , -5.9793324 , 8.662541    , 0.18195298 , 0.558583 , -0.8092456    ,2.1875 , 14.6875 , -41.5625
39398193  , -1.9477097 , -5.9793324 , 8.662541    , 0.18195298 , 0.5585829 , -0.80924547    ,2.4375 , 10.25 , -43.5
488281  , -0.88532263 , -4.2086873 , 6.0474343    , 0.11930285 , 0.5671473 , -0.81493014    ,2.4375 , 10.25 , -43.5
77026366  , -0.88532263 , -4.2086873 , 6.0474343    , 0.11930282 , 0.56714725 , -0.8149299    ,3.4375 , 5.75 , -43.75
244140  , 0.5720546 , -1.8387469 , 7.8861814    , -0.070468396 , 0.22650555 , -0.9714572    ,3.4375 , 5.75 , -43.75
244140  , 0.5720546 , -1.8387469 , 7.8861814    , -0.07046842 , 0.2265056 , -0.97145736    ,5.0 , 2.125 , -43.875
213623  , -0.3405087 , -1.7978859 , 7.1234417    , 0.046298042 , 0.24445368 , -0.9685551    ,5.0 , 2.125 , -43.875
19653320  , -0.3405087 , -1.7978859 , 7.1234417    , 0.046298027 , 0.24445368 , -0.96855515    ,7.5 , -1.3125 , -43.0625
213623  , -1.4165162 , -2.070293 , 6.4424243    , 0.20488921 , 0.29945347 , -0.93185186    ,7.5 , -1.3125 , -43.0625
29174804  , -1.4165162 , -2.070293 , 6.4424243    , 0.20488921 , 0.29945347 , -0.9318518    ,9.75 , -4.75 , -42.125
213623  , -2.1383946 , -1.56634 , 6.6331096    , 0.2993638 , 0.21927923 , -0.9285999    ,9.75 , -4.75 , -42.125
29418944  , -2.1383946 , -1.56634 , 6.6331096    , 0.29936385 , 0.21927924 , -0.92859995    ,11.8125 , -7.4375 , -41.0625
274658  , -2.6014864 , -0.88532263 , 6.742072    , 0.3573178 , 0.12160034 , -0.92603326    ,11.8125 , -7.4375 , -41.0625
30700682  , -2.6014864 , -0.88532263 , 6.742072    , 0.3573178 , 0.121600315 , -0.9260331    ,13.5625 , -10.4375 , -40.125
366211  , -2.7513103 , -1.1441092 , 5.8976107    , 0.41638505 , 0.17315024 , -0.8925482    ,13.5625 , -10.4375 , -40.125
39215086  , -2.7513103 , -1.1441092 , 5.8976107    , 0.41638514 , 0.17315027 , -0.8925484    ,14.5625 , -12.625 , -38.625
427246  , -3.405087 , -1.0760075 , 4.9850473    , 0.5552856 , 0.17547023 , -0.81293803    ,14.5625 , -12.625 , -38.625
39001466  , -3.405087 , -1.0760075 , 4.9850473    , 0.5552856 , 0.17547017 , -0.81293803    ,15.8125 , -15.9375 , -37.1875
427247  , -3.9771416 , 0.7627395 , 5.134871    , 0.608163 , -0.116634026 , -0.7851967    ,15.8125 , -15.9375 , -37.1875
38543703  , -3.9771416 , 0.7627395 , 5.134871    , 0.6081631 , -0.11663404 , -0.7851968    ,17.0 , -20.125 , -34.6875
427246  , -3.568531 , 1.7978859 , 5.407278    , 0.5307548 , -0.26740324 , -0.80423534    ,17.0 , -20.125 , -34.6875
41656495  , -3.568531 , 1.7978859 , 5.407278    , 0.5307549 , -0.26740324 , -0.80423564    ,17.75 , -23.875 , -31.3125
427246  , -2.8330324 , 2.070293 , 5.9793324    , 0.40863818 , -0.29862022 , -0.8624622    ,17.75 , -23.875 , -31.3125
36956788  , -2.8330324 , 2.070293 , 5.9793324    , 0.40863812 , -0.2986202 , -0.86246216    ,18.375 , -27.6875 , -28.3125
396729  , -3.5276701 , 2.5333846 , 4.944186    , 0.5360516 , -0.3849636 , -0.7512999    ,18.375 , -27.6875 , -28.3125
38970947  , -3.5276701 , 2.5333846 , 4.944186    , 0.5360515 , -0.3849636 , -0.7512999    ,18.125 , -30.6875 , -24.875
396729  , -4.372132 , 4.1814466 , 5.6252036    , 0.52925444 , -0.5061716 , -0.68094087    ,18.125 , -30.6875 , -24.875
38879395  , -4.372132 , 4.1814466 , 5.6252036    , 0.5292542 , -0.5061714 , -0.6809408    ,17.625 , -32.875 , -21.75
427246  , -3.486809 , 5.175732 , 5.47538    , 0.41998816 , -0.62341994 , -0.6595127    ,17.625 , -32.875 , -21.75
39550781  , -3.486809 , 5.175732 , 5.47538    , 0.41998816 , -0.62342 , -0.65951276    ,16.375 , -35.125 , -18.8125
488281  , -3.0645783 , 5.5162406 , 3.9499009    , 0.41165045 , -0.7409707 , -0.5305716    ,16.375 , -35.125 , -18.8125
39062499  , -3.0645783 , 5.5162406 , 3.9499009    , 0.41165036 , -0.7409706 , -0.5305716    ,15.9375 , -37.3125 , -15.1875
488282  , -3.405087 , 7.0553403 , 3.568531    , 0.3955477 , -0.8195752 , -0.41453418    ,15.9375 , -37.3125 , -15.1875
38848876  , -3.405087 , 7.0553403 , 3.568531    , 0.395548 , -0.81957525 , -0.4145341    ,15.1875 , -39.0625 , -11.25
488282  , -2.7921712 , 8.62168 , 3.255263    , 0.28996164 , -0.89534485 , -0.33805275    ,15.1875 , -39.0625 , -11.25
38879393  , -2.7921712 , 8.62168 , 3.255263    , 0.2899616 , -0.895345 , -0.33805284    ,14.6875 , -40.0 , -6.875
518799  , -3.1463003 , 9.343558 , 3.2961242    , 0.30266085 , -0.89881104 , -0.3170733    ,14.6875 , -40.0 , -6.875
39245604  , -3.1463003 , 9.343558 , 3.2961242    , 0.30266082 , -0.898811 , -0.3170733    ,13.875 , -40.75 , -2.4375
488281  , -3.6774938 , 10.038197 , 2.7921712    , 0.33282796 , -0.9084971 , -0.25270268    ,13.875 , -40.75 , -2.4375
38543700  , -3.6774938 , 10.038197 , 2.7921712    , 0.33282787 , -0.9084968 , -0.25270262    ,13.375 , -41.25 , 0.75
488281  , -2.982856 , 10.147159 , 1.8387469    , 0.27785912 , -0.94522834 , -0.17128299    ,13.375 , -41.25 , 0.75
39184571  , -2.982856 , 10.147159 , 1.8387469    , 0.27785903 , -0.94522834 , -0.17128299    ,12.125 , -41.5 , 3.1875
488281  , -3.486809 , 10.269742 , 1.334794    , 0.3190899 , -0.9398195 , -0.1221516    ,12.125 , -41.5 , 3.1875
39062501  , -3.486809 , 10.269742 , 1.334794    , 0.31908986 , -0.9398193 , -0.12215159    ,10.875 , -42.0 , 4.875
518799  , -3.568531 , 10.419566 , 1.6480621    , 0.3204404 , -0.9356372 , -0.14798966    ,10.875 , -42.0 , 4.875
39093019  , -3.568531 , 10.419566 , 1.6480621    , 0.32044044 , -0.9356371 , -0.14798965    ,10.25 , -41.8125 , 6.625
488281  , -2.4516625 , 9.575105 , 1.4165162    , 0.24553509 , -0.958951 , -0.14186473    ,10.25 , -41.8125 , 6.625
305175  , -2.4516625 , 9.575105 , 1.4165162    , 0.24553509 , -0.95895094 , -0.14186472    ,9.0 , -42.0625 , 7.8125
244141  , -2.3426998 , 10.147159 , 1.6889231    , 0.22205381 , -0.9618028 , -0.16008532    ,9.0 , -42.0625 , 7.8125
7568360  , -2.3426998 , 10.147159 , 1.6889231    , 0.22205384 , -0.9618029 , -0.16008535    ,8.5 , -42.3125 , 8.5625
946045  , -2.982856 , 10.501288 , 1.6480621    , 0.27017626 , -0.95116854 , -0.14927547    ,8.5 , -42.3125 , 8.5625
28656007  , -2.982856 , 10.501288 , 1.6480621    , 0.27017626 , -0.95116854 , -0.14927548    ,7.75 , -42.0625 , 9.0625
213623  , -2.4108016 , 10.269742 , 1.7570249    , 0.22542997 , -0.9603061 , -0.1642964    ,7.75 , -42.0625 , 9.0625
29510499  , -2.4108016 , 10.269742 , 1.7570249    , 0.22543004 , -0.96030635 , -0.16429645    ,7.25 , -42.5625 , 8.8125
244140  , -1.3756552 , 10.269742 , 2.152015    , 0.12999232 , -0.9704375 , -0.2033543    ,7.25 , -42.5625 , 8.8125
30548096  , -1.3756552 , 10.269742 , 2.152015    , 0.12999228 , -0.97043747 , -0.20335428    ,6.5 , -42.5625 , 8.3125
396728  , -0.9125633 , 10.419566 , 2.6423476    , 0.08459015 , -0.9658428 , -0.2449327    ,6.5 , -42.5625 , 8.3125
39337158  , -0.9125633 , 10.419566 , 2.6423476    , 0.08459017 , -0.9658429 , -0.2449327    ,5.5625 , -43.0 , 7.875
427246  , -1.3756552 , 11.073342 , 3.6774938    , 0.11708858 , -0.9425052 , -0.31300908    ,5.5625 , -43.0 , 7.875
38452148  , -1.3756552 , 11.073342 , 3.6774938    , 0.11708858 , -0.942505 , -0.31300902    ,4.3125 , -43.5 , 5.9375
427246  , -0.50395286 , 10.501288 , 3.8273177    , 0.04504261 , -0.93859065 , -0.34208032    ,4.3125 , -43.5 , 5.9375
39550780  , -0.50395286 , 10.501288 , 3.8273177    , 0.04504261 , -0.93859047 , -0.3420803    ,3.0625 , -43.25 , 3.25
427246  , -0.27240697 , 11.34575 , 6.2789803    , 0.021002539 , -0.8747558 , -0.48410857    ,3.0625 , -43.25 , 3.25
38635253  , -0.27240697 , 11.34575 , 6.2789803    , 0.021002542 , -0.8747559 , -0.48410863    ,1.25 , -43.5 , -0.9375
427246  , -0.3405087 , 10.310603 , 5.7477865    , 0.028833736 , -0.87308556 , -0.48671353    ,1.25 , -43.5 , -0.9375
39215086  , -0.3405087 , 10.310603 , 5.7477865    , 0.02883374 , -0.8730858 , -0.48671353    ,-0.0 , -43.25 , -6.5625
427246  , -0.53119355 , 10.269742 , 8.62168    , 0.039583698 , -0.76528484 , -0.6424739    ,-0.0 , -43.25 , -6.5625
39001463  , -0.53119355 , 10.269742 , 8.62168    , 0.039583698 , -0.7652847 , -0.6424739    ,-0.6875 , -41.25 , -12.0625
427246  , 1.0760075 , 8.962189 , 9.043911    , -0.08420943 , -0.70139015 , -0.7077857    ,-0.6875 , -41.25 , -12.0625
39245606  , 1.0760075 , 8.962189 , 9.043911    , -0.08420945 , -0.7013901 , -0.7077857    ,-2.3125 , -38.6875 , -18.125
396728  , 0.27240697 , 6.6331096 , 9.275456    , -0.023881895 , -0.58152413 , -0.81317854    ,-2.3125 , -38.6875 , -18.125
39154054  , 0.27240697 , 6.6331096 , 9.275456    , -0.023881901 , -0.5815242 , -0.81317854    ,-2.8125 , -35.1875 , -23.3125
488281  , 2.3018389 , 4.8216033 , 11.413852    , -0.18264976 , -0.3825918 , -0.9056834    ,-2.8125 , -35.1875 , -23.3125
39184572  , 2.3018389 , 4.8216033 , 11.413852    , -0.18264976 , -0.38259178 , -0.9056834    ,-4.9375 , -30.8125 , -28.0625
488281  , 1.6889231 , 3.9499009 , 11.836082    , -0.1341315 , -0.3136946 , -0.94000214    ,-4.9375 , -30.8125 , -28.0625
38726808  , 1.6889231 , 3.9499009 , 11.836082    , -0.13413152 , -0.31369472 , -0.94000244    ,-6.75 , -26.3125 , -31.9375
488281  , 1.3756552 , 1.607201 , 10.119919    , -0.13305908 , -0.15545516 , -0.9788406    ,-6.75 , -26.3125 , -31.9375
39520265  , 1.3756552 , 1.607201 , 10.119919    , -0.13305908 , -0.15545517 , -0.9788407    ,-8.0 , -21.875 , -34.4375
488281  , 2.6014864 , 0.84446156 , 11.141444    , -0.2267633 , -0.07360903 , -0.9711642    ,-8.0 , -21.875 , -34.4375
38452149  , 2.6014864 , 0.84446156 , 11.141444    , -0.2267633 , -0.073609024 , -0.97116417    ,-10.375 , -16.9375 , -36.9375
518799  , 1.9477097 , -0.14982383 , 10.501288    , -0.1823453 , 0.01402656 , -0.98313457    ,-10.375 , -16.9375 , -36.9375
39398194  , 1.9477097 , -0.14982383 , 10.501288    , -0.18234527 , 0.014026564 , -0.9831344    ,-10.9375 , -11.9375 , -38.375
488282  , 2.982856 , -1.3756552 , 10.800936    , -0.26421788 , 0.121853925 , -0.95673424    ,-10.9375 , -11.9375 , -38.375
38482665  , 2.982856 , -1.3756552 , 10.800936    , -0.26421794 , 0.12185395 , -0.9567345    ,-12.1875 , -7.0 , -38.625
488281  , 3.0645783 , -1.7978859 , 10.923519    , -0.26679057 , 0.15651712 , -0.9509602    ,-12.1875 , -7.0 , -38.625
39062499  , 3.0645783 , -1.7978859 , 10.923519    , -0.26679054 , 0.15651712 , -0.95096016    ,-12.6875 , -2.8125 , -39.125
488281  , 2.2201166 , -2.5606253 , 10.419566    , -0.20262322 , 0.23370038 , -0.9509616    ,-12.6875 , -2.8125 , -39.125
39123534  , 2.2201166 , -2.5606253 , 10.419566    , -0.20262311 , 0.23370028 , -0.95096135    ,-12.4375 , 0.9375 , -38.875
488281  , 2.2609777 , -3.0237172 , 10.18802    , -0.20809525 , 0.2782961 , -0.93768233    ,-12.4375 , 0.9375 , -38.875
68756102  , 2.2609777 , -3.0237172 , 10.18802    , -0.20809528 , 0.27829608 , -0.9376822    ,-12.4375 , 4.375 , -38.375
274658  , 1.4573772 , -3.5957718 , 9.575105    , -0.14106399 , 0.34804577 , -0.9268037    ,-12.4375 , 4.375 , -38.375
213623  , 1.4573772 , -3.5957718 , 9.575105    , -0.14106399 , 0.34804577 , -0.92680377    ,-11.6875 , 7.125 , -38.625
213623  , 1.56634 , -5.012288 , 9.152874    , -0.14843553 , 0.4749937 , -0.86737984    ,-11.6875 , 7.125 , -38.625
28991698  , 1.56634 , -5.012288 , 9.152874    , -0.14843555 , 0.47499374 , -0.8673799    ,-11.625 , 9.9375 , -38.125
244140  , 1.607201 , -5.47538 , 8.962189    , -0.15127063 , 0.51534563 , -0.8435259    ,-11.625 , 9.9375 , -38.125
28259279  , 1.607201 , -5.47538 , 8.962189    , -0.15127058 , 0.5153457 , -0.8435259    ,-11.125 , 12.375 , -37.875
274658  , 1.607201 , -5.8567495 , 8.662541    , -0.15191762 , 0.5535981 , -0.8188102    ,-11.125 , 12.375 , -37.875
30792238  , 1.607201 , -5.8567495 , 8.662541    , -0.1519176 , 0.55359805 , -0.8188103    ,-10.3125 , 14.125 , -37.4375
396728  , 1.4982382 , -6.5513873 , 7.7772183    , -0.14576226 , 0.6373785 , -0.7566385    ,-10.3125 , 14.125 , -37.4375
39093019  , 1.4982382 , -6.5513873 , 7.7772183    , -0.14576225 , 0.63737863 , -0.75663865    ,-9.5625 , 15.625 , -36.6875
427246  , 1.0351465 , -6.2789803 , 6.891896    , -0.11034989 , 0.66935915 , -0.7346979    ,-9.5625 , 15.625 , -36.6875
38513185  , 1.0351465 , -6.2789803 , 6.891896    , -0.11034988 , 0.66935915 , -0.73469794    ,-9.5625 , 16.375 , -36.6875
457764  , 0.19068487 , -4.862464 , 8.390134    , -0.019659892 , 0.501327 , -0.8650347    ,-9.5625 , 16.375 , -36.6875
38909913  , 0.19068487 , -4.862464 , 8.390134    , -0.019659862 , 0.50132686 , -0.8650346    ,-9.3125 , 16.375 , -36.6875
427246  , -0.0 , -5.8567495 , 10.18802    , -0.0 , 0.49838412 , -0.8669565    ,-9.3125 , 16.375 , -36.6875
39459229  , -0.0 , -5.8567495 , 10.18802    , -0.0 , 0.49838412 , -0.8669564    ,-9.0625 , 15.625 , -37.1875
427246  , 0.38136974 , -5.597963 , 7.205164    , -0.04176101 , 0.6129919 , -0.78898484    ,-9.0625 , 15.625 , -37.1875
38818360  , 0.38136974 , -5.597963 , 7.205164    , -0.04176101 , 0.6129919 , -0.7889848    ,-9.3125 , 13.6875 , -38.0625
427246  , 0.8036005 , -4.903325 , 9.724928    , -0.07358481 , 0.44899195 , -0.8905007    ,-9.3125 , 13.6875 , -38.0625
39520264  , 0.8036005 , -4.903325 , 9.724928    , -0.073584765 , 0.44899195 , -0.89050066    ,-8.3125 , 10.9375 , -38.5625
488281  , 0.50395286 , -4.2086873 , 9.193735    , -0.049778923 , 0.41572124 , -0.9081288    ,-8.3125 , 10.9375 , -38.5625
39001464  , 0.50395286 , -4.2086873 , 9.193735    , -0.04977891 , 0.41572118 , -0.90812874    ,-6.8125 , 7.5 , -39.3125
518798  , 0.42223078 , -4.099725 , 10.528529    , -0.037344232 , 0.3626003 , -0.9311961    ,-6.8125 , 7.5 , -39.3125
39001464  , 0.42223078 , -4.099725 , 10.528529    , -0.037344225 , 0.3626003 , -0.9311961    ,-5.5 , 4.25 , -39.8125
518799  , 1.4165162 , -3.9771416 , 8.008764    , -0.15646192 , 0.4392969 , -0.88461155    ,-5.5 , 4.25 , -39.8125
38635253  , 1.4165162 , -3.9771416 , 8.008764    , -0.15646192 , 0.43929693 , -0.88461155    ,-3.5 , 0.8125 , -39.8125
488281  , -0.040861044 , -4.2086873 , 7.164303    , 0.0049175993 , 0.5065124 , -0.86221856    ,-3.5 , 0.8125 , -39.8125
39062498  , -0.040861044 , -4.2086873 , 7.164303    , 0.0049175993 , 0.5065124 , -0.8622186    ,-2.25 , -2.4375 , -39.8125
488282  , -0.0 , -3.336985 , 8.689782    , -3.7252903E-9 , 0.35848874 , -0.933534    ,-2.25 , -2.4375 , -39.8125
38940428  , -0.0 , -3.336985 , 8.689782    , 9.313226E-10 , 0.35848874 , -0.9335341    ,-0.8125 , -5.25 , -39.125
488281  , -1.4573772 , -2.1111538 , 7.273266    , 0.18896511 , 0.2737345 , -0.9430596    ,-0.8125 , -5.25 , -39.125
39093018  , -1.4573772 , -2.1111538 , 7.273266    , 0.18896516 , 0.27373457 , -0.9430597    ,0.4375 , -8.75 , -38.125
488281  , -1.7297841 , -1.4165162 , 6.238119    , 0.26103354 , 0.21375975 , -0.94136494    ,0.4375 , -8.75 , -38.125
38787844  , -1.7297841 , -1.4165162 , 6.238119    , 0.26103354 , 0.21375978 , -0.941365    ,1.1875 , -11.9375 , -37.1875
488281  , -1.3756552 , -0.29964766 , 6.891896    , 0.19556576 , 0.04259848 , -0.97976494    ,1.1875 , -11.9375 , -37.1875
39093019  , -1.3756552 , -0.29964766 , 6.891896    , 0.19556576 , 0.04259848 , -0.9797651    ,2.4375 , -15.9375 , -36.125
244140  , -2.8330324 , 0.42223078 , 5.829509    , 0.43617374 , -0.06500667 , -0.89751136    ,2.4375 , -15.9375 , -36.125
28411866  , -2.8330324 , 0.42223078 , 5.829509    , 0.4361738 , -0.06500667 , -0.8975115    ,2.6875 , -19.625 , -34.1875
244140  , -3.255263 , 1.4165162 , 5.012288    , 0.5299855 , -0.23062128 , -0.8160446    ,2.6875 , -19.625 , -34.1875
39947510  , -3.255263 , 1.4165162 , 5.012288    , 0.52998555 , -0.23062131 , -0.8160447    ,3.1875 , -22.875 , -31.5
213623  , -2.1792557 , 2.3426998 , 5.47538    , 0.3436389 , -0.3694118 , -0.8633927    ,3.1875 , -22.875 , -31.5
39703369  , -2.1792557 , 2.3426998 , 5.47538    , 0.34363896 , -0.36941183 , -0.86339283    ,3.6875 , -26.3125 , -28.5625
396728  , -2.2609777 , 3.5276701 , 6.2108784    , 0.30178186 , -0.47085238 , -0.82899094    ,3.6875 , -26.3125 , -28.5625
61645507  , -2.2609777 , 3.5276701 , 6.2108784    , 0.30178174 , -0.47085223 , -0.8289907    ,3.4375 , -29.3125 , -25.375
274658  , -3.0645783 , 3.8273177 , 4.944186    , 0.44011602 , -0.5496559 , -0.7100537    ,3.4375 , -29.3125 , -25.375
6256104  , -3.0645783 , 3.8273177 , 4.944186    , 0.440116 , -0.549656 , -0.71005374    ,2.375 , -32.0625 , -23.25
244141  , -3.445948 , 4.7943625 , 4.372132    , 0.46903834 , -0.65257514 , -0.5951041    ,2.375 , -32.0625 , -23.25
39581298  , -3.445948 , 4.7943625 , 4.372132    , 0.4690383 , -0.6525751 , -0.5951039    ,2.375 , -34.0 , -20.5625
244141  , -4.1814466 , 5.9793324 , 3.214402    , 0.5244486 , -0.74994445 , -0.40315914    ,2.375 , -34.0 , -20.5625
29418945  , -4.1814466 , 5.9793324 , 3.214402    , 0.52444845 , -0.7499442 , -0.40315908    ,2.125 , -36.0 , -18.0625
244141  , -3.1054392 , 7.43671 , 3.1054392    , 0.3595642 , -0.8610617 , -0.3595642    ,2.125 , -36.0 , -18.0625
30548095  , -3.1054392 , 7.43671 , 3.1054392    , 0.3595642 , -0.8610616 , -0.35956413    ,1.5625 , -37.0 , -15.625
396729  , -2.5606253 , 7.6954966 , 4.2495484    , 0.27966002 , -0.84046763 , -0.46411666    ,1.5625 , -37.0 , -15.625
39489745  , -2.5606253 , 7.6954966 , 4.2495484    , 0.27966002 , -0.84046763 , -0.46411663    ,1.0625 , -38.0 , -13.1875
427246  , -2.4108016 , 8.076866 , 3.1463003    , 0.26795465 , -0.8977237 , -0.3497035    ,1.0625 , -38.0 , -13.1875
38421630  , -2.4108016 , 8.076866 , 3.1463003    , 0.26795468 , -0.89772385 , -0.34970355    ,-0.1875 , -38.75 , -11.5
427247  , -3.0645783 , 9.084772 , 2.6832085    , 0.3078085 , -0.9124812 , -0.26950344    ,-0.1875 , -38.75 , -11.5
39215088  , -3.0645783 , 9.084772 , 2.6832085    , 0.30780846 , -0.91248125 , -0.26950344    ,-3.0 , -39.8125 , -10.125
488281  , -1.7570249 , 8.471856 , 1.7297841    , 0.19913334 , -0.96016234 , -0.196046    ,-3.0 , -39.8125 , -10.125
39184572  , -1.7570249 , 8.471856 , 1.7297841    , 0.19913337 , -0.9601624 , -0.19604602    ,-5.25 , -40.0625 , -9.4375
488281  , -0.9942854 , 8.962189 , 2.070293    , 0.10746956 , -0.9686982 , -0.22377221    ,-5.25 , -40.0625 , -9.4375
38574221  , -0.9942854 , 8.962189 , 2.070293    , 0.10746956 , -0.9686982 , -0.22377226    ,-8.5625 , -40.0625 , -9.875
488281  , -0.7218784 , 10.228881 , 3.0645783    , 0.06744973 , -0.9557499 , -0.2863432    ,-8.5625 , -40.0625 , -9.875
39611818  , -0.7218784 , 10.228881 , 3.0645783    , 0.06744973 , -0.9557499 , -0.28634322    ,-11.875 , -39.3125 , -11.875
488282  , 0.7627395 , 9.043911 , 2.7649305    , -0.08039135 , -0.9532117 , -0.29141858    ,-11.875 , -39.3125 , -11.875
38665772  , 0.7627395 , 9.043911 , 2.7649305    , -0.08039135 , -0.9532116 , -0.29141858    ,-15.0625 , -37.4375 , -14.125
518799  , 0.61291564 , 9.084772 , 2.982856    , -0.063968286 , -0.9481522 , -0.31131232    ,-15.0625 , -37.4375 , -14.125
38787842  , 0.61291564 , 9.084772 , 2.982856    , -0.0639683 , -0.94815236 , -0.31131238    ,-17.0625 , -35.6875 , -17.3125
488281  , 2.3426998 , 7.9270425 , 5.7477865    , -0.23268926 , -0.7873555 , -0.5709004    ,-17.0625 , -35.6875 , -17.3125
39520264  , 2.3426998 , 7.9270425 , 5.7477865    , -0.23268928 , -0.78735554 , -0.5709004    ,-17.8125 , -33.9375 , -20.75
488281  , 2.7240696 , 7.504812 , 6.4424243    , -0.2655291 , -0.7315327 , -0.62797636    ,-17.8125 , -33.9375 , -20.75
38848877  , 2.7240696 , 7.504812 , 6.4424243    , -0.26552907 , -0.7315327 , -0.62797624    ,-18.3125 , -32.1875 , -23.625
488281  , 3.0645783 , 7.7772183 , 6.701211    , -0.28604338 , -0.7259144 , -0.6254815    ,-18.3125 , -32.1875 , -23.625
38452148  , 3.0645783 , 7.7772183 , 6.701211    , -0.2860434 , -0.7259146 , -0.6254815    ,-17.3125 , -30.5 , -27.5625
488281  , 1.4165162 , 7.5456724 , 7.3549876    , -0.13323133 , -0.70971304 , -0.69177794    ,-17.3125 , -30.5 , -27.5625
39215088  , 1.4165162 , 7.5456724 , 7.3549876    , -0.13323133 , -0.709713 , -0.69177806    ,-16.3125 , -28.25 , -30.75
488281  , 1.879608 , 6.4424243 , 8.430995    , -0.17442745 , -0.5978563 , -0.7823955    ,-16.3125 , -28.25 , -30.75
38513183  , 1.879608 , 6.4424243 , 8.430995    , -0.17442743 , -0.5978564 , -0.7823954    ,-14.8125 , -25.5 , -33.4375
518799  , 0.46309182 , 5.6660647 , 8.049625    , -0.04699196 , -0.5749603 , -0.81683064    ,-14.8125 , -25.5 , -33.4375
39459227  , 0.46309182 , 5.6660647 , 8.049625    , -0.046991944 , -0.57496035 , -0.81683064    ,-12.75 , -23.5625 , -35.875
488282  , 1.1849703 , 5.284695 , 9.997335    , -0.10421823 , -0.46478927 , -0.8792663    ,-12.75 , -23.5625 , -35.875
38604734  , 1.1849703 , 5.284695 , 9.997335    , -0.10421826 , -0.4647894 , -0.8792665    ,-10.5 , -22.3125 , -37.125
488281  , -0.27240697 , 5.8567495 , 9.534244    , 0.02433782 , -0.5232631 , -0.8518236    ,-10.5 , -22.3125 , -37.125
39001466  , -0.27240697 , 5.8567495 , 9.534244    , 0.024337813 , -0.52326304 , -0.85182357    ,-7.4375 , -22.0625 , -38.0625
488281  , -1.607201 , 6.8237944 , 8.730643    , 0.14353934 , -0.6094341 , -0.779735    ,-7.4375 , -22.0625 , -38.0625
74188234  , -1.607201 , 6.8237944 , 8.730643    , 0.1435393 , -0.6094339 , -0.77973473    ,-4.375 , -22.3125 , -38.5625
244141  , -3.405087 , 6.469665 , 10.882658    , 0.25972348 , -0.49347466 , -0.8300763    ,-4.375 , -22.3125 , -38.5625
366212  , -3.405087 , 6.469665 , 10.882658    , 0.25972348 , -0.49347463 , -0.83007634    ,-1.5625 , -22.3125 , -38.8125
244140  , -2.3699405 , 5.7477865 , 10.378705    , 0.19588882 , -0.47508666 , -0.85785794    ,-1.5625 , -22.3125 , -38.8125
35339356  , -2.3699405 , 5.7477865 , 10.378705    , 0.19588883 , -0.4750867 , -0.85785794    ,0.6875 , -21.8125 , -39.0625
244141  , -2.5333846 , 5.366417 , 9.302697    , 0.22959098 , -0.48633784 , -0.843068    ,0.6875 , -21.8125 , -39.0625
40985108  , -2.5333846 , 5.366417 , 9.302697    , 0.22959098 , -0.4863378 , -0.8430679    ,2.25 , -21.0625 , -39.3125
274658  , -2.9556155 , 4.5628166 , 8.894087    , 0.2835395 , -0.43772233 , -0.8532318    ,2.25 , -21.0625 , -39.3125
36132813  , -2.9556155 , 4.5628166 , 8.894087    , 0.28353947 , -0.43772227 , -0.85323167    ,2.75 , -20.3125 , -40.0625
274658  , -2.3699405 , 4.7535014 , 9.997335    , 0.20934498 , -0.41989312 , -0.883099    ,2.75 , -20.3125 , -40.0625
41900635  , -2.3699405 , 4.7535014 , 9.997335    , 0.20934504 , -0.41989323 , -0.8830992    ,3.5 , -19.3125 , -40.75
305176  , -2.0294318 , 4.5219555 , 9.997335    , 0.18187225 , -0.4052455 , -0.89593446    ,3.5 , -19.3125 , -40.75
