58563232  , 3.0237172 , 6.1291566 , 9.275456    , -0.2624427 , -0.5319785 , -0.8050608    ,-19.4375 , -18.25 , -35.125
244141  , 3.173541 , 6.3607025 , 7.8180795    , -0.30033803 , -0.601965 , -0.73988855    ,-19.4375 , -18.25 , -35.125
41412353  , 3.173541 , 6.3607025 , 7.8180795    , -0.30033803 , -0.60196507 , -0.73988855    ,-20.4375 , -18.0 , -34.4375
305176  , 2.8330324 , 6.1291566 , 7.0553403    , -0.2900979 , -0.6276157 , -0.72245526    ,-20.4375 , -18.0 , -34.4375
29602050  , 2.8330324 , 6.1291566 , 7.0553403    , -0.2900979 , -0.62761575 , -0.7224554    ,-20.6875 , -18.5 , -33.9375
213623  , 2.6832085 , 5.9793324 , 6.891896    , -0.28213018 , -0.6287064 , -0.7246593    ,-20.6875 , -18.5 , -33.9375
24719238  , 2.6832085 , 5.9793324 , 6.891896    , -0.28213015 , -0.6287063 , -0.7246592    ,-20.4375 , -18.5 , -33.9375
5828857  , 2.2609777 , 6.1291566 , 6.8237944    , -0.23933698 , -0.648805 , -0.7223363    ,-20.4375 , -18.5 , -33.9375
23712158  , 2.2609777 , 6.1291566 , 6.8237944    , -0.23933697 , -0.648805 , -0.7223363    ,-20.4375 , -18.75 , -34.1875
305176  , 2.3426998 , 5.938472 , 6.891896    , -0.24937595 , -0.632139 , -0.7336291    ,-20.4375 , -18.75 , -34.1875
30364989  , 2.3426998 , 5.938472 , 6.891896    , -0.24937595 , -0.63213897 , -0.7336291    ,-20.1875 , -18.5 , -34.1875
274658  , 2.2609777 , 6.0882955 , 7.1234417    , -0.23454992 , -0.63158906 , -0.73897326    ,-20.1875 , -18.5 , -34.1875
22949217  , 2.2609777 , 6.0882955 , 7.1234417    , -0.23454987 , -0.6315892 , -0.73897344    ,-20.4375 , -18.25 , -34.1875
213623  , 1.9477097 , 5.9793324 , 6.973618    , -0.20741767 , -0.6367576 , -0.74264216    ,-20.4375 , -18.25 , -34.1875
27618407  , 1.9477097 , 5.9793324 , 6.973618    , -0.20741768 , -0.63675773 , -0.7426423    ,-20.4375 , -17.8125 , -34.6875
244141  , 2.1111538 , 5.938472 , 7.3958488    , -0.21726283 , -0.61113954 , -0.761121    ,-20.4375 , -17.8125 , -34.6875
40985107  , 2.1111538 , 5.938472 , 7.3958488    , -0.21726286 , -0.6111396 , -0.7611211    ,-20.4375 , -17.5625 , -33.9375
244140  , 2.3699405 , 6.1291566 , 7.7363577    , -0.23347816 , -0.6038228 , -0.7621586    ,-20.4375 , -17.5625 , -33.9375
29785157  , 2.3699405 , 6.1291566 , 7.7363577    , -0.23347819 , -0.6038228 , -0.7621586    ,-20.6875 , -18.0 , -33.9375
244141  , 2.982856 , 5.938472 , 7.3141265    , -0.30183908 , -0.60092175 , -0.740126    ,-20.6875 , -18.0 , -33.9375
45013430  , 2.982856 , 5.938472 , 7.3141265    , -0.3018391 , -0.60092175 , -0.7401259    ,-20.6875 , -17.8125 , -34.1875
244140  , 2.5333846 , 6.5922484 , 7.3141265    , -0.249172 , -0.6483831 , -0.7193837    ,-20.6875 , -17.8125 , -34.1875
30120850  , 2.5333846 , 6.5922484 , 7.3141265    , -0.24917194 , -0.648383 , -0.7193835    ,-20.9375 , -18.0 , -33.9375
244141  , 2.6423476 , 6.5922484 , 7.3141265    , -0.25918302 , -0.6466216 , -0.7174292    ,-20.9375 , -18.0 , -33.9375
26245118  , 2.6423476 , 6.5922484 , 7.3141265    , -0.25918305 , -0.6466216 , -0.7174293    ,-20.9375 , -17.8125 , -34.4375
2502441  , 2.7921712 , 6.6331096 , 7.164303    , -0.27495858 , -0.6531943 , -0.70550346    ,-20.9375 , -17.8125 , -34.4375
23681641  , 2.7921712 , 6.6331096 , 7.164303    , -0.27495855 , -0.6531942 , -0.70550334    ,-20.9375 , -18.0 , -34.4375
274658  , 2.5606253 , 6.5513873 , 6.891896    , -0.2600247 , -0.66527593 , -0.69985366    ,-20.9375 , -18.0 , -34.4375
28778076  , 2.5606253 , 6.5513873 , 6.891896    , -0.2600246 , -0.6652758 , -0.6998535    ,-20.6875 , -18.0 , -34.4375
244141  , 2.9147544 , 6.66035 , 6.5513873    , -0.29783237 , -0.68056095 , -0.6694271    ,-20.6875 , -18.0 , -34.4375
27740479  , 2.9147544 , 6.66035 , 6.5513873    , -0.29783237 , -0.68056095 , -0.66942704    ,-20.9375 , -17.8125 , -33.9375
244141  , 3.1463003 , 6.851035 , 6.0474343    , -0.32554394 , -0.7088684 , -0.62572086    ,-20.9375 , -17.8125 , -33.9375
36102295  , 3.1463003 , 6.851035 , 6.0474343    , -0.325544 , -0.7088684 , -0.62572086    ,-21.1875 , -18.25 , -33.4375
3753662  , 3.636633 , 7.0553403 , 5.938472    , -0.3668534 , -0.7117231 , -0.5990565    ,-21.1875 , -18.25 , -33.4375
27374268  , 3.636633 , 7.0553403 , 5.938472    , -0.3668534 , -0.7117231 , -0.5990565    ,-21.4375 , -18.25 , -33.4375
213623  , 4.4810944 , 8.049625 , 5.7477865    , -0.41266903 , -0.7412992 , -0.5293202    ,-21.4375 , -18.25 , -33.4375
78948973  , 4.4810944 , 8.049625 , 5.7477865    , -0.41266912 , -0.74129915 , -0.52932024    ,-22.4375 , -18.0 , -33.1875
274658  , 6.1700177 , 9.575105 , 6.469665    , -0.47099608 , -0.73092765 , -0.49387002    ,-22.4375 , -18.0 , -33.1875
23895263  , 6.1700177 , 9.575105 , 6.469665    , -0.47099596 , -0.7309275 , -0.49386996    ,-22.6875 , -17.8125 , -33.1875
213623  , 8.853226 , 11.876944 , 8.662541    , -0.5159087 , -0.6921113 , -0.5047968    ,-22.6875 , -17.8125 , -33.1875
244141  , 8.853226 , 11.876944 , 8.662541    , -0.5159088 , -0.6921115 , -0.5047969    ,-23.5 , -17.3125 , -33.4375
213623  , 9.193735 , 10.119919 , 9.575105    , -0.5507896 , -0.6062765 , -0.57363707    ,-23.5 , -17.3125 , -33.4375
26153563  , 9.193735 , 10.119919 , 9.575105    , -0.5507896 , -0.6062766 , -0.5736372    ,-24.25 , -17.0625 , -32.6875
213623  , 6.510526 , 6.0882955 , 9.425281    , -0.5018647 , -0.46931696 , -0.7265489    ,-24.25 , -17.0625 , -32.6875
27343750  , 6.510526 , 6.0882955 , 9.425281    , -0.5018648 , -0.469317 , -0.726549    ,-25.0 , -18.25 , -30.5
213623  , 5.434519 , 5.012288 , 9.847511    , -0.4413344 , -0.4070454 , -0.7997113    ,-25.0 , -18.25 , -30.5
22918700  , 5.434519 , 5.012288 , 9.847511    , -0.44133443 , -0.40704525 , -0.7997112    ,-26.5 , -21.25 , -25.375
213623  , 5.8567495 , 7.4639506 , 10.651112    , -0.4106 , -0.5232763 , -0.7467191    ,-26.5 , -21.25 , -25.375
29296875  , 5.8567495 , 7.4639506 , 10.651112    , -0.41060004 , -0.5232763 , -0.7467191    ,-27.3125 , -24.9375 , -16.5625
213623  , 8.008764 , 10.501288 , 9.275456    , -0.49625182 , -0.65069765 , -0.57474065    ,-27.3125 , -24.9375 , -16.5625
26336671  , 8.008764 , 10.501288 , 9.275456    , -0.49625185 , -0.6506976 , -0.5747407    ,-27.3125 , -27.6875 , -4.5625
244140  , 7.8861814 , 10.337844 , 8.580819    , -0.5062183 , -0.6635918 , -0.5508075    ,-27.3125 , -27.6875 , -4.5625
64270021  , 7.8861814 , 10.337844 , 8.580819    , -0.5062182 , -0.66359174 , -0.5508075    ,-25.25 , -29.4375 , 9.125
274658  , 6.8237944 , 9.656827 , 6.2789803    , -0.50968695 , -0.72129357 , -0.46899337    ,-25.25 , -29.4375 , 9.125
20599366  , 6.8237944 , 9.656827 , 6.2789803    , -0.50968707 , -0.7212937 , -0.46899343    ,-19.1875 , -26.9375 , 22.3125
274658  , 5.012288 , 10.732834 , 1.56634    , -0.41948575 , -0.8982466 , -0.13108929    ,-19.1875 , -26.9375 , 22.3125
27069093  , 5.012288 , 10.732834 , 1.56634    , -0.4194858 , -0.89824677 , -0.1310893    ,-10.25 , -21.5 , 32.5625
244141  , 2.982856 , 9.152874 , -0.42223078    , -0.30955616 , -0.94987106 , 0.04381845    ,-10.25 , -21.5 , 32.5625
24688721  , 2.982856 , 9.152874 , -0.42223078    , -0.30955616 , -0.9498709 , 0.04381845    ,-0.625 , -15.0625 , 39.1875
244140  , 3.568531 , 7.3549876 , -1.6480621    , -0.42790976 , -0.88195145 , 0.19762248    ,-0.625 , -15.0625 , 39.1875
18920898  , 3.568531 , 7.3549876 , -1.6480621    , -0.42790976 , -0.88195145 , 0.19762248    ,8.75 , -7.625 , 42.125
213623  , 2.5333846 , 6.0882955 , -2.4108016    , -0.360819 , -0.86712956 , 0.34336    ,8.75 , -7.625 , 42.125
48828125  , 2.5333846 , 6.0882955 , -2.4108016    , -0.36081895 , -0.86712945 , 0.34336    ,14.875 , -0.9375 , 42.125
213623  , 0.7627395 , 3.7864566 , -1.7297841    , -0.18022463 , -0.8946866 , 0.4087237    ,14.875 , -0.9375 , 42.125
19531250  , 0.7627395 , 3.7864566 , -1.7297841    , -0.18022463 , -0.8946866 , 0.4087237    ,17.625 , 6.0 , 40.875
244141  , -0.27240697 , 1.1849703 , -1.7978859    , 0.12550844 , -0.54596174 , 0.8283557    ,17.625 , 6.0 , 40.875
29510498  , -0.27240697 , 1.1849703 , -1.7978859    , 0.12550847 , -0.54596186 , 0.8283559    ,18.625 , 12.6875 , 38.6875
213623  , -0.3405087 , 1.3075534 , -2.6014864    , 0.11615722 , -0.44604385 , 0.8874413    ,18.625 , 12.6875 , 38.6875
6408691  , -0.3405087 , 1.3075534 , -2.6014864    , 0.11615727 , -0.44604388 , 0.88744146    ,18.375 , 19.125 , 35.75
213623  , -1.7978859 , -0.29964766 , -2.0294318    , 0.65910244 , 0.10985044 , 0.7439869    ,18.375 , 19.125 , 35.75
28930664  , -1.7978859 , -0.29964766 , -2.0294318    , 0.6591025 , 0.109850444 , 0.74398685    ,17.625 , 25.0625 , 32.3125
244140  , -1.2666923 , -1.3756552 , -2.1792557    , 0.44111025 , 0.47905517 , 0.75889915    ,17.625 , 25.0625 , 32.3125
30059814  , -1.2666923 , -1.3756552 , -2.1792557    , 0.44111007 , 0.4790551 , 0.7588993    ,16.625 , 30.0625 , 28.1875
213623  , -0.53119355 , -1.7570249 , -1.607201    , 0.21772426 , 0.72016484 , 0.6587555    ,16.625 , 30.0625 , 28.1875
29357909  , -0.53119355 , -1.7570249 , -1.607201    , 0.21772422 , 0.7201649 , 0.6587554    ,14.875 , 34.5 , 23.5625
305176  , 0.313268 , -3.568531 , -0.9125633    , -0.084743455 , 0.96533835 , 0.24686132    ,14.875 , 34.5 , 23.5625
30792235  , 0.313268 , -3.568531 , -0.9125633    , -0.084743455 , 0.9653382 , 0.24686134    ,12.0625 , 38.75 , 18.375
396729  , -0.0 , -4.630918 , -2.2201166    , 9.313226E-10 , 0.9017297 , 0.43229988    ,12.0625 , 38.75 , 18.375
38024901  , -0.0 , -4.630918 , -2.2201166    , 0.0 , 0.9017298 , 0.43229988    ,8.75 , 41.6875 , 13.75
427246  , 0.6537767 , -4.7943625 , -3.7864566    , -0.10640636 , 0.7803133 , 0.6162702    ,8.75 , 41.6875 , 13.75
57434082  , 0.6537767 , -4.7943625 , -3.7864566    , -0.10640634 , 0.7803133 , 0.6162701    ,3.9375 , 43.9375 , 10.0625
274658  , 2.3426998 , -8.158588 , -3.5276701    , -0.25485927 , 0.8875623 , 0.38377064    ,3.9375 , 43.9375 , 10.0625
11291504  , 2.3426998 , -8.158588 , -3.5276701    , -0.2548593 , 0.8875623 , 0.38377073    ,-0.125 , 44.6875 , 8.375
305176  , 2.070293 , -9.112013 , -6.0474343    , -0.18600309 , 0.8186583 , 0.54332477    ,-0.125 , 44.6875 , 8.375
38757326  , 2.070293 , -9.112013 , -6.0474343    , -0.18600309 , 0.81865823 , 0.5433247    ,-3.9375 , 44.1875 , 10.0625
244141  , 2.982856 , -9.302697 , -9.80665    , -0.2154892 , 0.6720507 , 0.70845765    ,-3.9375 , 44.1875 , 10.0625
39428712  , 2.982856 , -9.302697 , -9.80665    , -0.21548916 , 0.6720507 , 0.7084575    ,-7.75 , 42.6875 , 13.75
274658  , 3.255263 , -9.493382 , -13.293459    , -0.19543567 , 0.56995267 , 0.7980972    ,-7.75 , 42.6875 , 13.75
40405274  , 3.255263 , -9.493382 , -13.293459    , -0.19543569 , 0.56995267 , 0.79809713    ,-11.3125 , 38.0 , 19.625
427246  , 4.2904096 , -5.012288 , -13.715691    , -0.28189138 , 0.32932073 , 0.90115744    ,-11.3125 , 38.0 , 19.625
38848878  , 4.2904096 , -5.012288 , -13.715691    , -0.28189144 , 0.32932082 , 0.9011577    ,-14.875 , 30.3125 , 26.4375
518799  , 6.0882955 , -0.88532263 , -16.04477    , -0.35430273 , 0.05152053 , 0.9337105    ,-14.875 , 30.3125 , 26.4375
39794922  , 6.0882955 , -0.88532263 , -16.04477    , -0.3543027 , 0.05152052 , 0.93371034    ,-19.3125 , 19.125 , 31.25
1159667  , 6.4015636 , 2.8330324 , -16.04477    , -0.36568975 , -0.16183718 , 0.91655856    ,-19.3125 , 19.125 , 31.25
36437988  , 6.4015636 , 2.8330324 , -16.04477    , -0.36568972 , -0.16183718 , 0.9165585    ,-23.8125 , 6.625 , 33.1875
274658  , 6.782933 , 7.43671 , -12.489859    , -0.4228533 , -0.46361023 , 0.77862746    ,-23.8125 , 6.625 , 33.1875
39825439  , 6.782933 , 7.43671 , -12.489859    , -0.4228532 , -0.4636101 , 0.7786273    ,-26.3125 , -5.75 , 30.0
244141  , 9.302697 , 8.730643 , -12.026767    , -0.530581 , -0.49795383 , 0.68594897    ,-26.3125 , -5.75 , 30.0
29663085  , 9.302697 , 8.730643 , -12.026767    , -0.5305811 , -0.4979539 , 0.68594897    ,-28.625 , -15.6875 , 23.625
427246  , 9.656827 , 13.402422 , -10.991621    , -0.48669225 , -0.6754657 , 0.5539644    ,-28.625 , -15.6875 , 23.625
39276122  , 9.656827 , 13.402422 , -10.991621    , -0.48669228 , -0.6754657 , 0.5539643    ,-29.625 , -22.625 , 16.3125
396728  , 11.413852 , 14.015338 , -8.19945    , -0.57506764 , -0.706139 , 0.41311544    ,-29.625 , -22.625 , 16.3125
39215087  , 11.413852 , 14.015338 , -8.19945    , -0.57506776 , -0.70613927 , 0.4131155    ,-29.9375 , -28.6875 , 8.3125
427246  , 11.264028 , 12.639683 , -4.099725    , -0.6466241 , -0.7255952 , 0.23534915    ,-29.9375 , -28.6875 , 8.3125
39215087  , 11.264028 , 12.639683 , -4.099725    , -0.6466239 , -0.725595 , 0.23534924    ,-28.9375 , -31.6875 , 0.875
488281  , 8.158588 , 12.108489 , -2.4108016    , -0.55131894 , -0.8182346 , 0.1629106    ,-28.9375 , -31.6875 , 0.875
39062500  , 8.158588 , 12.108489 , -2.4108016    , -0.5513189 , -0.8182345 , 0.16291058    ,-26.125 , -33.625 , -5.0
518798  , 6.469665 , 9.343558 , -0.61291564    , -0.5684461 , -0.8209559 , 0.05385279    ,-26.125 , -33.625 , -5.0
39398195  , 6.469665 , 9.343558 , -0.61291564    , -0.5684462 , -0.820956 , 0.05385281    ,-22.625 , -36.4375 , -7.8125
488281  , 3.9090397 , 7.4639506 , -0.53119355    , -0.46302727 , -0.8841078 , 0.06292007    ,-22.625 , -36.4375 , -7.8125
38208010  , 3.9090397 , 7.4639506 , -0.53119355    , -0.46302724 , -0.8841079 , 0.06292009    ,-18.125 , -39.125 , -5.9375
488281  , 1.4165162 , 5.829509 , 1.334794    , -0.23048371 , -0.94852906 , -0.21718659    ,-18.125 , -39.125 , -5.9375
39123536  , 1.4165162 , 5.829509 , 1.334794    , -0.23048373 , -0.9485291 , -0.21718656    ,-11.8125 , -41.3125 , 0.6875
488281  , 0.6946377 , 4.944186 , 2.152015    , -0.12776622 , -0.9093947 , -0.3958247    ,-11.8125 , -41.3125 , 0.6875
57189942  , 0.6946377 , 4.944186 , 2.152015    , -0.1277662 , -0.9093948 , -0.39582473    ,-4.625 , -41.6875 , 9.0625
518799  , -0.53119355 , 4.2904096 , 0.8036005    , 0.12080211 , -0.9757093 , -0.1827519    ,-4.625 , -41.6875 , 9.0625
51757813  , -0.53119355 , 4.2904096 , 0.8036005    , 0.12080212 , -0.9757094 , -0.18275192    ,3.0 , -38.9375 , 18.0625
305176  , -0.3405087 , 2.6832085 , 0.6537767    , 0.12236979 , -0.96427387 , -0.23494998    ,3.0 , -38.9375 , 18.0625
15258790  , -0.3405087 , 2.6832085 , 0.6537767    , 0.12236978 , -0.9642738 , -0.23494999    ,9.8125 , -33.6875 , 25.5
274658  , -1.607201 , 1.7978859 , 0.9942854    , 0.6161479 , -0.68925023 , -0.38117632    ,9.8125 , -33.6875 , 25.5
28594971  , -1.607201 , 1.7978859 , 0.9942854    , 0.61614805 , -0.68925035 , -0.3811763    ,14.5 , -25.875 , 31.375
213623  , -1.525479 , 0.27240697 , -0.040861044    , 0.98408556 , -0.17572957 , 0.026359454    ,14.5 , -25.875 , 31.375
25054931  , -1.525479 , 0.27240697 , -0.040861044    , 0.98408544 , -0.17572956 , 0.026359439    ,17.3125 , -18.4375 , 36.25
59509276  , -1.2666923 , 0.23154591 , -0.5720546    , 0.89898086 , -0.16432984 , 0.40599138    ,17.3125 , -18.4375 , 36.25
11047363  , -1.2666923 , 0.23154591 , -0.5720546    , 0.8989809 , -0.16432984 , 0.40599144    ,17.8125 , -11.5 , 38.5
5706787  , -1.1168685 , -0.50395286 , -0.50395286    , 0.84299 , 0.38037354 , 0.38037354    ,17.8125 , -11.5 , 38.5
305176  , -1.1168685 , -0.50395286 , -0.50395286    , 0.84299004 , 0.3803735 , 0.38037354    ,17.5625 , -4.3125 , 40.9375
213623  , -0.7627395 , -2.2201166 , -1.2258313    , 0.28801394 , 0.8383262 , 0.4628795    ,17.5625 , -4.3125 , 40.9375
14251708  , -0.7627395 , -2.2201166 , -1.2258313    , 0.28801385 , 0.83832604 , 0.46287942    ,16.0625 , 2.125 , 41.6875
244141  , -0.7627395 , -3.445948 , -2.7240696    , 0.1710811 , 0.77291995 , 0.61100394    ,16.0625 , 2.125 , 41.6875
45135496  , -0.7627395 , -3.445948 , -2.7240696    , 0.17108114 , 0.77291995 , 0.611004    ,13.75 , 8.0625 , 41.4375
244140  , -1.879608 , -3.255263 , -3.5957718    , 0.3613346 , 0.6257896 , 0.6912488    ,13.75 , 8.0625 , 41.4375
26550292  , -1.879608 , -3.255263 , -3.5957718    , 0.3613345 , 0.62578946 , 0.6912487    ,11.125 , 14.25 , 40.5625
1739502  , -0.6537767 , -4.671779 , -4.8216033    , 0.09692146 , 0.6925845 , 0.7147957    ,11.125 , 14.25 , 40.5625
14221191  , -0.6537767 , -4.671779 , -4.8216033    , 0.096921444 , 0.6925845 , 0.71479577    ,8.0 , 19.1875 , 38.375
213623  , -0.7218784 , -4.440233 , -5.5571017    , 0.10096629 , 0.621038 , 0.77725005    ,8.0 , 19.1875 , 38.375
20690919  , -0.7218784 , -4.440233 , -5.5571017    , 0.10096631 , 0.6210381 , 0.77725005    ,5.1875 , 23.6875 , 36.4375
244141  , -0.0 , -5.134871 , -6.1291566    , 1.4901161E-8 , 0.6421929 , 0.76654327    ,5.1875 , 23.6875 , 36.4375
39459230  , -0.0 , -5.134871 , -6.1291566    , 0.0 , 0.64219284 , 0.7665432    ,2.4375 , 27.875 , 34.9375
213623  , 2.152015 , -6.891896 , -6.4015636    , -0.22302243 , 0.7142363 , 0.66342115    ,2.4375 , 27.875 , 34.9375
30303956  , 2.152015 , -6.891896 , -6.4015636    , -0.22302246 , 0.7142364 , 0.6634212    ,0.125 , 30.625 , 34.25
396728  , 2.8330324 , -8.117727 , -7.7363577    , -0.24494256 , 0.7018548 , 0.66888165    ,0.125 , 30.625 , 34.25
38848878  , 2.8330324 , -8.117727 , -7.7363577    , -0.24494264 , 0.70185477 , 0.66888183    ,-2.9375 , 32.3125 , 34.5
488281  , 3.173541 , -8.240311 , -9.043911    , -0.25107378 , 0.65192974 , 0.7155065    ,-2.9375 , 32.3125 , 34.5
38818361  , 3.173541 , -8.240311 , -9.043911    , -0.2510738 , 0.6519298 , 0.7155065    ,-6.75 , 31.375 , 35.6875
732422  , 4.399372 , -7.6954966 , -10.147159    , -0.32651603 , 0.57115036 , 0.7531097    ,-6.75 , 31.375 , 35.6875
38848878  , 4.399372 , -7.6954966 , -10.147159    , -0.32651612 , 0.57115054 , 0.75311    ,-10.5625 , 27.0625 , 37.4375
488281  , 4.5219555 , -7.3549876 , -14.628253    , -0.26621407 , 0.4329988 , 0.86118644    ,-10.5625 , 27.0625 , 37.4375
39428711  , 4.5219555 , -7.3549876 , -14.628253    , -0.26621407 , 0.4329989 , 0.8611865    ,-16.125 , 20.375 , 39.375
488281  , 3.214402 , -2.3699405 , -17.24336    , -0.1816068 , 0.13389653 , 0.97421277    ,-16.125 , 20.375 , 39.375
38452148  , 3.214402 , -2.3699405 , -17.24336    , -0.18160677 , 0.13389653 , 0.9742127    ,-21.9375 , 10.5 , 39.625
518799  , 7.6954966 , -0.29964766 , -16.43976    , -0.42389548 , 0.016505674 , 0.90556085    ,-21.9375 , 10.5 , 39.625
39245605  , 7.6954966 , -0.29964766 , -16.43976    , -0.42389545 , 0.016505674 , 0.90556073    ,-26.875 , -0.625 , 36.0
488281  , 7.8180795 , 3.5957718 , -17.393185    , -0.40287882 , -0.18529622 , 0.8963002    ,-26.875 , -0.625 , 36.0
38726806  , 7.8180795 , 3.5957718 , -17.393185    , -0.40287888 , -0.18529621 , 0.89630026    ,-32.25 , -11.75 , 28.9375
488281  , 8.62168 , 6.891896 , -13.102775    , -0.5032425 , -0.40227595 , 0.7648013    ,-32.25 , -11.75 , 28.9375
39001464  , 8.62168 , 6.891896 , -13.102775    , -0.50324243 , -0.40227595 , 0.7648013    ,-35.8125 , -22.1875 , 18.625
488281  , 10.501288 , 10.419566 , -11.9450445    , -0.5522954 , -0.54799736 , 0.628227    ,-35.8125 , -22.1875 , 18.625
38879394  , 10.501288 , 10.419566 , -11.9450445    , -0.55229527 , -0.5479972 , 0.6282269    ,-36.8125 , -29.125 , 6.4375
488281  , 11.876944 , 9.847511 , -9.275456    , -0.6597597 , -0.5470255 , 0.5152481    ,-36.8125 , -29.125 , 6.4375
38787840  , 11.876944 , 9.847511 , -9.275456    , -0.6597597 , -0.54702544 , 0.51524806    ,-35.5625 , -33.3125 , -5.3125
488281  , 8.308413 , 10.732834 , -6.1291566    , -0.5578881 , -0.7206816 , 0.41155675    ,-35.5625 , -33.3125 , -5.3125
45654300  , 8.308413 , 10.732834 , -6.1291566    , -0.557888 , -0.7206815 , 0.4115567    ,-32.5 , -34.3125 , -14.875
518799  , 8.580819 , 10.651112 , -2.7513103    , -0.6150432 , -0.76343447 , 0.19720432    ,-32.5 , -34.3125 , -14.875
32775880  , 8.580819 , 10.651112 , -2.7513103    , -0.6150432 , -0.7634345 , 0.19720434    ,-27.9375 , -34.3125 , -22.1875
213623  , 6.66035 , 9.084772 , -0.42223078    , -0.59084404 , -0.80591613 , 0.03745637    ,-27.9375 , -34.3125 , -22.1875
52673342  , 6.66035 , 9.084772 , -0.42223078    , -0.59084386 , -0.80591595 , 0.037456363    ,-23.625 , -35.0625 , -25.625
244141  , 4.5219555 , 8.049625 , -0.27240697    , -0.48955777 , -0.8714719 , 0.029491436    ,-23.625 , -35.0625 , -25.625
5340577  , 4.5219555 , 8.049625 , -0.27240697    , -0.48955783 , -0.87147194 , 0.02949144    ,-18.75 , -37.0625 , -26.125
305176  , 2.9556155 , 7.3958488 , 0.88532263    , -0.3688242 , -0.9229104 , -0.11047733    ,-18.75 , -37.0625 , -26.125
38452149  , 2.9556155 , 7.3958488 , 0.88532263    , -0.36882424 , -0.92291045 , -0.11047731    ,-14.4375 , -40.25 , -24.125
244140  , 3.214402 , 7.3549876 , 2.9147544    , -0.37641323 , -0.8612845 , -0.34132382    ,-14.4375 , -40.25 , -24.125
29327393  , 3.214402 , 7.3549876 , 2.9147544    , -0.37641323 , -0.86128443 , -0.34132385    ,-10.375 , -43.5 , -19.75
244140  , 2.7240696 , 6.2789803 , 2.7240696    , -0.3697869 , -0.8523587 , -0.36978686    ,-10.375 , -43.5 , -19.75
29602051  , 2.7240696 , 6.2789803 , 2.7240696    , -0.36978686 , -0.85235864 , -0.3697869    ,-5.8125 , -46.25 , -13.875
213623  , 0.9942854 , 5.5162406 , 1.7570249    , -0.16926701 , -0.9390838 , -0.2991155    ,-5.8125 , -46.25 , -13.875
29022217  , 0.9942854 , 5.5162406 , 1.7570249    , -0.16926697 , -0.93908393 , -0.29911566    ,-1.25 , -47.1875 , -7.75
244141  , 0.14982383 , 5.09401 , 1.3075534    , -0.028476685 , -0.96820736 , -0.2485238    ,-1.25 , -47.1875 , -7.75
30090332  , 0.14982383 , 5.09401 , 1.3075534    , -0.028476678 , -0.9682071 , -0.24852377    ,3.5625 , -47.4375 , -1.1875
244141  , -0.14982383 , 4.903325 , 1.607201    , 0.02902335 , -0.94985485 , -0.31134132    ,3.5625 , -47.4375 , -1.1875
29266357  , -0.14982383 , 4.903325 , 1.607201    , 0.029023342 , -0.94985473 , -0.3113413    ,7.875 , -46.4375 , 5.1875
213623  , -0.9125633 , 4.399372 , 1.7978859    , 0.18857014 , -0.9090768 , -0.37151125    ,7.875 , -46.4375 , 5.1875
29693603  , -0.9125633 , 4.399372 , 1.7978859    , 0.18857016 , -0.90907675 , -0.37151125    ,12.6875 , -44.5 , 10.8125
244141  , -1.1441092 , 3.5276701 , 1.607201    , 0.28306586 , -0.8727864 , -0.3976401    ,12.6875 , -44.5 , 10.8125
29693603  , -1.1441092 , 3.5276701 , 1.607201    , 0.28306586 , -0.8727863 , -0.39764008    ,16.75 , -41.5 , 16.1875
213623  , -2.2609777 , 2.3018389 , 0.84446156    , 0.6779126 , -0.690164 , -0.25319627    ,16.75 , -41.5 , 16.1875
31097411  , -2.2609777 , 2.3018389 , 0.84446156    , 0.67791253 , -0.69016397 , -0.25319624    ,21.0625 , -37.5625 , 20.625
244140  , -2.9556155 , 1.4573772 , -0.38136974    , 0.89094687 , -0.4393148 , 0.11496088    ,21.0625 , -37.5625 , 20.625
37536620  , -2.9556155 , 1.4573772 , -0.38136974    , 0.890947 , -0.4393149 , 0.11496091    ,25.125 , -32.5625 , 24.25
213623  , -1.3756552 , 0.38136974 , -1.56634    , 0.64911854 , -0.17995362 , 0.7390952    ,25.125 , -32.5625 , 24.25
29296874  , -1.3756552 , 0.38136974 , -1.56634    , 0.6491186 , -0.17995363 , 0.7390952    ,28.125 , -25.9375 , 27.9375
213623  , -1.6889231 , -0.14982383 , -2.4925237    , 0.56025493 , 0.04970003 , 0.8268279    ,28.125 , -25.9375 , 27.9375
30456542  , -1.6889231 , -0.14982383 , -2.4925237    , 0.56025493 , 0.049700037 , 0.8268279    ,29.375 , -20.25 , 31.375
396729  , -1.7978859 , -0.19068487 , -3.173541    , 0.49224615 , 0.052207947 , 0.868889    ,29.375 , -20.25 , 31.375
39520265  , -1.7978859 , -0.19068487 , -3.173541    , 0.4922461 , 0.052207917 , 0.868889    ,29.4375 , -13.3125 , 34.4375
427246  , -1.1168685 , -1.2258313 , -3.5276701    , 0.2865224 , 0.31447577 , 0.9049914    ,29.4375 , -13.3125 , 34.4375
38269045  , -1.1168685 , -1.2258313 , -3.5276701    , 0.28652242 , 0.3144758 , 0.90499157    ,28.4375 , -5.875 , 37.125
396729  , -2.2609777 , -2.4516625 , -2.4516625    , 0.54622996 , 0.59229755 , 0.59229755    ,28.4375 , -5.875 , 37.125
43975830  , -2.2609777 , -2.4516625 , -2.4516625    , 0.54622996 , 0.59229755 , 0.59229755    ,28.1875 , 2.0625 , 37.5625
427247  , -1.1441092 , -4.4810944 , -4.1814466    , 0.18350151 , 0.71871424 , 0.6706543    ,28.1875 , 2.0625 , 37.5625
35430909  , -1.1441092 , -4.4810944 , -4.1814466    , 0.18350151 , 0.7187142 , 0.6706543    ,26.5625 , 11.875 , 36.6875
946045  , -0.61291564 , -5.706926 , -5.284695    , 0.07855788 , 0.7314609 , 0.67734325    ,26.5625 , 11.875 , 36.6875
39398194  , -0.61291564 , -5.706926 , -5.284695    , 0.07855782 , 0.73146075 , 0.6773432    ,25.5625 , 20.8125 , 34.0
274658  , -0.42223078 , -7.082581 , -6.238119    , 0.044692308 , 0.7496774 , 0.66029274    ,25.5625 , 20.8125 , 34.0
38238525  , -0.42223078 , -7.082581 , -6.238119    , 0.044692308 , 0.74967736 , 0.6602927    ,23.625 , 27.3125 , 31.125
335694  , 2.1111538 , -9.724928 , -7.5456724    , -0.1690447 , 0.7786963 , 0.6041985    ,23.625 , 27.3125 , 31.125
39581299  , 2.1111538 , -9.724928 , -7.5456724    , -0.16904475 , 0.7786965 , 0.60419863    ,20.8125 , 32.75 , 29.375
427246  , 3.336985 , -10.760075 , -9.656827    , -0.22489312 , 0.72516555 , 0.65081316    ,20.8125 , 32.75 , 29.375
38269043  , 3.336985 , -10.760075 , -9.656827    , -0.22489318 , 0.7251657 , 0.6508133    ,18.25 , 35.0 , 29.875
63293455  , 3.405087 , -9.956474 , -11.372991    , -0.219765 , 0.6425929 , 0.73401517    ,18.25 , 35.0 , 29.875
305176  , 3.405087 , -9.956474 , -11.372991    , -0.21976493 , 0.64259267 , 0.73401487    ,14.4375 , 33.4375 , 32.5625
213623  , 3.3778462 , -7.205164 , -11.264028    , -0.24492419 , 0.52243906 , 0.81674325    ,14.4375 , 33.4375 , 32.5625
15228272  , 3.3778462 , -7.205164 , -11.264028    , -0.24492419 , 0.522439 , 0.81674314    ,10.25 , 29.1875 , 36.3125
274658  , 2.5606253 , -3.255263 , -12.176591    , -0.19908947 , 0.2530978 , 0.94673395    ,10.25 , 29.1875 , 36.3125
29083251  , 2.5606253 , -3.255263 , -12.176591    , -0.19908944 , 0.25309777 , 0.94673383    ,6.75 , 21.75 , 40.4375
213623  , 5.938472 , -1.3756552 , -12.789507    , -0.41914973 , 0.09709661 , 0.9027102    ,6.75 , 21.75 , 40.4375
29541015  , 5.938472 , -1.3756552 , -12.789507    , -0.41914976 , 0.09709663 , 0.90271014    ,2.8125 , 12.75 , 43.5
305175  , 8.430995 , -1.2666923 , -11.727119    , -0.58150125 , 0.08736609 , 0.80884093    ,2.8125 , 12.75 , 43.5
39672852  , 8.430995 , -1.2666923 , -11.727119    , -0.5815012 , 0.0873661 , 0.80884093    ,-1.25 , 3.75 , 44.375
366211  , 8.240311 , 2.1111538 , -11.454713    , -0.57754594 , -0.1479663 , 0.8028366    ,-1.25 , 3.75 , 44.375
29663087  , 8.240311 , 2.1111538 , -11.454713    , -0.57754594 , -0.1479663 , 0.8028366    ,-5.5625 , -5.9375 , 43.125
518799  , 10.651112 , 6.0474343 , -12.408136    , -0.61090374 , -0.3468558 , 0.7116794    ,-5.5625 , -5.9375 , 43.125
38177492  , 10.651112 , 6.0474343 , -12.408136    , -0.61090374 , -0.34685588 , 0.7116795    ,-10.6875 , -15.125 , 39.75
244140  , 12.762266 , 6.469665 , -10.800936    , -0.71188533 , -0.3608811 , 0.6024814    ,-10.6875 , -15.125 , 39.75
30639649  , 12.762266 , 6.469665 , -10.800936    , -0.7118855 , -0.3608811 , 0.6024815    ,-13.4375 , -24.0625 , 32.875
427246  , 10.378705 , 9.384419 , -10.923519    , -0.5846734 , -0.52866143 , 0.61536497    ,-13.4375 , -24.0625 , 32.875
38909913  , 10.378705 , 9.384419 , -10.923519    , -0.5846734 , -0.52866143 , 0.61536497    ,-15.0 , -32.0 , 25.3125
488282  , 9.615966 , 11.032481 , -9.466142    , -0.55170375 , -0.6329745 , 0.54310775    ,-15.0 , -32.0 , 25.3125
38818360  , 9.615966 , 11.032481 , -9.466142    , -0.55170375 , -0.63297457 , 0.54310787    ,-14.4375 , -37.9375 , 16.5
488281  , 10.841797 , 11.917805 , -7.205164    , -0.61429524 , -0.67526174 , 0.40824395    ,-14.4375 , -37.9375 , 16.5
39093018  , 10.841797 , 11.917805 , -7.205164    , -0.61429524 , -0.67526186 , 0.40824395    ,-12.1875 , -41.875 , 7.6875
488282  , 9.425281 , 12.14935 , -5.284695    , -0.5796792 , -0.7472165 , 0.3250225    ,-12.1875 , -41.875 , 7.6875
39031982  , 9.425281 , 12.14935 , -5.284695    , -0.57967925 , -0.7472167 , 0.32502252    ,-9.375 , -43.875 , 1.125
488282  , 6.932757 , 9.997335 , -2.6832085    , -0.5564765 , -0.8024632 , 0.21537499    ,-9.375 , -43.875 , 1.125
38970947  , 6.932757 , 9.997335 , -2.6832085    , -0.5564766 , -0.80246323 , 0.21537496    ,-5.5625 , -45.125 , -3.3125
488282  , 4.0588636 , 9.656827 , -0.6537767    , -0.3867231 , -0.92008966 , 0.062290967    ,-5.5625 , -45.125 , -3.3125
39276122  , 4.0588636 , 9.656827 , -0.6537767    , -0.3867231 , -0.9200896 , 0.062290974    ,-0.75 , -45.375 , -4.25
488282  , 2.1792557 , 6.4015636 , 0.040861044    , -0.32225788 , -0.9466325 , -0.006042339    ,-0.75 , -45.375 , -4.25
39001464  , 2.1792557 , 6.4015636 , 0.040861044    , -0.32225785 , -0.94663244 , -0.006042337    ,5.0625 , -44.625 , -1.375
488281  , 1.2666923 , 5.175732 , 0.23154591    , -0.23749694 , -0.97041774 , -0.043413423    ,5.0625 , -44.625 , -1.375
38482665  , 1.2666923 , 5.175732 , 0.23154591    , -0.23749696 , -0.97041774 , -0.043413423    ,11.9375 , -43.125 , 4.0625
518799  , 0.23154591 , 5.6660647 , 0.6946377    , -0.040528376 , -0.9917533 , -0.12158512    ,11.9375 , -43.125 , 4.0625
38940428  , 0.23154591 , 5.6660647 , 0.6946377    , -0.040528383 , -0.9917533 , -0.12158514    ,17.6875 , -39.6875 , 11.4375
488282  , -0.5720546 , 4.7943625 , 0.61291564    , 0.11753461 , -0.98505193 , -0.12592992    ,17.6875 , -39.6875 , 11.4375
39337157  , -0.5720546 , 4.7943625 , 0.61291564    , 0.11753462 , -0.985052 , -0.12592992    ,22.875 , -34.625 , 17.875
488282  , -1.3756552 , 4.2086873 , 0.5720546    , 0.30812454 , -0.94267786 , -0.128131    ,22.875 , -34.625 , 17.875
38574220  , -1.3756552 , 4.2086873 , 0.5720546    , 0.30812457 , -0.942678 , -0.12813102    ,26.9375 , -28.625 , 22.25
488281  , -1.4165162 , 2.6423476 , 0.95342433    , 0.4502545 , -0.8398977 , -0.30305588    ,26.9375 , -28.625 , 22.25
38818361  , -1.4165162 , 2.6423476 , 0.95342433    , 0.45025444 , -0.83989775 , -0.30305585    ,29.75 , -21.9375 , 25.6875
488281  , -1.1168685 , 1.1441092 , 0.19068487    , 0.69362116 , -0.7105388 , -0.11842311    ,29.75 , -21.9375 , 25.6875
39276124  , -1.1168685 , 1.1441092 , 0.19068487    , 0.69362134 , -0.710539 , -0.118423134    ,31.5625 , -15.25 , 27.625
488281  , -1.0760075 , -0.42223078 , -1.2258313    , 0.6386354 , 0.25060377 , 0.7275593    ,31.5625 , -15.25 , 27.625
68939210  , -1.0760075 , -0.42223078 , -1.2258313    , 0.6386354 , 0.2506038 , 0.7275593    ,32.0625 , -8.0625 , 30.0625
244140  , -0.42223078 , -2.8738933 , -2.7240696    , 0.106028885 , 0.7216807 , 0.6840576    ,32.0625 , -8.0625 , 30.0625
244140  , -0.42223078 , -2.8738933 , -2.7240696    , 0.106028885 , 0.72168064 , 0.6840576    ,31.5625 , -0.375 , 30.5625
213624  , -1.8387469 , -2.6423476 , -3.8681788    , 0.3653763 , 0.5250593 , 0.7686435    ,31.5625 , -0.375 , 30.5625
28015137  , -1.8387469 , -2.6423476 , -3.8681788    , 0.36537623 , 0.5250592 , 0.7686434    ,30.0 , 7.5625 , 31.3125
1037598  , -3.3642259 , -2.4108016 , -3.718355    , 0.60466075 , 0.43329936 , 0.6683092    ,30.0 , 7.5625 , 31.3125
38421631  , -3.3642259 , -2.4108016 , -3.718355    , 0.6046607 , 0.43329936 , 0.6683092    ,28.5 , 14.75 , 30.8125
213623  , -1.6889231 , -3.5957718 , -3.9771416    , 0.30044737 , 0.63966215 , 0.7075051    ,28.5 , 14.75 , 30.8125
29998779  , -1.6889231 , -3.5957718 , -3.9771416    , 0.30044743 , 0.63966227 , 0.7075053    ,26.1875 , 21.9375 , 27.625
427246  , -1.1849703 , -3.8273177 , -3.7864566    , 0.2149531 , 0.69427377 , 0.68686163    ,26.1875 , 21.9375 , 27.625
39337158  , -1.1849703 , -3.8273177 , -3.7864566    , 0.21495314 , 0.69427395 , 0.68686175    ,23.9375 , 27.875 , 23.9375
488282  , -0.7218784 , -5.012288 , -4.099725    , 0.11079382 , 0.76928544 , 0.62922525    ,23.9375 , 27.875 , 23.9375
38940429  , -0.7218784 , -5.012288 , -4.099725    , 0.11079386 , 0.7692856 , 0.6292255    ,21.125 , 32.8125 , 20.5625
518799  , 1.0760075 , -7.205164 , -5.7886477    , -0.11563918 , 0.77434325 , 0.62210935    ,21.125 , 32.8125 , 20.5625
39062499  , 1.0760075 , -7.205164 , -5.7886477    , -0.115639165 , 0.7743433 , 0.6221095    ,16.4375 , 37.5 , 17.0
488281  , 2.0294318 , -8.730643 , -8.349273    , -0.16567317 , 0.7127281 , 0.6815948    ,16.4375 , 37.5 , 17.0
39154051  , 2.0294318 , -8.730643 , -8.349273    , -0.16567312 , 0.7127281 , 0.68159485    ,12.375 , 39.9375 , 16.0
488281  , 1.7297841 , -8.880466 , -9.615966    , -0.13101357 , 0.67260504 , 0.72831166    ,12.375 , 39.9375 , 16.0
38970947  , 1.7297841 , -8.880466 , -9.615966    , -0.1310136 , 0.67260516 , 0.7283118    ,7.5625 , 41.9375 , 16.25
488281  , 2.1792557 , -9.425281 , -11.917805    , -0.14197208 , 0.61402917 , 0.7764097    ,7.5625 , 41.9375 , 16.25
38726808  , 2.1792557 , -9.425281 , -11.917805    , -0.1419721 , 0.6140292 , 0.7764098    ,4.0 , 42.4375 , 17.0
488282  , 1.607201 , -8.499097 , -13.988097    , -0.09772347 , 0.516775 , 0.8505255    ,4.0 , 42.4375 , 17.0
40039064  , 1.607201 , -8.499097 , -13.988097    , -0.09772349 , 0.516775 , 0.8505255    ,2.3125 , 41.75 , 18.5
1434326  , 1.1441092 , -6.932757 , -14.818938    , -0.06976105 , 0.42271882 , 0.90357184    ,2.3125 , 41.75 , 18.5
39184572  , 1.1441092 , -6.932757 , -14.818938    , -0.06976108 , 0.42271882 , 0.9035719    ,1.9375 , 38.9375 , 22.625
274658  , 0.6537767 , -1.8387469 , -16.88923    , -0.038453825 , 0.10815139 , 0.99339056    ,1.9375 , 38.9375 , 22.625
36132813  , 0.6537767 , -1.8387469 , -16.88923    , -0.038453825 , 0.10815139 , 0.99339056    ,1.8125 , 32.0 , 28.8125
274658  , 4.7535014 , -1.0760075 , -19.381754    , -0.23785172 , 0.053840354 , 0.9698081    ,1.8125 , 32.0 , 28.8125
40069580  , 4.7535014 , -1.0760075 , -19.381754    , -0.2378518 , 0.053840384 , 0.9698082    ,-1.1875 , 20.3125 , 34.4375
396728  , 3.636633 , 8.008764 , -17.815414    , -0.18303573 , -0.40308994 , 0.8966695    ,-1.1875 , 20.3125 , 34.4375
39306641  , 3.636633 , 8.008764 , -17.815414    , -0.18303575 , -0.40308997 , 0.8966696    ,-5.25 , 5.8125 , 37.4375
427246  , 4.7535014 , 11.536434 , -14.7916975    , -0.24564031 , -0.5961528 , 0.76437074    ,-5.25 , 5.8125 , 37.4375
39184570  , 4.7535014 , 11.536434 , -14.7916975    , -0.24564037 , -0.5961527 , 0.7643706    ,-11.9375 , -9.375 , 34.875
488281  , 7.6954966 , 11.223166 , -10.991621    , -0.43992522 , -0.6415901 , 0.6283535    ,-11.9375 , -9.375 , 34.875
39154052  , 7.6954966 , 11.223166 , -10.991621    , -0.43992525 , -0.64159006 , 0.6283534    ,-17.5 , -21.75 , 27.5625
488281  , 7.7772183 , 13.021052 , -6.2108784    , -0.47453126 , -0.7944867 , 0.37896016    ,-17.5 , -21.75 , 27.5625
38787841  , 7.7772183 , 13.021052 , -6.2108784    , -0.47453135 , -0.79448664 , 0.37896013    ,-19.9375 , -30.0 , 19.0625
488281  , 5.8976107 , 12.489859 , -3.718355    , -0.4123048 , -0.87317204 , 0.259952    ,-19.9375 , -30.0 , 19.0625
39398192  , 5.8976107 , 12.489859 , -3.718355    , -0.41230488 , -0.87317216 , 0.25995207    ,-19.625 , -35.625 , 11.9375
457764  , 5.5162406 , 10.419566 , -1.6480621    , -0.46338204 , -0.8752773 , 0.13844256    ,-19.625 , -35.625 , 11.9375
38818358  , 5.5162406 , 10.419566 , -1.6480621    , -0.46338215 , -0.87527746 , 0.1384426    ,-16.0625 , -39.3125 , 8.0
518799  , 2.4925237 , 10.651112 , -0.38136974    , -0.22772102 , -0.9731029 , 0.03484256    ,-16.0625 , -39.3125 , 8.0
38970946  , 2.4925237 , 10.651112 , -0.38136974    , -0.22772104 , -0.973103 , 0.034842562    ,-10.3125 , -41.5625 , 8.125
488282  , 2.7240696 , 8.008764 , 0.95342433    , -0.31999227 , -0.9407771 , -0.11199728    ,-10.3125 , -41.5625 , 8.125
74340822  , 2.7240696 , 8.008764 , 0.95342433    , -0.31999224 , -0.9407772 , -0.11199731    ,-4.375 , -41.8125 , 11.6875
244140  , 2.1111538 , 6.510526 , 1.607201    , -0.30028778 , -0.9260487 , -0.22860616    ,-4.375 , -41.8125 , 11.6875
244141  , 2.1111538 , 6.510526 , 1.607201    , -0.3002878 , -0.92604893 , -0.22860621    ,1.25 , -39.875 , 17.625
244141  , 0.61291564 , 5.134871 , 0.040861044    , -0.11851839 , -0.9929207 , -0.007901218    ,1.25 , -39.875 , 17.625
22583008  , 0.61291564 , 5.134871 , 0.040861044    , -0.11851835 , -0.9929204 , -0.007901218    ,6.1875 , -35.75 , 24.0625
244141  , 0.14982383 , 3.718355 , 0.84446156    , -0.039262176 , -0.97441596 , -0.22129592    ,6.1875 , -35.75 , 24.0625
39184572  , 0.14982383 , 3.718355 , 0.84446156    , -0.039262183 , -0.974416 , -0.22129595    ,10.1875 , -29.1875 , 30.1875
213623  , 0.7218784 , 2.3426998 , 1.6889231    , -0.24249502 , -0.7869649 , -0.5673469    ,10.1875 , -29.1875 , 30.1875
29418946  , 0.7218784 , 2.3426998 , 1.6889231    , -0.24249496 , -0.7869648 , -0.5673467    ,13.5 , -21.1875 , 35.3125
274659  , -0.42223078 , 0.84446156 , 2.7240696    , 0.14645305 , -0.2929061 , -0.94485843    ,13.5 , -21.1875 , 35.3125
29632569  , -0.42223078 , 0.84446156 , 2.7240696    , 0.14645305 , -0.2929061 , -0.9448583    ,15.8125 , -12.75 , 37.75
305176  , -0.3405087 , -0.3405087 , 1.879608    , 0.17549154 , 0.17549156 , -0.9687132    ,15.8125 , -12.75 , 37.75
30273438  , -0.3405087 , -0.3405087 , 1.879608    , 0.17549154 , 0.17549156 , -0.9687134    ,16.8125 , -4.5625 , 39.5
396729  , -1.7297841 , -1.2666923 , 0.19068487    , 0.80363667 , 0.5884899 , -0.08858987    ,16.8125 , -4.5625 , 39.5
38818360  , -1.7297841 , -1.2666923 , 0.19068487    , 0.8036365 , 0.5884897 , -0.08858986    ,16.3125 , 2.375 , 40.25
427246  , -1.1849703 , -3.568531 , -1.56634    , 0.2909097 , 0.8760729 , 0.38453582    ,16.3125 , 2.375 , 40.25
38818359  , -1.1849703 , -3.568531 , -1.56634    , 0.2909097 , 0.8760728 , 0.3845358    ,14.75 , 9.125 , 38.6875
427246  , -2.3699405 , -4.3312707 , -0.27240697    , 0.47928247 , 0.8759301 , 0.055089936    ,14.75 , 9.125 , 38.6875
39703368  , -2.3699405 , -4.3312707 , -0.27240697    , 0.47928244 , 0.87592995 , 0.055089936    ,11.5625 , 16.0625 , 36.9375
488281  , -1.879608 , -5.8976107 , 0.7627395    , 0.3013783 , 0.9456289 , -0.122298434    ,11.5625 , 16.0625 , 36.9375
38543701  , -1.879608 , -5.8976107 , 0.7627395    , 0.30137828 , 0.945629 , -0.122298434    ,7.8125 , 22.75 , 34.4375
488281  , -0.46309182 , -5.597963 , -2.5606253    , 0.07501643 , 0.90681636 , 0.41479674    ,7.8125 , 22.75 , 34.4375
39123534  , -0.46309182 , -5.597963 , -2.5606253    , 0.07501643 , 0.9068163 , 0.41479674    ,2.25 , 28.4375 , 31.9375
488281  , 1.4573772 , -4.2495484 , -3.1054392    , -0.26685277 , 0.77811277 , 0.56862086    ,2.25 , 28.4375 , 31.9375
38818359  , 1.4573772 , -4.2495484 , -3.1054392    , -0.2668528 , 0.77811277 , 0.568621    ,-5.8125 , 30.8125 , 29.5625
518799  , 9.302697 , -1.9885708 , -1.9885708    , -0.9572165 , 0.20461728 , 0.20461729    ,-5.8125 , 30.8125 , 29.5625
39123534  , 9.302697 , -1.9885708 , -1.9885708    , -0.95721656 , 0.20461729 , 0.20461732    ,-17.0 , 28.375 , 24.5625
488281  , 17.120777 , -1.7978859 , -1.3075534    , -0.991675 , 0.10413772 , 0.07573652    ,-17.0 , 28.375 , 24.5625
38757326  , 17.120777 , -1.7978859 , -1.3075534    , -0.9916751 , 0.10413771 , 0.075736515    ,-28.375 , 22.0 , 14.5625
488281  , 19.313654 , 0.08172209 , -3.2961242    , -0.9857391 , -0.0041709654 , 0.16822909    ,-28.375 , 22.0 , 14.5625
39154054  , 19.313654 , 0.08172209 , -3.2961242    , -0.98573893 , -0.004170969 , 0.16822904    ,-37.125 , 13.6875 , 2.25
488282  , 14.410328 , 2.1792557 , 1.8387469    , -0.98098093 , -0.14835249 , -0.1251724    ,-37.125 , 13.6875 , 2.25
38757325  , 14.410328 , 2.1792557 , 1.8387469    , -0.98098075 , -0.14835247 , -0.1251724    ,-40.0625 , 5.6875 , -12.5
488281  , 12.53072 , 3.214402 , 9.00305    , -0.79505074 , -0.20394774 , -0.57122666    ,-40.0625 , 5.6875 , -12.5
39489747  , 12.53072 , 3.214402 , 9.00305    , -0.7950508 , -0.20394778 , -0.57122666    ,-35.875 , 0.9375 , -25.5625
488281  , 9.765789 , 1.7297841 , 8.730643    , -0.7390971 , -0.130914 , -0.6607549    ,-35.875 , 0.9375 , -25.5625
38818360  , 9.765789 , 1.7297841 , 8.730643    , -0.739097 , -0.13091399 , -0.6607548    ,-29.5 , -0.8125 , -33.375
488281  , 9.152874 , 1.879608 , 11.413852    , -0.62050307 , -0.12742473 , -0.7737821    ,-29.5 , -0.8125 , -33.375
38726806  , 9.152874 , 1.879608 , 11.413852    , -0.62050307 , -0.12742472 , -0.77378213    ,-22.625 , -0.8125 , -38.5
488281  , 7.9270425 , 1.6889231 , 12.408136    , -0.5348638 , -0.11395724 , -0.83721817    ,-22.625 , -0.8125 , -38.5
38909912  , 7.9270425 , 1.6889231 , 12.408136    , -0.5348638 , -0.113957286 , -0.8372181    ,-18.3125 , -0.3125 , -41.1875
488281  , 6.2789803 , 2.982856 , 14.328606    , -0.3942641 , -0.18729678 , -0.8997088    ,-18.3125 , -0.3125 , -41.1875
74432371  , 6.2789803 , 2.982856 , 14.328606    , -0.394264 , -0.18729675 , -0.89970875    ,-15.6875 , -0.875 , -42.0625
305176  , 6.4015636 , 1.1168685 , 13.906375    , -0.41704684 , -0.07276137 , -0.9059676    ,-15.6875 , -0.875 , -42.0625
366212  , 6.4015636 , 1.1168685 , 13.906375    , -0.4170469 , -0.07276137 , -0.90596783    ,-12.875 , -1.875 , -43.25
244140  , 5.175732 , 1.7570249 , 11.223166    , -0.41460988 , -0.14074916 , -0.89904875    ,-12.875 , -1.875 , -43.25
24200438  , 5.175732 , 1.7570249 , 11.223166    , -0.41460976 , -0.14074913 , -0.8990485    ,-10.6875 , -3.625 , -44.0
244140  , 2.9556155 , 2.6832085 , 9.507003    , -0.28664464 , -0.26022574 , -0.9220182    ,-10.6875 , -3.625 , -44.0
37719725  , 2.9556155 , 2.6832085 , 9.507003    , -0.2866446 , -0.26022574 , -0.9220182    ,-7.625 , -4.875 , -44.5
213623  , 3.5276701 , 2.3699405 , 8.008764    , -0.38908857 , -0.2613954 , -0.8833362    ,-7.625 , -4.875 , -44.5
42572020  , 3.5276701 , 2.3699405 , 8.008764    , -0.38908845 , -0.2613953 , -0.88333595    ,-5.0625 , -6.625 , -45.0
396729  , 4.099725 , 0.95342433 , 9.888372    , -0.3814783 , -0.08871589 , -0.92011046    ,-5.0625 , -6.625 , -45.0
37017821  , 4.099725 , 0.95342433 , 9.888372    , -0.3814785 , -0.08871591 , -0.92011076    ,-3.1875 , -9.25 , -44.5625
1495361  , 2.070293 , 1.6889231 , 9.534244    , -0.20908809 , -0.17057188 , -0.9629057    ,-3.1875 , -9.25 , -44.5625
