85693363  , 5.8567495 , 1.4573772 , 8.281172    , -0.5715513 , -0.14222325 , -0.808147    ,-40.4375 , -10.875 , -25.125
305176  , 5.9793324 , 1.4165162 , 7.9679036    , -0.5942414 , -0.14077702 , -0.7918707    ,-40.4375 , -10.875 , -25.125
31280518  , 6.1291566 , 1.4165162 , 7.8861814    , -0.60757756 , -0.14041792 , -0.7817497    ,-40.4375 , -10.875 , -25.125
19775391  , 6.1291566 , 1.4165162 , 7.8861814    , -0.60757744 , -0.14041787 , -0.7817496    ,-40.6875 , -10.875 , -24.625
213623  , 5.8976107 , 1.3075534 , 7.8180795    , -0.5969258 , -0.13234386 , -0.7913058    ,-40.6875 , -10.875 , -24.625
47790528  , 5.8976107 , 1.3075534 , 7.8180795    , -0.59692574 , -0.13234381 , -0.79130566    ,-40.6875 , -10.4375 , -24.375
213623  , 5.938472 , 1.4982382 , 7.504812    , -0.61305344 , -0.15466943 , -0.77475333    ,-40.6875 , -10.4375 , -24.375
30395508  , 5.938472 , 1.4982382 , 7.504812    , -0.61305344 , -0.1546694 , -0.7747534    ,-40.6875 , -10.6875 , -24.625
213623  , 5.938472 , 1.5390993 , 7.5865335    , -0.60866684 , -0.15775079 , -0.7775857    ,-40.6875 , -10.6875 , -24.625
33813476  , 5.938472 , 1.5390993 , 7.5865335    , -0.60866684 , -0.1577508 , -0.77758574    ,-41.1875 , -10.4375 , -24.375
305176  , 5.8567495 , 1.5390993 , 7.668256    , -0.5994012 , -0.15751708 , -0.78479725    ,-41.1875 , -10.4375 , -24.375
32806396  , 5.8567495 , 1.5390993 , 7.668256    , -0.5994012 , -0.15751708 , -0.7847973    ,-41.1875 , -10.1875 , -24.375
244141  , 5.8976107 , 1.334794 , 7.6273947    , -0.60590976 , -0.13713431 , -0.7836246    ,-41.1875 , -10.1875 , -24.375
19989013  , 5.8976107 , 1.334794 , 7.6273947    , -0.60590994 , -0.13713433 , -0.7836249    ,-41.1875 , -10.4375 , -24.875
244140  , 5.8976107 , 1.334794 , 7.6954966    , -0.6026003 , -0.13638529 , -0.7863028    ,-41.1875 , -10.4375 , -24.875
2258300  , 5.8976107 , 1.334794 , 7.6954966    , -0.60260034 , -0.13638529 , -0.7863029    ,-40.6875 , -10.875 , -24.875
244141  , 5.938472 , 1.607201 , 7.8589406    , -0.5950041 , -0.1610332 , -0.78742516    ,-40.6875 , -10.875 , -24.875
37811279  , 5.938472 , 1.607201 , 7.8589406    , -0.5950041 , -0.16103317 , -0.78742516    ,-40.1875 , -11.625 , -24.875
244140  , 6.0474343 , 1.2258313 , 7.504812    , -0.62243444 , -0.12616917 , -0.7724356    ,-40.1875 , -11.625 , -24.875
36071776  , 6.0474343 , 1.2258313 , 7.504812    , -0.6224345 , -0.12616915 , -0.7724356    ,-40.1875 , -11.875 , -24.625
274658  , 5.8976107 , 1.1441092 , 7.6954966    , -0.6040926 , -0.11719118 , -0.7882502    ,-40.1875 , -11.875 , -24.625
22277831  , 5.8976107 , 1.1441092 , 7.6954966    , -0.6040925 , -0.11719114 , -0.78824997    ,-40.4375 , -11.625 , -24.625
366211  , 6.238119 , 0.92618364 , 7.7363577    , -0.6249906 , -0.092793345 , -0.77509755    ,-40.4375 , -11.625 , -24.625
27770995  , 6.238119 , 0.92618364 , 7.7363577    , -0.6249906 , -0.092793345 , -0.7750975    ,-40.6875 , -11.125 , -25.125
274658  , 6.0882955 , 1.3075534 , 7.8180795    , -0.6091359 , -0.13082115 , -0.78220147    ,-40.6875 , -11.125 , -25.125
38391115  , 6.0882955 , 1.3075534 , 7.8180795    , -0.60913604 , -0.13082118 , -0.78220147    ,-40.4375 , -10.875 , -25.875
244141  , 6.238119 , 0.9942854 , 7.8861814    , -0.61737967 , -0.09840332 , -0.7804866    ,-40.4375 , -10.875 , -25.875
33905030  , 6.238119 , 0.9942854 , 7.8861814    , -0.61737955 , -0.098403305 , -0.7804864    ,-39.9375 , -10.4375 , -25.875
213623  , 6.3198414 , 0.8036005 , 8.62168    , -0.5895346 , -0.07496236 , -0.80425733    ,-39.9375 , -10.4375 , -25.875
32867433  , 6.3198414 , 0.8036005 , 8.62168    , -0.5895345 , -0.07496235 , -0.8042573    ,-39.625 , -10.6875 , -26.375
244140  , 6.891896 , 0.88532263 , 8.730643    , -0.61765134 , -0.07934256 , -0.78243965    ,-39.625 , -10.6875 , -26.375
30853272  , 6.891896 , 0.88532263 , 8.730643    , -0.6176512 , -0.0793426 , -0.78243953    ,-39.375 , -10.875 , -26.8125
244140  , 7.1234417 , 0.92618364 , 9.615966    , -0.59347993 , -0.07716374 , -0.80114126    ,-39.375 , -10.875 , -26.8125
33386231  , 7.1234417 , 0.92618364 , 9.615966    , -0.59348017 , -0.07716377 , -0.8011414    ,-39.125 , -10.4375 , -28.0625
8117676  , 7.3549876 , 1.0760075 , 10.337844    , -0.57764024 , -0.08450664 , -0.8119054    ,-39.125 , -10.4375 , -28.0625
38848876  , 7.3549876 , 1.0760075 , 10.337844    , -0.5776403 , -0.084506646 , -0.81190544    ,-37.875 , -10.6875 , -30.5
7354737  , 7.3549876 , 1.2666923 , 9.80665    , -0.5968221 , -0.10278599 , -0.79576284    ,-37.875 , -10.6875 , -30.5
30700684  , 7.3549876 , 1.2666923 , 9.80665    , -0.5968222 , -0.102786034 , -0.7957629    ,-35.0625 , -10.4375 , -33.1875
4608155  , 5.829509 , 0.88532263 , 10.460427    , -0.4854764 , -0.0737289 , -0.87113523    ,-35.0625 , -10.4375 , -33.1875
29388428  , 5.829509 , 0.88532263 , 10.460427    , -0.48547637 , -0.073728874 , -0.87113523    ,-31.0 , -10.4375 , -36.375
213623  , 4.2086873 , 0.92618364 , 10.528529    , -0.36995128 , -0.081413254 , -0.925477    ,-31.0 , -10.4375 , -36.375
33752440  , 4.2086873 , 0.92618364 , 10.528529    , -0.36995134 , -0.08141324 , -0.925477    ,-25.9375 , -11.375 , -39.0625
213623  , 2.3426998 , 0.92618364 , 10.079058    , -0.22549586 , -0.08914952 , -0.97015667    ,-25.9375 , -11.375 , -39.0625
27984618  , 2.3426998 , 0.92618364 , 10.079058    , -0.22549587 , -0.08914954 , -0.9701568    ,-19.375 , -12.375 , -41.75
213623  , 0.7218784 , 0.7627395 , 10.269742    , -0.069927126 , -0.073885255 , -0.9948122    ,-19.375 , -12.375 , -41.75
28961181  , 0.7218784 , 0.7627395 , 10.269742    , -0.06992712 , -0.07388526 , -0.99481213    ,-11.75 , -13.375 , -43.1875
274658  , -0.040861044 , 0.08172209 , 7.5456724    , 0.0054147653 , -0.010829532 , -0.9999267    ,-11.75 , -13.375 , -43.1875
32318114  , -0.040861044 , 0.08172209 , 7.5456724    , 0.0054147663 , -0.010829532 , -0.9999266    ,-4.125 , -14.375 , -43.4375
244141  , -1.7978859 , 0.27240697 , 6.3198414    , 0.27339092 , -0.04142288 , -0.9610106    ,-4.125 , -14.375 , -43.4375
42968749  , -1.7978859 , 0.27240697 , 6.3198414    , 0.273391 , -0.04142288 , -0.9610107    ,4.0 , -14.875 , -42.75
244141  , -2.9556155 , 0.7218784 , 5.134871    , 0.4951977 , -0.120946944 , -0.8603204    ,4.0 , -14.875 , -42.75
21118164  , -2.9556155 , 0.7218784 , 5.134871    , 0.49519762 , -0.120946884 , -0.8603202    ,11.125 , -15.375 , -41.0
3540038  , -2.8738933 , 1.2258313 , 2.3699405    , 0.7328465 , -0.3125885 , -0.6043378    ,11.125 , -15.375 , -41.0
17730714  , -2.8738933 , 1.2258313 , 2.3699405    , 0.73284656 , -0.31258854 , -0.6043378    ,16.1875 , -15.625 , -39.3125
213623  , -3.9499009 , 1.334794 , 3.5957718    , 0.7174175 , -0.24243765 , -0.6530973    ,16.1875 , -15.625 , -39.3125
64331057  , -3.9499009 , 1.334794 , 3.5957718    , 0.7174175 , -0.24243765 , -0.6530973    ,19.75 , -15.875 , -37.8125
18554688  , -5.8567495 , 1.0351465 , 4.7535014    , 0.7692357 , -0.13595794 , -0.6243332    ,19.75 , -15.875 , -37.8125
3753663  , -5.8567495 , 1.0351465 , 4.7535014    , 0.7692356 , -0.1359579 , -0.6243331    ,22.0 , -16.375 , -36.125
274658  , -5.9793324 , 1.0760075 , 4.140586    , 0.81327266 , -0.14635202 , -0.56317747    ,22.0 , -16.375 , -36.125
27130128  , -5.9793324 , 1.0760075 , 4.140586    , 0.81327254 , -0.14635202 , -0.56317735    ,23.5625 , -16.125 , -35.125
244141  , -7.3549876 , 1.0760075 , 2.4516625    , 0.93967634 , -0.13747118 , -0.31322548    ,23.5625 , -16.125 , -35.125
213623  , -7.3549876 , 1.0760075 , 2.4516625    , 0.9396764 , -0.1374712 , -0.31322548    ,25.0625 , -16.375 , -33.9375
244141  , -7.7363577 , 1.5390993 , 2.6832085    , 0.9285286 , -0.18472487 , -0.32204247    ,25.0625 , -16.375 , -33.9375
32745362  , -7.7363577 , 1.5390993 , 2.6832085    , 0.92852855 , -0.18472488 , -0.3220425    ,26.8125 , -16.125 , -31.9375
244141  , -7.273266 , 1.3075534 , 4.2495484    , 0.85320926 , -0.1533859 , -0.49850428    ,26.8125 , -16.125 , -31.9375
17272949  , -7.273266 , 1.3075534 , 4.2495484    , 0.85320926 , -0.15338594 , -0.4985043    ,28.875 , -15.125 , -30.75
1007080  , -7.5865335 , 0.92618364 , 3.9499009    , 0.88182724 , -0.10765576 , -0.4591201    ,28.875 , -15.125 , -30.75
28900147  , -7.5865335 , 0.92618364 , 3.9499009    , 0.8818271 , -0.107655734 , -0.45912004    ,30.875 , -14.625 , -29.0625
213623  , -7.6273947 , 0.92618364 , 2.8738933    , 0.9297953 , -0.11290371 , -0.35033357    ,30.875 , -14.625 , -29.0625
29998780  , -7.6273947 , 0.92618364 , 2.8738933    , 0.92979527 , -0.112903684 , -0.35033357    ,31.9375 , -14.125 , -27.0625
274659  , -7.3958488 , 0.95342433 , 2.982856    , 0.920855 , -0.11871056 , -0.37139457    ,31.9375 , -14.125 , -27.0625
40374756  , -7.3958488 , 0.95342433 , 2.982856    , 0.92085505 , -0.11871057 , -0.37139454    ,33.4375 , -13.875 , -26.125
488281  , -8.689782 , 0.27240697 , 4.140586    , 0.9023944 , -0.028288186 , -0.42998105    ,33.4375 , -13.875 , -26.125
38421631  , -8.689782 , 0.27240697 , 4.140586    , 0.90239465 , -0.02828823 , -0.4299811    ,34.1875 , -13.375 , -25.875
518799  , -9.384419 , 0.6537767 , 4.1814466    , 0.91158456 , -0.06350662 , -0.4061777    ,34.1875 , -13.375 , -25.875
39001464  , -9.384419 , 0.6537767 , 4.1814466    , 0.9115846 , -0.06350663 , -0.40617776    ,33.6875 , -12.875 , -26.375
488281  , -7.6546354 , 0.23154591 , 4.903325    , 0.8417806 , -0.025463104 , -0.53921884    ,33.6875 , -12.875 , -26.375
38696288  , -7.6546354 , 0.23154591 , 4.903325    , 0.8417808 , -0.025463104 , -0.539219    ,32.9375 , -11.625 , -28.5625
488282  , -8.880466 , -0.50395286 , 6.2108784    , 0.8185833 , 0.04645335 , -0.5725061    ,32.9375 , -11.625 , -28.5625
39367674  , -8.880466 , -0.50395286 , 6.2108784    , 0.8185833 , 0.04645334 , -0.57250607    ,29.625 , -10.6875 , -31.9375
488282  , -6.973618 , -0.95342433 , 8.771504    , 0.6200802 , 0.08477659 , -0.77994466    ,29.625 , -10.6875 , -31.9375
38665770  , -6.973618 , -0.95342433 , 8.771504    , 0.6200801 , 0.08477658 , -0.7799445    ,23.5625 , -10.6875 , -35.625
488281  , -5.5571017 , -0.88532263 , 11.304889    , 0.44006285 , 0.07010805 , -0.895226    ,23.5625 , -10.6875 , -35.625
38879396  , -5.5571017 , -0.88532263 , 11.304889    , 0.44006297 , 0.07010806 , -0.8952261    ,14.9375 , -10.4375 , -39.3125
488281  , -2.9147544 , -0.53119355 , 13.947236    , 0.20442298 , 0.037254654 , -0.97817355    ,14.9375 , -10.4375 , -39.3125
41534426  , -2.9147544 , -0.53119355 , 13.947236    , 0.204423 , 0.037254654 , -0.9781736    ,3.5 , -10.6875 , -41.5
274658  , -0.29964766 , -0.08172209 , 14.519291    , 0.020633176 , 0.00562723 , -0.9997711    ,3.5 , -10.6875 , -41.5
36712648  , -0.29964766 , -0.08172209 , 14.519291    , 0.020633178 , 0.0056272303 , -0.99977124    ,-9.1875 , -10.6875 , -41.5
305175  , 2.0294318 , 0.19068487 , 13.824653    , -0.1452279 , -0.013645571 , -0.98930407    ,-9.1875 , -10.6875 , -41.5
38818361  , 2.0294318 , 0.19068487 , 13.824653    , -0.1452279 , -0.013645567 , -0.98930407    ,-20.375 , -10.6875 , -40.25
427246  , 3.5276701 , 0.040861044 , 13.102775    , -0.25997224 , -0.003011249 , -0.9656112    ,-20.375 , -10.6875 , -40.25
38513185  , 3.5276701 , 0.040861044 , 13.102775    , -0.2599723 , -0.0030112714 , -0.96561134    ,-29.25 , -10.6875 , -37.375
427246  , 6.701211 , -0.08172209 , 10.61025    , -0.53398174 , 0.0065119714 , -0.845471    ,-29.25 , -10.6875 , -37.375
39306641  , 6.701211 , -0.08172209 , 10.61025    , -0.5339816 , 0.0065119565 , -0.8454709    ,-34.8125 , -10.875 , -33.6875
488282  , 6.3607025 , 0.040861044 , 11.454713    , -0.48546404 , -0.0031186193 , -0.8742511    ,-34.8125 , -10.875 , -33.6875
39001465  , 6.3607025 , 0.040861044 , 11.454713    , -0.48546392 , -0.0031186342 , -0.87425095    ,-38.125 , -10.875 , -30.25
488282  , 6.891896 , 0.46309182 , 10.18802    , -0.5599126 , -0.0376226 , -0.827697    ,-38.125 , -10.875 , -30.25
38879394  , 6.891896 , 0.46309182 , 10.18802    , -0.5599127 , -0.037622586 , -0.827697    ,-40.6875 , -10.6875 , -27.0625
488281  , 7.014479 , 0.27240697 , 10.460427    , -0.5568142 , -0.021623865 , -0.83035576    ,-40.6875 , -10.6875 , -27.0625
60180663  , 7.014479 , 0.27240697 , 10.460427    , -0.55681413 , -0.02162385 , -0.83035576    ,-41.6875 , -10.6875 , -24.375
244141  , 7.1234417 , 0.38136974 , 9.384419    , -0.6042977 , -0.032352433 , -0.7961017    ,-41.6875 , -10.6875 , -24.375
7629395  , 7.1234417 , 0.38136974 , 9.384419    , -0.60429764 , -0.032352462 , -0.7961015    ,-43.6875 , -10.875 , -22.9375
244141  , 6.8237944 , 0.9942854 , 9.152874    , -0.59545296 , -0.086762615 , -0.7986913    ,-43.6875 , -10.875 , -22.9375
29235839  , 6.8237944 , 0.9942854 , 9.152874    , -0.595453 , -0.08676264 , -0.79869145    ,-43.6875 , -11.625 , -21.9375
274658  , 5.597963 , 1.1441092 , 9.193735    , -0.5171542 , -0.10569576 , -0.8493409    ,-43.6875 , -11.625 , -21.9375
29571532  , 5.597963 , 1.1441092 , 9.193735    , -0.51715416 , -0.10569577 , -0.8493408    ,-43.4375 , -11.875 , -21.9375
274658  , 5.7477865 , 0.95342433 , 8.962189    , -0.5377006 , -0.089192025 , -0.8384052    ,-43.4375 , -11.875 , -21.9375
47302245  , 5.7477865 , 0.95342433 , 8.962189    , -0.5377005 , -0.08919201 , -0.838405    ,-43.1875 , -13.125 , -22.9375
366211  , 4.903325 , 1.3075534 , 8.921328    , -0.47773728 , -0.12739663 , -0.8692165    ,-43.1875 , -13.125 , -22.9375
34179689  , 4.903325 , 1.3075534 , 8.921328    , -0.47773722 , -0.12739658 , -0.8692163    ,-41.4375 , -13.375 , -24.875
793457  , 4.944186 , 0.92618364 , 8.894087    , -0.48387015 , -0.09064231 , -0.87043303    ,-41.4375 , -13.375 , -24.875
16632081  , 4.944186 , 0.92618364 , 8.894087    , -0.48387015 , -0.09064233 , -0.8704331    ,-39.9375 , -13.625 , -27.5625
244141  , 3.9090397 , 1.5390993 , 9.888372    , -0.3638413 , -0.14325462 , -0.9203791    ,-39.9375 , -13.625 , -27.5625
40557863  , 3.9090397 , 1.5390993 , 9.888372    , -0.36384127 , -0.1432546 , -0.9203789    ,-37.375 , -14.375 , -30.75
396728  , 2.8330324 , 1.0760075 , 8.662541    , -0.30869877 , -0.11724616 , -0.94390595    ,-37.375 , -14.375 , -30.75
37200929  , 2.8330324 , 1.0760075 , 8.662541    , -0.30869883 , -0.11724617 , -0.943906    ,-32.8125 , -14.375 , -34.875
213623  , 1.4982382 , 1.1168685 , 6.5922484    , -0.21865717 , -0.16299897 , -0.9620915    ,-32.8125 , -14.375 , -34.875
50354005  , 1.4982382 , 1.1168685 , 6.5922484    , -0.21865715 , -0.16299896 , -0.96209145    ,-25.6875 , -16.125 , -38.0625
274658  , 0.8036005 , 2.6423476 , 6.469665    , -0.11423689 , -0.37562644 , -0.9197038    ,-25.6875 , -16.125 , -38.0625
30578613  , 0.8036005 , 2.6423476 , 6.469665    , -0.11423689 , -0.37562644 , -0.9197037    ,-16.3125 , -17.8125 , -40.5
274658  , -0.88532263 , 2.1111538 , 6.851035    , 0.122563206 , -0.2922661 , -0.9484506    ,-16.3125 , -17.8125 , -40.5
34606934  , -0.88532263 , 2.1111538 , 6.851035    , 0.12256318 , -0.2922661 , -0.9484507    ,-5.375 , -20.8125 , -40.75
274658  , -2.1383946 , 1.7570249 , 6.6331096    , 0.297522 , -0.24446076 , -0.9228867    ,-5.375 , -20.8125 , -40.75
45440673  , -2.1383946 , 1.7570249 , 6.6331096    , 0.29752198 , -0.24446073 , -0.9228867    ,5.0 , -23.5625 , -39.3125
9277344  , -2.3699405 , 1.56634 , 4.7943625    , 0.42527026 , -0.28106943 , -0.86031693    ,5.0 , -23.5625 , -39.3125
8789062  , -2.3699405 , 1.56634 , 4.7943625    , 0.4252702 , -0.2810694 , -0.8603168    ,13.875 , -24.5625 , -36.375
305175  , -1.334794 , 1.4165162 , 2.6014864    , 0.4108337 , -0.43598685 , -0.8007067    ,13.875 , -24.5625 , -36.375
26397704  , -1.334794 , 1.4165162 , 2.6014864    , 0.41083366 , -0.43598688 , -0.8007067    ,20.25 , -24.8125 , -33.4375
305176  , -1.2666923 , 1.2258313 , 2.3426998    , 0.43205371 , -0.41811657 , -0.79906726    ,20.25 , -24.8125 , -33.4375
37658690  , -1.2666923 , 1.2258313 , 2.3426998    , 0.4320537 , -0.41811642 , -0.799067    ,25.3125 , -24.3125 , -31.0
366210  , -3.636633 , 1.3756552 , 2.152015    , 0.81833315 , -0.30955672 , -0.4842571    ,25.3125 , -24.3125 , -31.0
39062499  , -3.636633 , 1.3756552 , 2.152015    , 0.8183334 , -0.30955684 , -0.48425722    ,28.125 , -23.8125 , -28.5625
427246  , -5.938472 , 2.0294318 , 2.7649305    , 0.86594915 , -0.29593217 , -0.4031827    ,28.125 , -23.8125 , -28.5625
39001463  , -5.938472 , 2.0294318 , 2.7649305    , 0.8659493 , -0.29593217 , -0.4031828    ,29.375 , -23.3125 , -27.0625
457763  , -6.0201936 , 2.070293 , 2.982856    , 0.8563112 , -0.29447806 , -0.42428085    ,29.375 , -23.3125 , -27.0625
38757322  , -6.0201936 , 2.070293 , 2.982856    , 0.8563111 , -0.294478 , -0.42428085    ,30.625 , -22.5625 , -26.125
488282  , -6.2108784 , 2.6014864 , 2.5606253    , 0.862127 , -0.36111027 , -0.35543832    ,30.625 , -22.5625 , -26.125
39154054  , -6.2108784 , 2.6014864 , 2.5606253    , 0.86212695 , -0.36111018 , -0.3554383    ,31.4375 , -21.5625 , -25.125
488281  , -7.4639506 , 1.920469 , 3.445948    , 0.88410795 , -0.22748038 , -0.40817392    ,31.4375 , -21.5625 , -25.125
39642335  , -7.4639506 , 1.920469 , 3.445948    , 0.8841079 , -0.22748034 , -0.40817386    ,32.1875 , -20.0625 , -24.875
213623  , -8.962189 , 0.92618364 , 2.3426998    , 0.9626924 , -0.09948794 , -0.25164604    ,32.1875 , -20.0625 , -24.875
89752199  , -8.962189 , 0.92618364 , 2.3426998    , 0.9626924 , -0.09948797 , -0.251646    ,32.9375 , -18.3125 , -25.625
305176  , -8.430995 , -0.61291564 , 3.8681788    , 0.906925 , 0.06593154 , -0.4161013    ,32.9375 , -18.3125 , -25.625
5737305  , -8.430995 , -0.61291564 , 3.8681788    , 0.906925 , 0.06593155 , -0.4161013    ,31.9375 , -17.625 , -27.0625
274658  , -9.384419 , 0.0 , 5.8567495    , 0.84834397 , 1.4901161E-8 , -0.5294455    ,31.9375 , -17.625 , -27.0625
39367676  , -9.384419 , 0.0 , 5.8567495    , 0.84834397 , 1.4901161E-8 , -0.52944547    ,29.875 , -16.625 , -30.25
244140  , -8.62168 , -0.42223078 , 7.4639506    , 0.75552595 , 0.037000462 , -0.65407294    ,29.875 , -16.625 , -30.25
32073975  , -8.62168 , -0.42223078 , 7.4639506    , 0.75552595 , 0.037000507 , -0.654073    ,25.0625 , -15.125 , -34.6875
427246  , -8.580819 , -0.27240697 , 10.991621    , 0.61524236 , 0.019531492 , -0.7880962    ,25.0625 , -15.125 , -34.6875
38940429  , -8.580819 , -0.27240697 , 10.991621    , 0.61524224 , 0.019531474 , -0.7880961    ,18.4375 , -14.375 , -39.0625
427247  , -5.706926 , -0.08172209 , 12.53072    , 0.41446632 , 0.0059350776 , -0.9100454    ,18.4375 , -14.375 , -39.0625
39215087  , -5.706926 , -0.08172209 , 12.53072    , 0.41446626 , 0.005935088 , -0.9100452    ,10.3125 , -12.875 , -42.5
427246  , -3.9499009 , -1.0760075 , 15.132206    , 0.25196806 , 0.06863958 , -0.96529824    ,10.3125 , -12.875 , -42.5
39367675  , -3.9499009 , -1.0760075 , 15.132206    , 0.25196803 , 0.06863957 , -0.9652983    ,0.1875 , -10.4375 , -44.1875
427246  , -0.42223078 , -0.9942854 , 14.519291    , 0.029000523 , 0.068291545 , -0.99724376    ,0.1875 , -10.4375 , -44.1875
38970946  , -0.42223078 , -0.9942854 , 14.519291    , 0.02900052 , 0.06829155 , -0.9972437    ,-9.6875 , -8.6875 , -43.6875
488282  , 1.9477097 , -1.0760075 , 13.947236    , -0.13790439 , 0.07618494 , -0.98751104    ,-9.6875 , -8.6875 , -43.6875
38909911  , 1.9477097 , -1.0760075 , 13.947236    , -0.13790439 , 0.076184936 , -0.98751116    ,-19.875 , -6.6875 , -40.5
488281  , 8.076866 , -2.4108016 , 13.484144    , -0.50791883 , 0.15160477 , -0.847959    ,-19.875 , -6.6875 , -40.5
39123534  , 8.076866 , -2.4108016 , 13.484144    , -0.5079189 , 0.15160483 , -0.84795904    ,-30.0 , -4.9375 , -34.875
488282  , 7.1234417 , -1.0760075 , 11.686258    , -0.5188824 , 0.07837802 , -0.8512449    ,-30.0 , -4.9375 , -34.875
39031983  , 7.1234417 , -1.0760075 , 11.686258    , -0.51888245 , 0.07837804 , -0.8512451    ,-37.875 , -4.6875 , -28.5625
488281  , 9.80665 , -2.3699405 , 7.5456724    , -0.77839345 , 0.18811175 , -0.59893054    ,-37.875 , -4.6875 , -28.5625
38909914  , 9.80665 , -2.3699405 , 7.5456724    , -0.77839345 , 0.18811171 , -0.5989305    ,-43.6875 , -5.1875 , -21.1875
488281  , 12.14935 , -1.334794 , 7.43671    , -0.84918356 , 0.09329595 , -0.5197917    ,-43.6875 , -5.1875 , -21.1875
38787843  , 12.14935 , -1.334794 , 7.43671    , -0.8491834 , 0.09329593 , -0.51979166    ,-47.5 , -6.1875 , -14.875
488281  , 12.108489 , -0.8036005 , 6.851035    , -0.8688954 , 0.05766572 , -0.49162477    ,-47.5 , -6.1875 , -14.875
39398194  , 12.108489 , -0.8036005 , 6.851035    , -0.86889565 , 0.057665735 , -0.4916249    ,-49.0625 , -7.9375 , -9.5
488281  , 10.419566 , -0.6537767 , 3.9090397    , -0.93466747 , 0.05864577 , -0.350653    ,-49.0625 , -7.9375 , -9.5
38513184  , 10.419566 , -0.6537767 , 3.9090397    , -0.9346673 , 0.058645785 , -0.35065293    ,-49.8125 , -9.9375 , -4.8125
488281  , 10.923519 , -0.46309182 , 2.7240696    , -0.969465 , 0.04109952 , -0.24176183    ,-49.8125 , -9.9375 , -4.8125
39123536  , 10.923519 , -0.46309182 , 2.7240696    , -0.96946484 , 0.04109952 , -0.24176183    ,-49.8125 , -12.125 , -1.375
488281  , 10.61025 , 0.27240697 , 3.1054392    , -0.9594464 , -0.024632774 , -0.28081357    ,-49.8125 , -12.125 , -1.375
38726807  , 10.61025 , 0.27240697 , 3.1054392    , -0.9594462 , -0.02463279 , -0.28081352    ,-49.8125 , -14.125 , 0.8125
488281  , 11.727119 , 0.8036005 , 3.2961242    , -0.96060854 , -0.065825656 , -0.26999682    ,-49.8125 , -14.125 , 0.8125
39306640  , 11.727119 , 0.8036005 , 3.2961242    , -0.9606086 , -0.0658257 , -0.26999682    ,-49.5625 , -15.625 , 1.5
488281  , 9.534244 , 0.38136974 , 3.405087    , -0.94107425 , -0.03764297 , -0.33609796    ,-49.5625 , -15.625 , 1.5
38574218  , 9.534244 , 0.38136974 , 3.405087    , -0.94107443 , -0.037642986 , -0.336098    ,-49.5625 , -16.375 , 1.75
518799  , 9.234595 , 1.7978859 , 3.9090397    , -0.90643907 , -0.17647488 , -0.3836991    ,-49.5625 , -16.375 , 1.75
39184570  , 9.234595 , 1.7978859 , 3.9090397    , -0.906439 , -0.17647487 , -0.38369912    ,-49.8125 , -16.625 , 1.0625
518799  , 7.8861814 , 1.7570249 , 1.9477097    , -0.94888586 , -0.21140984 , -0.23435351    ,-49.8125 , -16.625 , 1.0625
39001464  , 7.8861814 , 1.7570249 , 1.9477097    , -0.9488858 , -0.21140978 , -0.23435348    ,-49.5625 , -17.125 , -0.6875
488281  , 6.469665 , 1.9885708 , 2.6423476    , -0.8904175 , -0.27368623 , -0.36366528    ,-49.5625 , -17.125 , -0.6875
38879393  , 6.469665 , 1.9885708 , 2.6423476    , -0.89041746 , -0.27368623 , -0.36366528    ,-48.8125 , -17.8125 , -4.125
488281  , 4.8216033 , 2.1792557 , 2.7240696    , -0.8101811 , -0.36618358 , -0.4577294    ,-48.8125 , -17.8125 , -4.125
78002930  , 4.8216033 , 2.1792557 , 2.7240696    , -0.81018096 , -0.3661835 , -0.4577294    ,-47.5 , -19.0625 , -8.75
244140  , 5.053149 , 3.2961242 , 4.7943625    , -0.6557299 , -0.42772675 , -0.62214804    ,-47.5 , -19.0625 , -8.75
213623  , 5.053149 , 3.2961242 , 4.7943625    , -0.6557297 , -0.42772675 , -0.6221479    ,-45.25 , -19.5625 , -15.3125
244141  , 3.336985 , 1.7570249 , 5.175732    , -0.52108085 , -0.27436504 , -0.80820704    ,-45.25 , -19.5625 , -15.3125
18920899  , 3.336985 , 1.7570249 , 5.175732    , -0.52108085 , -0.274365 , -0.80820704    ,-41.1875 , -19.8125 , -22.4375
244141  , 2.6832085 , 1.9477097 , 6.3198414    , -0.37596926 , -0.27291173 , -0.88553166    ,-41.1875 , -19.8125 , -22.4375
29327394  , 2.6832085 , 1.9477097 , 6.3198414    , -0.37596923 , -0.27291167 , -0.88553166    ,-35.625 , -20.5625 , -29.25
274658  , 2.1111538 , 2.152015 , 7.014479    , -0.2765151 , -0.28186703 , -0.9187437    ,-35.625 , -20.5625 , -29.25
29541016  , 2.1111538 , 2.152015 , 7.014479    , -0.27651507 , -0.28186703 , -0.9187437    ,-27.75 , -20.8125 , -36.125
274658  , 0.61291564 , 2.0294318 , 7.8180795    , -0.075664766 , -0.25053447 , -0.96514624    ,-27.75 , -20.8125 , -36.125
32135011  , 0.61291564 , 2.0294318 , 7.8180795    , -0.07566478 , -0.25053447 , -0.9651462    ,-17.8125 , -21.3125 , -40.75
518799  , -1.879608 , 1.607201 , 8.117727    , 0.22149312 , -0.18939267 , -0.9565934    ,-17.8125 , -21.3125 , -40.75
36987306  , -1.879608 , 1.607201 , 8.117727    , 0.22149314 , -0.18939266 , -0.9565934    ,-7.1875 , -21.5625 , -42.75
213623  , -2.2609777 , 2.6423476 , 5.8976107    , 0.33023402 , -0.3859361 , -0.8613935    ,-7.1875 , -21.5625 , -42.75
39733887  , -2.2609777 , 2.6423476 , 5.8976107    , 0.33023396 , -0.38593608 , -0.86139333    ,4.25 , -21.0625 , -42.0
396729  , -1.0760075 , 2.5333846 , 2.9147544    , 0.2684018 , -0.63193333 , -0.72706306    ,4.25 , -21.0625 , -42.0
39062500  , -1.0760075 , 2.5333846 , 2.9147544    , 0.26840177 , -0.63193345 , -0.7270632    ,13.125 , -21.0625 , -39.3125
396729  , -2.3018389 , 2.3018389 , 4.399372    , 0.4205972 , -0.42059723 , -0.8038631    ,13.125 , -21.0625 , -39.3125
38726807  , -2.3018389 , 2.3018389 , 4.399372    , 0.42059717 , -0.4205972 , -0.80386317    ,20.0 , -21.3125 , -36.125
427246  , -2.982856 , 3.636633 , 4.3312707    , 0.46651316 , -0.5687627 , -0.67740273    ,20.0 , -21.3125 , -36.125
39276123  , -2.982856 , 3.636633 , 4.3312707    , 0.4665132 , -0.5687626 , -0.6774026    ,24.5625 , -21.5625 , -32.9375
488281  , -3.8273177 , 3.405087 , 3.336985    , 0.6260139 , -0.55695176 , -0.5458127    ,24.5625 , -21.5625 , -32.9375
38909912  , -3.8273177 , 3.405087 , 3.336985    , 0.6260136 , -0.55695164 , -0.5458126    ,27.375 , -21.8125 , -29.75
488282  , -4.5628166 , 3.0645783 , 1.3756552    , 0.80530006 , -0.54087317 , -0.24279197    ,27.375 , -21.8125 , -29.75
39215086  , -4.5628166 , 3.0645783 , 1.3756552    , 0.8053 , -0.54087317 , -0.24279194    ,30.125 , -22.3125 , -26.8125
488281  , -5.407278 , 2.070293 , 0.95342433    , 0.9214809 , -0.35280883 , -0.16247772    ,30.125 , -22.3125 , -26.8125
38879394  , -5.407278 , 2.070293 , 0.95342433    , 0.9214807 , -0.35280874 , -0.1624777    ,31.9375 , -22.5625 , -23.875
488281  , -6.932757 , 2.5606253 , 1.0760075    , 0.92827266 , -0.3428591 , -0.14407378    ,31.9375 , -22.5625 , -23.875
38635254  , -6.932757 , 2.5606253 , 1.0760075    , 0.9282727 , -0.3428591 , -0.14407378    ,33.6875 , -22.5625 , -21.6875
518799  , -9.00305 , 2.982856 , 1.920469    , 0.93037426 , -0.30824804 , -0.19846107    ,33.6875 , -22.5625 , -21.6875
39459230  , -9.00305 , 2.982856 , 1.920469    , 0.93037426 , -0.30824804 , -0.19846104    ,35.1875 , -21.8125 , -20.5
488282  , -9.575105 , 2.7649305 , 1.0351465    , 0.9556059 , -0.2759431 , -0.10330874    ,35.1875 , -21.8125 , -20.5
38513185  , -9.575105 , 2.7649305 , 1.0351465    , 0.95560575 , -0.27594304 , -0.103308745    ,36.5 , -20.5625 , -19.75
488282  , -8.771504 , 1.4165162 , 1.9885708    , 0.963377 , -0.15557641 , -0.21840534    ,36.5 , -20.5625 , -19.75
39093019  , -8.771504 , 1.4165162 , 1.9885708    , 0.96337694 , -0.15557641 , -0.2184053    ,38.25 , -18.8125 , -18.5
518799  , -10.7192135 , 1.607201 , 1.0760075    , 0.9841084 , -0.14755373 , -0.098785974    ,38.25 , -18.8125 , -18.5
38848877  , -10.7192135 , 1.607201 , 1.0760075    , 0.98410827 , -0.14755371 , -0.098785974    ,39.25 , -17.375 , -18.0625
488282  , -11.182305 , 1.1441092 , 1.9885708    , 0.9795957 , -0.10022661 , -0.1742034    ,39.25 , -17.375 , -18.0625
39184571  , -11.182305 , 1.1441092 , 1.9885708    , 0.9795958 , -0.10022661 , -0.1742034    ,39.5 , -15.875 , -17.8125
488281  , -12.108489 , 0.0 , 1.56634    , 0.9917367 , -3.7252903E-9 , -0.12828991    ,39.5 , -15.875 , -17.8125
38604737  , -12.108489 , 0.0 , 1.56634    , 0.99173677 , 7.4505806E-9 , -0.12828991    ,39.8125 , -13.875 , -17.8125
488282  , -11.917805 , -0.42223078 , 1.8387469    , 0.9877008 , 0.034992836 , -0.15238811    ,39.8125 , -13.875 , -17.8125
39184570  , -11.917805 , -0.42223078 , 1.8387469    , 0.9877009 , 0.034992836 , -0.15238813    ,39.25 , -12.625 , -19.75
60485839  , -10.923519 , -1.6480621 , 3.0237172    , 0.9537292 , 0.14389181 , -0.26399985    ,39.25 , -12.625 , -19.75
274659  , -10.923519 , -1.6480621 , 3.0237172    , 0.9537292 , 0.14389178 , -0.26399985    ,37.25 , -11.375 , -23.4375
244140  , -10.61025 , -0.8036005 , 7.205164    , 0.82566273 , 0.062534146 , -0.56068754    ,37.25 , -11.375 , -23.4375
7232666  , -10.61025 , -0.8036005 , 7.205164    , 0.82566273 , 0.06253414 , -0.56068766    ,33.9375 , -10.6875 , -28.3125
274658  , -9.656827 , 0.0 , 8.689782    , 0.7433463 , -0.0 , -0.6689068    ,33.9375 , -10.6875 , -28.3125
29602050  , -9.656827 , 0.0 , 8.689782    , 0.7433461 , -1.4901161E-8 , -0.6689067    ,29.375 , -9.9375 , -33.6875
274658  , -9.084772 , -0.9942854 , 8.921328    , 0.7113305 , 0.07785174 , -0.6985328    ,29.375 , -9.9375 , -33.6875
39550780  , -9.084772 , -0.9942854 , 8.921328    , 0.7113304 , 0.07785177 , -0.6985329    ,23.5625 , -9.1875 , -38.5625
274658  , -7.04172 , -1.1849703 , 10.61025    , 0.55059254 , 0.0926529 , -0.8296162    ,23.5625 , -9.1875 , -38.5625
30334471  , -7.04172 , -1.1849703 , 10.61025    , 0.55059254 , 0.09265295 , -0.8296162    ,17.1875 , -7.9375 , -42.5
518799  , -5.8567495 , -0.5720546 , 12.367276    , 0.42762733 , 0.041768245 , -0.90298986    ,17.1875 , -7.9375 , -42.5
38635252  , -5.8567495 , -0.5720546 , 12.367276    , 0.42762727 , 0.041768253 , -0.9029897    ,9.8125 , -6.9375 , -45.4375
518799  , -4.862464 , -1.3075534 , 12.9529505    , 0.34988803 , 0.094087504 , -0.9320546    ,9.8125 , -6.9375 , -45.4375
39093019  , -4.862464 , -1.3075534 , 12.9529505    , 0.34988803 , 0.09408754 , -0.93205476    ,1.6875 , -5.4375 , -47.375
488282  , -1.0351465 , -4.140586 , 11.985906    , 0.081359476 , 0.32543784 , -0.9420569    ,1.6875 , -5.4375 , -47.375
49774172  , -1.0351465 , -4.140586 , 11.985906    , 0.08135941 , 0.32543775 , -0.94205654    ,-7.9375 , -2.75 , -47.875
518799  , 0.19068487 , -2.1792557 , 13.565866    , -0.01387696 , 0.15859379 , -0.9872464    ,-7.9375 , -2.75 , -47.875
37567140  , 0.19068487 , -2.1792557 , 13.565866    , -0.013876956 , 0.15859383 , -0.9872466    ,-16.8125 , -0.5 , -45.875
244141  , 3.7864566 , -3.336985 , 10.651112    , -0.32125673 , 0.28312197 , -0.9036791    ,-16.8125 , -0.5 , -45.875
29541016  , 3.7864566 , -3.336985 , 10.651112    , -0.3212568 , 0.28312194 , -0.90367913    ,-25.6875 , 1.25 , -43.0
335693  , 7.205164 , -3.9771416 , 10.147159    , -0.55148166 , 0.30440956 , -0.77666134    ,-25.6875 , 1.25 , -43.0
30487061  , 7.205164 , -3.9771416 , 10.147159    , -0.55148166 , 0.30440953 , -0.7766613    ,-33.8125 , 2.25 , -38.3125
457764  , 5.8976107 , -2.5333846 , 10.228881    , -0.48837447 , 0.20978671 , -0.84704214    ,-33.8125 , 2.25 , -38.3125
29602051  , 5.8976107 , -2.5333846 , 10.228881    , -0.4883744 , 0.2097867 , -0.847042    ,-39.9375 , 1.5 , -33.4375
1495361  , 6.891896 , -1.9885708 , 9.193735    , -0.59102416 , 0.17053267 , -0.78842163    ,-39.9375 , 1.5 , -33.4375
35980225  , 6.891896 , -1.9885708 , 9.193735    , -0.5910243 , 0.17053269 , -0.78842175    ,-45.75 , -0.0 , -28.5625
213623  , 10.528529 , -2.7513103 , 8.390134    , -0.766215 , 0.20022693 , -0.6105931    ,-45.75 , -0.0 , -28.5625
29663086  , 10.528529 , -2.7513103 , 8.390134    , -0.766215 , 0.20022695 , -0.610593    ,-49.5625 , -1.5 , -22.1875
305175  , 10.501288 , -2.0294318 , 7.014479    , -0.8210182 , 0.15866628 , -0.54841036    ,-49.5625 , -1.5 , -22.1875
29510498  , 10.501288 , -2.0294318 , 7.014479    , -0.8210183 , 0.1586663 , -0.5484104    ,-53.125 , -3.9375 , -17.0625
396729  , 10.61025 , -1.1168685 , 6.3607025    , -0.85421276 , 0.08991712 , -0.5120891    ,-53.125 , -3.9375 , -17.0625
40313720  , 10.61025 , -1.1168685 , 6.3607025    , -0.854213 , 0.08991717 , -0.51208925    ,-55.375 , -6.4375 , -11.9375
335694  , 11.75436 , -0.8036005 , 5.5162406    , -0.9035412 , 0.06177166 , -0.4240257    ,-55.375 , -6.4375 , -11.9375
28839111  , 11.75436 , -0.8036005 , 5.5162406    , -0.9035411 , 0.061771616 , -0.42402562    ,-56.4375 , -8.4375 , -6.5625
427246  , 11.75436 , -0.50395286 , 4.2495484    , -0.9396647 , 0.040286914 , -0.33971655    ,-56.4375 , -8.4375 , -6.5625
38909911  , 11.75436 , -0.50395286 , 4.2495484    , -0.9396647 , 0.0402869 , -0.33971655    ,-56.9375 , -10.1875 , -2.625
427246  , 11.114203 , -0.08172209 , 4.140586    , -0.93705976 , 0.006890148 , -0.34910074    ,-56.9375 , -10.1875 , -2.625
29083251  , 11.114203 , -0.08172209 , 4.140586    , -0.93705994 , 0.006890133 , -0.34910077    ,-56.6875 , -10.875 , 1.0625
427246  , 10.56939 , 0.6946377 , 4.0180025    , -0.9329766 , -0.06131675 , -0.35467538    ,-56.6875 , -10.875 , 1.0625
38482665  , 10.56939 , 0.6946377 , 4.0180025    , -0.93297684 , -0.06131676 , -0.35467544    ,-55.875 , -11.375 , 4.0
244141  , 9.656827 , 0.5720546 , 3.445948    , -0.94036955 , -0.055705957 , -0.33556202    ,-55.875 , -11.375 , 4.0
29693604  , 9.656827 , 0.5720546 , 3.445948    , -0.9403694 , -0.055705957 , -0.33556202    ,-55.125 , -11.375 , 6.1875
274658  , 8.853226 , 0.42223078 , 3.445948    , -0.9309781 , -0.044400506 , -0.36236534    ,-55.125 , -11.375 , 6.1875
65155031  , 8.853226 , 0.42223078 , 3.445948    , -0.93097794 , -0.044400483 , -0.36236525    ,-54.375 , -10.875 , 7.875
274658  , 8.730643 , 0.19068487 , 3.568531    , -0.92547286 , -0.020213135 , -0.37827438    ,-54.375 , -10.875 , 7.875
305176  , 8.730643 , 0.19068487 , 3.568531    , -0.9254728 , -0.020213142 , -0.37827435    ,-53.625 , -10.6875 , 9.375
244141  , 8.471856 , 0.61291564 , 3.173541    , -0.9343112 , -0.06759488 , -0.34999117    ,-53.625 , -10.6875 , 9.375
22308350  , 8.471856 , 0.61291564 , 3.173541    , -0.93431115 , -0.067594856 , -0.34999117    ,-52.875 , -9.6875 , 10.5625
244141  , 7.3141265 , -0.08172209 , 3.336985    , -0.90973824 , 0.010164671 , -0.4150575    ,-52.875 , -9.6875 , 10.5625
29632569  , 7.3141265 , -0.08172209 , 3.336985    , -0.9097383 , 0.010164671 , -0.4150575    ,-52.375 , -8.6875 , 10.8125
244140  , 6.4015636 , 0.61291564 , 2.4108016    , -0.932103 , -0.089243904 , -0.35102603    ,-52.375 , -8.6875 , 10.8125
29785157  , 6.4015636 , 0.61291564 , 2.4108016    , -0.9321032 , -0.08924392 , -0.35102612    ,-51.5625 , -8.4375 , 9.8125
335694  , 7.246025 , 1.607201 , 2.152015    , -0.9376551 , -0.20797612 , -0.2784765    ,-51.5625 , -8.4375 , 9.8125
39520264  , 7.246025 , 1.607201 , 2.152015    , -0.937655 , -0.20797609 , -0.27847645    ,-51.3125 , -8.4375 , 7.375
427246  , 6.973618 , 1.334794 , 1.0351465    , -0.9718958 , -0.18602695 , -0.14426579    ,-51.3125 , -8.4375 , 7.375
39184570  , 6.973618 , 1.334794 , 1.0351465    , -0.9718957 , -0.1860269 , -0.14426579    ,-51.3125 , -9.1875 , 4.0
518799  , 8.499097 , 3.2961242 , 4.5628166    , -0.8337323 , -0.3233385 , -0.44759667    ,-51.3125 , -9.1875 , 4.0
39520264  , 8.499097 , 3.2961242 , 4.5628166    , -0.8337323 , -0.3233385 , -0.44759667    ,-50.5625 , -10.6875 , -1.625
488281  , 5.407278 , 2.3699405 , 6.973618    , -0.59179366 , -0.25937554 , -0.76321995    ,-50.5625 , -10.6875 , -1.625
38391113  , 5.407278 , 2.3699405 , 6.973618    , -0.59179366 , -0.25937557 , -0.76322013    ,-49.0625 , -12.125 , -9.0
518799  , 6.932757 , 2.9147544 , 6.742072    , -0.68639666 , -0.28858328 , -0.6675173    ,-49.0625 , -12.125 , -9.0
38726806  , 6.932757 , 2.9147544 , 6.742072    , -0.6863966 , -0.28858322 , -0.66751724    ,-45.25 , -13.625 , -17.3125
488281  , 5.134871 , 1.9477097 , 6.742072    , -0.59050375 , -0.22398421 , -0.7753299    ,-45.25 , -13.625 , -17.3125
39672850  , 5.134871 , 1.9477097 , 6.742072    , -0.5905037 , -0.22398418 , -0.7753298    ,-39.625 , -14.875 , -25.875
1800537  , 3.1463003 , 2.1792557 , 6.742072    , -0.4058344 , -0.28109744 , -0.8696451    ,-39.625 , -14.875 , -25.875
37322997  , 3.1463003 , 2.1792557 , 6.742072    , -0.4058344 , -0.28109744 , -0.8696451    ,-31.0 , -16.625 , -32.9375
488281  , 1.8387469 , 1.3075534 , 5.284695    , -0.31999412 , -0.22755137 , -0.9196869    ,-31.0 , -16.625 , -32.9375
38421629  , 1.8387469 , 1.3075534 , 5.284695    , -0.31999418 , -0.22755142 , -0.91968703    ,-21.375 , -17.375 , -37.8125
488281  , 0.23154591 , 2.070293 , 5.243834    , -0.041036226 , -0.36691222 , -0.9293499    ,-21.375 , -17.375 , -37.8125
39001467  , 0.23154591 , 2.070293 , 5.243834    , -0.041036237 , -0.36691225 , -0.92935    ,-11.25 , -17.375 , -40.25
488282  , -2.5606253 , 2.2201166 , 3.990762    , 0.48907614 , -0.42403942 , -0.76223034    ,-11.25 , -17.375 , -40.25
38848878  , -2.5606253 , 2.2201166 , 3.990762    , 0.48907617 , -0.4240394 , -0.76223046    ,-1.5625 , -17.375 , -41.0
488281  , -2.9556155 , 2.3426998 , 4.2086873    , 0.52299935 , -0.41454327 , -0.7447318    ,-1.5625 , -17.375 , -41.0
38330079  , -2.9556155 , 2.3426998 , 4.2086873    , 0.5229994 , -0.4145433 , -0.7447318    ,6.5625 , -16.375 , -40.25
274658  , -3.3642259 , 2.9556155 , 3.8273177    , 0.57109416 , -0.50173044 , -0.6497063    ,6.5625 , -16.375 , -40.25
30364990  , -3.3642259 , 2.9556155 , 3.8273177    , 0.57109404 , -0.5017304 , -0.6497062    ,13.625 , -16.375 , -37.8125
335694  , -5.706926 , 2.4108016 , 1.920469    , 0.87987363 , -0.3716889 , -0.2960911    ,13.625 , -16.375 , -37.8125
39550782  , -5.706926 , 2.4108016 , 1.920469    , 0.8798735 , -0.3716888 , -0.29609108    ,20.0 , -16.625 , -34.6875
427246  , -5.5571017 , 2.152015 , 0.7627395    , 0.9249728 , -0.35820025 , -0.12695704    ,20.0 , -16.625 , -34.6875
38604736  , -5.5571017 , 2.152015 , 0.7627395    , 0.92497265 , -0.3582002 , -0.12695706    ,26.5625 , -16.625 , -29.0625
488281  , -5.7477865 , 2.5606253 , -0.46309182    , 0.9109904 , -0.4058441 , 0.07339734    ,26.5625 , -16.625 , -29.0625
39184570  , -5.7477865 , 2.5606253 , -0.46309182    , 0.9109904 , -0.40584403 , 0.07339733    ,32.4375 , -16.625 , -23.4375
488281  , -5.597963 , 2.9556155 , -0.38136974    , 0.8827104 , -0.46605393 , 0.06013598    ,32.4375 , -16.625 , -23.4375
38787841  , -5.597963 , 2.9556155 , -0.38136974    , 0.8827101 , -0.46605375 , 0.060135975    ,37.5 , -16.125 , -17.8125
488281  , -7.3958488 , 2.3699405 , -2.1111538    , 0.91895396 , -0.29447144 , 0.2623165    ,37.5 , -16.125 , -17.8125
40161132  , -7.3958488 , 2.3699405 , -2.1111538    , 0.9189541 , -0.29447144 , 0.26231652    ,41.0625 , -15.625 , -11.9375
213623  , -8.853226 , 2.2609777 , -3.405087    , 0.90790975 , -0.23186617 , 0.34919608    ,41.0625 , -15.625 , -11.9375
39581298  , -8.853226 , 2.2609777 , -3.405087    , 0.9079099 , -0.23186624 , 0.3491961    ,43.0625 , -15.375 , -8.25
274658  , -9.765789 , 1.0760075 , -4.140586    , 0.9159649 , -0.10092223 , 0.38835892    ,43.0625 , -15.375 , -8.25
17395019  , -9.765789 , 1.0760075 , -4.140586    , 0.9159652 , -0.10092223 , 0.38835904    ,44.375 , -15.125 , -4.5625
244141  , -9.043911 , 0.42223078 , -5.243834    , 0.8643943 , -0.04035577 , 0.50119245    ,44.375 , -15.125 , -4.5625
29632567  , -9.043911 , 0.42223078 , -5.243834    , 0.8643943 , -0.040355742 , 0.50119245    ,45.875 , -14.375 , -2.125
274658  , -9.234595 , 0.53119355 , -4.903325    , 0.8820792 , -0.05073905 , 0.46836066    ,45.875 , -14.375 , -2.125
29693603  , -9.234595 , 0.53119355 , -4.903325    , 0.88207936 , -0.050739065 , 0.46836075    ,47.375 , -13.375 , -1.875
244141  , -9.847511 , -0.42223078 , -4.630918    , 0.90425175 , 0.038771525 , 0.42523593    ,47.375 , -13.375 , -1.875
28961181  , -9.847511 , -0.42223078 , -4.630918    , 0.9042518 , 0.03877151 , 0.425236    ,48.4375 , -11.875 , -4.3125
244141  , -12.830367 , -0.50395286 , -2.3426998    , 0.9830026 , 0.038610503 , 0.17948668    ,48.4375 , -11.875 , -4.3125
29724122  , -12.830367 , -0.50395286 , -2.3426998    , 0.9830024 , 0.03861049 , 0.17948663    ,48.4375 , -10.6875 , -9.0
213623  , -12.980191 , -0.10896278 , 1.7978859    , 0.99050915 , 0.00831487 , -0.13719538    ,48.4375 , -10.6875 , -9.0
30395509  , -12.980191 , -0.10896278 , 1.7978859    , 0.99050903 , 0.008314874 , -0.13719541    ,47.375 , -9.9375 , -15.5625
213623  , -11.372991 , -1.334794 , 2.8738933    , 0.96330845 , 0.11305895 , -0.24342284    ,47.375 , -9.9375 , -15.5625
28839113  , -11.372991 , -1.334794 , 2.8738933    , 0.9633083 , 0.113058925 , -0.24342279    ,44.875 , -9.9375 , -23.625
213623  , -12.258313 , -1.1441092 , 6.851035    , 0.8700364 , 0.0812034 , -0.48625368    ,44.875 , -9.9375 , -23.625
29083253  , -12.258313 , -1.1441092 , 6.851035    , 0.8700364 , 0.081203416 , -0.4862537    ,40.8125 , -10.4375 , -31.75
244140  , -11.686258 , -0.08172209 , 9.043911    , 0.79082674 , 0.0055302586 , -0.6120151    ,40.8125 , -10.4375 , -31.75
29907227  , -11.686258 , -0.08172209 , 9.043911    , 0.79082656 , 0.005530283 , -0.612015    ,34.9375 , -10.4375 , -40.0625
213623  , -8.539958 , 0.040861044 , 10.147159    , 0.6439113 , -0.0030809157 , -0.7650939    ,34.9375 , -10.4375 , -40.0625
29418946  , -8.539958 , 0.040861044 , 10.147159    , 0.6439112 , -0.0030809194 , -0.7650939    ,26.3125 , -9.9375 , -47.125
244141  , -7.3549876 , 0.23154591 , 11.985906    , 0.5229452 , -0.016463079 , -0.8522072    ,26.3125 , -9.9375 , -47.125
29266358  , -7.3549876 , 0.23154591 , 11.985906    , 0.5229454 , -0.016463086 , -0.8522073    ,15.6875 , -8.6875 , -52.75
244140  , -7.5865335 , 1.3075534 , 14.246883    , 0.46848407 , -0.08074414 , -0.87977445    ,15.6875 , -8.6875 , -52.75
29632568  , -7.5865335 , 1.3075534 , 14.246883    , 0.46848407 , -0.080744125 , -0.87977433    ,5.0 , -6.4375 , -56.4375
244140  , -6.469665 , 2.8738933 , 14.369467    , 0.40388307 , -0.17940913 , -0.89704555    ,5.0 , -6.4375 , -56.4375
39215088  , -6.469665 , 2.8738933 , 14.369467    , 0.40388313 , -0.17940913 , -0.8970457    ,-5.125 , -4.6875 , -57.875
274658  , -2.3018389 , 1.334794 , 11.876944    , 0.18911934 , -0.10966682 , -0.97581106    ,-5.125 , -4.6875 , -57.875
40252685  , -2.3018389 , 1.334794 , 11.876944    , 0.18911934 , -0.10966684 , -0.975811    ,-15.0625 , -3.9375 , -57.875
488282  , 0.313268 , -1.1849703 , 12.14935    , -0.02565453 , 0.097041056 , -0.9949497    ,-15.0625 , -3.9375 , -57.875
39276122  , 0.313268 , -1.1849703 , 12.14935    , -0.025654543 , 0.09704108 , -0.9949499    ,-24.1875 , -2.75 , -54.6875
488282  , 1.607201 , -0.50395286 , 12.489859    , -0.12752607 , 0.039986983 , -0.99102896    ,-24.1875 , -2.75 , -54.6875
38543700  , 1.607201 , -0.50395286 , 12.489859    , -0.12752606 , 0.039986983 , -0.9910288    ,-34.5625 , -1.5 , -48.5625
488281  , 4.372132 , -0.14982383 , 10.310603    , -0.3903588 , 0.013376791 , -0.9205657    ,-34.5625 , -1.5 , -48.5625
39428710  , 4.372132 , -0.14982383 , 10.310603    , -0.39035878 , 0.013376781 , -0.92056566    ,-44.25 , -0.25 , -40.5
488281  , 6.1700177 , -1.2666923 , 8.240311    , -0.59487826 , 0.12212728 , -0.79448426    ,-44.25 , -0.25 , -40.5
38452146  , 6.1700177 , -1.2666923 , 8.240311    , -0.59487814 , 0.12212732 , -0.7944841    ,-52.0625 , 1.25 , -30.75
488281  , 7.246025 , -1.4982382 , 9.112013    , -0.6173186 , 0.12764105 , -0.7762897    ,-52.0625 , 1.25 , -30.75
39215088  , 7.246025 , -1.4982382 , 9.112013    , -0.6173185 , 0.12764104 , -0.77628964    ,-56.9375 , 2.25 , -22.1875
488281  , 7.6954966 , -0.8036005 , 6.782933    , -0.74789524 , 0.0780988 , -0.65920675    ,-56.9375 , 2.25 , -22.1875
38757326  , 7.6954966 , -0.8036005 , 6.782933    , -0.74789524 , 0.0780988 , -0.65920675    ,-58.6875 , 1.25 , -14.375
488281  , 9.00305 , -1.1441092 , 6.8237944    , -0.79289544 , 0.100761265 , -0.6009691    ,-58.6875 , 1.25 , -14.375
76080324  , 9.00305 , -1.1441092 , 6.8237944    , -0.79289544 , 0.1007613 , -0.60096914    ,-59.6875 , -0.25 , -8.0
274658  , 8.240311 , -0.5720546 , 6.0201936    , -0.80619895 , 0.055967525 , -0.58899146    ,-59.6875 , -0.25 , -8.0
244141  , 8.240311 , -0.5720546 , 6.0201936    , -0.80619884 , 0.05596751 , -0.58899146    ,-59.1875 , -2.0 , -3.625
213623  , 8.689782 , -0.23154591 , 4.7535014    , -0.8770772 , 0.023370396 , -0.47978047    ,-59.1875 , -2.0 , -3.625
21057129  , 8.689782 , -0.23154591 , 4.7535014    , -0.8770771 , 0.0233704 , -0.47978044    ,-58.6875 , -4.1875 , -0.1875
274658  , 8.499097 , 0.14982383 , 4.9850473    , -0.86247355 , -0.01520386 , -0.5058739    ,-58.6875 , -4.1875 , -0.1875
29998779  , 8.499097 , 0.14982383 , 4.9850473    , -0.8624735 , -0.015203863 , -0.50587386    ,-58.1875 , -5.9375 , 0.3125
274658  , 8.240311 , 0.6537767 , 3.9090397    , -0.901182 , -0.071498744 , -0.42750284    ,-58.1875 , -5.9375 , 0.3125
28686523  , 8.240311 , 0.6537767 , 3.9090397    , -0.9011822 , -0.07149875 , -0.42750293    ,-57.1875 , -7.6875 , 0.0625
274658  , 9.193735 , 0.14982383 , 4.3312707    , -0.9045382 , -0.014740631 , -0.42613798    ,-57.1875 , -7.6875 , 0.0625
29907227  , 9.193735 , 0.14982383 , 4.3312707    , -0.90453815 , -0.0147406235 , -0.42613798    ,-56.125 , -9.1875 , -0.6875
335693  , 8.471856 , 1.6889231 , 5.7477865    , -0.816484 , -0.16277173 , -0.5539489    ,-56.125 , -9.1875 , -0.6875
39184571  , 8.471856 , 1.6889231 , 5.7477865    , -0.8164839 , -0.16277173 , -0.5539488    ,-56.125 , -9.6875 , -1.875
671387  , 7.3958488 , 1.9477097 , 5.47538    , -0.7862945 , -0.20707205 , -0.58211863    ,-56.125 , -9.6875 , -1.875
39306640  , 7.3958488 , 1.9477097 , 5.47538    , -0.78629464 , -0.20707208 , -0.5821187    ,-55.625 , -10.4375 , -3.375
488282  , 7.164303 , 1.1168685 , 5.7477865    , -0.77429676 , -0.12070787 , -0.62120384    ,-55.625 , -10.4375 , -3.375
38604735  , 7.164303 , 1.1168685 , 5.7477865    , -0.7742969 , -0.12070787 , -0.6212039    ,-53.875 , -10.6875 , -7.75
488281  , 5.6660647 , 0.46309182 , 5.7477865    , -0.7008733 , -0.057282925 , -0.7109821    ,-53.875 , -10.6875 , -7.75
39489745  , 5.6660647 , 0.46309182 , 5.7477865    , -0.7008734 , -0.057282917 , -0.7109821    ,-51.8125 , -11.375 , -13.625
488281  , 3.636633 , 0.84446156 , 6.742072    , -0.4718773 , -0.109574504 , -0.8748286    ,-51.8125 , -11.375 , -13.625
38604736  , 3.636633 , 0.84446156 , 6.742072    , -0.47187728 , -0.10957449 , -0.8748286    ,-47.5 , -13.125 , -20.75
488281  , 1.1168685 , 1.334794 , 7.082581    , -0.1531365 , -0.18301679 , -0.9711096    ,-47.5 , -13.125 , -20.75
39245604  , 1.1168685 , 1.334794 , 7.082581    , -0.15313652 , -0.18301679 , -0.9711097    ,-41.9375 , -14.125 , -28.5625
488281  , -0.040861044 , 1.2666923 , 7.082581    , 0.00567903 , -0.17604989 , -0.98436505    ,-41.9375 , -14.125 , -28.5625
38604738  , -0.040861044 , 1.2666923 , 7.082581    , 0.0056790225 , -0.17604981 , -0.9843647    ,-36.375 , -14.625 , -34.4375
488281  , -0.53119355 , 1.607201 , 7.164303    , 0.0721578 , -0.21832359 , -0.97320503    ,-36.375 , -14.625 , -34.4375
39611818  , -0.53119355 , 1.607201 , 7.164303    , 0.072157785 , -0.21832354 , -0.9732049    ,-30.0 , -14.375 , -40.0625
488281  , -2.3426998 , 1.4165162 , 7.014479    , 0.31112438 , -0.1881217 , -0.9315642    ,-30.0 , -14.375 , -40.0625
38177491  , -2.3426998 , 1.4165162 , 7.014479    , 0.31112435 , -0.18812174 , -0.9315642    ,-22.625 , -14.375 , -43.9375
488281  , -4.2495484 , 1.4165162 , 7.273266    , 0.49748927 , -0.16582976 , -0.851472    ,-22.625 , -14.375 , -43.9375
39276124  , -4.2495484 , 1.4165162 , 7.273266    , 0.49748933 , -0.1658298 , -0.85147214    ,-14.25 , -14.125 , -46.375
762940  , -4.4810944 , 1.334794 , 6.4015636    , 0.5652746 , -0.16837965 , -0.8075351    ,-14.25 , -14.125 , -46.375
37750244  , -4.4810944 , 1.334794 , 6.4015636    , 0.56527454 , -0.16837965 , -0.8075352    ,-6.6875 , -14.125 , -47.875
488281  , -5.5162406 , 1.1441092 , 6.238119    , 0.65626746 , -0.13611476 , -0.7421494    ,-6.6875 , -14.125 , -47.875
38879395  , -5.5162406 , 1.1441092 , 6.238119    , 0.6562674 , -0.13611475 , -0.74214935    ,-0.5625 , -13.875 , -47.875
488281  , -6.66035 , 1.1849703 , 5.9793324    , 0.73768914 , -0.13124532 , -0.66226083    ,-0.5625 , -13.875 , -47.875
38848877  , -6.66035 , 1.1849703 , 5.9793324    , 0.73768914 , -0.13124533 , -0.6622608    ,2.5 , -12.875 , -48.125
488281  , -5.8158884 , 0.88532263 , 7.164303    , 0.6273783 , -0.095502526 , -0.7728359    ,2.5 , -12.875 , -48.125
39245605  , -5.8158884 , 0.88532263 , 7.164303    , 0.62737834 , -0.09550258 , -0.7728361    ,-0.5625 , -12.125 , -48.375
488281  , -5.407278 , 1.4573772 , 10.95076    , 0.43962812 , -0.118489206 , -0.89033    ,-0.5625 , -12.125 , -48.375
38543700  , -5.407278 , 1.4573772 , 10.95076    , 0.43962806 , -0.11848916 , -0.89032984    ,-6.4375 , -10.875 , -48.375
488281  , -2.7240696 , 0.53119355 , 10.841797    , 0.24340755 , -0.047464475 , -0.96876204    ,-6.4375 , -10.875 , -48.375
39062499  , -2.7240696 , 0.53119355 , 10.841797    , 0.2434075 , -0.047464464 , -0.96876186    ,-14.8125 , -9.6875 , -47.625
518799  , -2.2609777 , 0.313268 , 11.182305    , 0.19810733 , -0.027448606 , -0.9797959    ,-14.8125 , -9.6875 , -47.625
71533200  , -2.2609777 , 0.313268 , 11.182305    , 0.19810732 , -0.02744861 , -0.9797959    ,-24.4375 , -8.1875 , -45.875
244141  , -2.6014864 , 0.42223078 , 10.841797    , 0.2331596 , -0.03784267 , -0.97170186    ,-24.4375 , -8.1875 , -45.875
244141  , -2.6014864 , 0.42223078 , 10.841797    , 0.2331596 , -0.037842657 , -0.9717018    ,-30.25 , -6.9375 , -43.6875
244141  , 0.38136974 , -0.14982383 , 11.114203    , -0.034290433 , 0.013471242 , -0.9993212    ,-30.25 , -6.9375 , -43.6875
25238036  , 0.38136974 , -0.14982383 , 11.114203    , -0.034290425 , 0.013471237 , -0.999321    ,-34.3125 , -5.9375 , -41.75
274658  , 1.6480621 , -0.29964766 , 10.800936    , -0.15078257 , 0.027415007 , -0.98818666    ,-34.3125 , -5.9375 , -41.75
29754639  , 1.6480621 , -0.29964766 , 10.800936    , -0.1507826 , 0.027415022 , -0.9881868    ,-36.375 , -5.6875 , -40.5
244141  , 0.9942854 , -0.29964766 , 10.038197    , -0.09852441 , 0.029692287 , -0.99469167    ,-36.375 , -5.6875 , -40.5
52337648  , 0.9942854 , -0.29964766 , 10.038197    , -0.0985244 , 0.029692285 , -0.99469155    ,-36.875 , -5.9375 , -40.25
305175  , 0.88532263 , 0.10896278 , 10.038197    , -0.08784923 , -0.010812212 , -0.9960752    ,-36.875 , -5.9375 , -40.25
39184572  , 0.88532263 , 0.10896278 , 10.038197    , -0.08784923 , -0.010812212 , -0.99607515    ,-37.375 , -6.4375 , -39.8125
366211  , 1.1849703 , 0.040861044 , 9.847511    , -0.119469106 , -0.0041196253 , -0.99282944    ,-37.375 , -6.4375 , -39.8125
36834718  , 1.1849703 , 0.040861044 , 9.847511    , -0.119469106 , -0.0041196253 , -0.99282944    ,-38.375 , -6.9375 , -39.5625
366211  , 1.3075534 , 0.313268 , 10.038197    , -0.12910484 , -0.030931365 , -0.9911485    ,-38.375 , -6.9375 , -39.5625
