63140868  , -2.982856 , 9.384419 , 0.9942854    , 0.30138576 , -0.9481953 , -0.100461915    ,5.75 , -48.5 , -11.5625
213623  , -3.486809 , 9.084772 , -0.38136974    , 0.3580476 , -0.93288183 , 0.039161444    ,5.75 , -48.5 , -11.5625
32012941  , -3.486809 , 9.084772 , -0.38136974    , 0.35804754 , -0.9328817 , 0.03916146    ,7.0625 , -49.25 , -7.125
244141  , -3.1463003 , 9.847511 , -0.7627395    , 0.30352047 , -0.9499796 , 0.07358074    ,7.0625 , -49.25 , -7.125
44708253  , -3.1463003 , 9.847511 , -0.7627395    , 0.30352044 , -0.94997954 , 0.07358069    ,7.5625 , -49.75 , -4.0
3967286  , -3.214402 , 9.575105 , -0.5720546    , 0.31774062 , -0.94649005 , 0.05654706    ,7.5625 , -49.75 , -4.0
19409180  , -3.214402 , 9.575105 , -0.5720546    , 0.3177406 , -0.94649 , 0.056547053    ,7.5625 , -49.5 , -2.5
274658  , -3.5957718 , 9.112013 , -0.29964766    , 0.3669 , -0.92975795 , 0.030575    ,7.5625 , -49.5 , -2.5
305176  , -3.5957718 , 9.112013 , -0.29964766    , 0.36690003 , -0.929758 , 0.030575007    ,7.0625 , -49.25 , -2.25
244141  , -2.9556155 , 9.152874 , -0.040861044    , 0.3072896 , -0.95160645 , 0.0042482466    ,7.0625 , -49.25 , -2.25
27801514  , -2.9556155 , 9.152874 , -0.040861044    , 0.30728963 , -0.95160645 , 0.0042482466    ,7.0625 , -49.25 , -2.5
244141  , -2.982856 , 8.430995 , -0.19068487    , 0.3334612 , -0.9425228 , 0.021317154    ,7.0625 , -49.25 , -2.5
28442383  , -2.982856 , 8.430995 , -0.19068487    , 0.33346125 , -0.942523 , 0.021317147    ,6.5625 , -49.0 , -3.75
244141  , -3.255263 , 8.308413 , -0.14982383    , 0.36475068 , -0.9309537 , 0.016787715    ,6.5625 , -49.0 , -3.75
26458740  , -3.255263 , 8.308413 , -0.14982383    , 0.36475074 , -0.9309539 , 0.016787693    ,5.75 , -48.5 , -6.1875
274658  , -3.445948 , 8.921328 , 0.46309182    , 0.35989308 , -0.9317389 , -0.048365064    ,5.75 , -48.5 , -6.1875
29479981  , -3.445948 , 8.921328 , 0.46309182    , 0.35989308 , -0.93173903 , -0.0483651    ,4.25 , -48.25 , -9.375
305176  , -1.6889231 , 7.9679036 , 1.2666923    , 0.20489569 , -0.966645 , -0.15367177    ,4.25 , -48.25 , -9.375
26306152  , -1.6889231 , 7.9679036 , 1.2666923    , 0.2048957 , -0.9666451 , -0.15367177    ,1.4375 , -47.25 , -13.75
244140  , -1.879608 , 10.147159 , 1.3756552    , 0.18053952 , -0.9746517 , -0.13213398    ,1.4375 , -47.25 , -13.75
25726318  , -1.879608 , 10.147159 , 1.3756552    , 0.18053949 , -0.97465163 , -0.13213399    ,-1.0625 , -45.8125 , -18.125
1190185  , -0.42223078 , 9.084772 , 3.214402    , 0.043772988 , -0.94182545 , -0.3332396    ,-1.0625 , -45.8125 , -18.125
17791748  , -0.42223078 , 9.084772 , 3.214402    , 0.04377301 , -0.9418256 , -0.33323967    ,-4.375 , -43.8125 , -22.0625
6530762  , 1.56634 , 7.273266 , 5.7886477    , -0.1661603 , -0.77156204 , -0.61407083    ,-4.375 , -43.8125 , -22.0625
21087646  , 1.56634 , 7.273266 , 5.7886477    , -0.16616032 , -0.7715619 , -0.6140708    ,-8.6875 , -40.0625 , -26.4375
244141  , 1.4573772 , 7.504812 , 7.668256    , -0.13459182 , -0.6930851 , -0.7081795    ,-8.6875 , -40.0625 , -26.4375
30944823  , 1.4573772 , 7.504812 , 7.668256    , -0.13459186 , -0.6930852 , -0.7081796    ,-13.0 , -35.125 , -30.875
244140  , 0.38136974 , 9.534244 , 7.0553403    , -0.03213708 , -0.80342674 , -0.5945358    ,-13.0 , -35.125 , -30.875
22277832  , 0.38136974 , 9.534244 , 7.0553403    , -0.032137066 , -0.8034266 , -0.5945357    ,-17.8125 , -29.4375 , -34.3125
213623  , 0.38136974 , 9.043911 , 6.238119    , -0.034691215 , -0.8226774 , -0.56744915    ,-17.8125 , -29.4375 , -34.3125
24108886  , 0.38136974 , 9.043911 , 6.238119    , -0.034691215 , -0.82267743 , -0.56744915    ,-22.125 , -24.25 , -36.75
274658  , 1.1441092 , 6.66035 , 6.2789803    , -0.12402691 , -0.7220135 , -0.6806712    ,-22.125 , -24.25 , -36.75
34790040  , 1.1441092 , 6.66035 , 6.2789803    , -0.124026924 , -0.7220138 , -0.6806715    ,-24.9375 , -20.25 , -37.6875
244141  , 1.879608 , 4.440233 , 6.8237944    , -0.22495717 , -0.5314205 , -0.81669223    ,-24.9375 , -20.25 , -37.6875
32470704  , 1.879608 , 4.440233 , 6.8237944    , -0.22495717 , -0.5314205 , -0.8166923    ,-25.4375 , -18.5 , -37.9375
3814697  , 2.7649305 , 3.8681788 , 7.7772183    , -0.303321 , -0.42435062 , -0.85318375    ,-25.4375 , -18.5 , -37.9375
29968263  , 2.7649305 , 3.8681788 , 7.7772183    , -0.30332115 , -0.42435083 , -0.85318416    ,-25.4375 , -18.75 , -38.1875
244140  , 3.5276701 , 4.903325 , 8.62168    , -0.3351029 , -0.46578005 , -0.8189965    ,-25.4375 , -18.75 , -38.1875
38818360  , 3.5276701 , 4.903325 , 8.62168    , -0.3351028 , -0.46577993 , -0.8189963    ,-24.4375 , -18.75 , -37.9375
213623  , 2.4516625 , 5.938472 , 7.8861814    , -0.24102256 , -0.5838103 , -0.7752893    ,-24.4375 , -18.75 , -37.9375
32928467  , 2.4516625 , 5.938472 , 7.8861814    , -0.24102265 , -0.5838103 , -0.7752894    ,-23.9375 , -19.5 , -37.9375
244140  , 2.7649305 , 5.706926 , 8.117727    , -0.26841292 , -0.5540148 , -0.78804964    ,-23.9375 , -19.5 , -37.9375
24200440  , 2.7649305 , 5.706926 , 8.117727    , -0.2684129 , -0.55401486 , -0.7880497    ,-24.9375 , -20.0 , -37.0
244141  , 2.982856 , 6.238119 , 8.049625    , -0.28109145 , -0.5878534 , -0.7585619    ,-24.9375 , -20.0 , -37.0
33233643  , 2.982856 , 6.238119 , 8.049625    , -0.28109142 , -0.5878533 , -0.7585618    ,-24.9375 , -20.0 , -36.25
213624  , 3.0237172 , 6.0474343 , 7.9679036    , -0.2893518 , -0.57870364 , -0.76248115    ,-24.9375 , -20.0 , -36.25
21270752  , 3.0237172 , 6.0474343 , 7.9679036    , -0.28935182 , -0.57870364 , -0.7624812    ,-25.9375 , -21.0 , -36.0
3417969  , 2.7921712 , 6.3607025 , 7.4639506    , -0.27384055 , -0.6238222 , -0.7320225    ,-25.9375 , -21.0 , -36.0
30487061  , 2.7921712 , 6.3607025 , 7.4639506    , -0.2738406 , -0.6238222 , -0.7320226    ,-25.9375 , -21.5 , -35.5
49102783  , 2.1111538 , 6.851035 , 7.164303    , -0.20830056 , -0.675969 , -0.70687807    ,-25.9375 , -21.5 , -35.5
14373779  , 2.1111538 , 6.851035 , 7.164303    , -0.20830056 , -0.67596895 , -0.706878    ,-25.4375 , -23.0 , -35.0
244140  , 2.070293 , 6.742072 , 6.973618    , -0.20873432 , -0.6797598 , -0.703105    ,-25.4375 , -23.0 , -35.0
244140  , 2.070293 , 6.742072 , 6.973618    , -0.2087343 , -0.6797597 , -0.70310503    ,-24.6875 , -24.75 , -34.5625
244141  , 2.1111538 , 6.3198414 , 7.1234417    , -0.21643952 , -0.6479221 , -0.7303088    ,-24.6875 , -24.75 , -34.5625
23468017  , 2.1111538 , 6.3198414 , 7.1234417    , -0.21643949 , -0.6479221 , -0.73030865    ,-22.625 , -26.9375 , -33.8125
244141  , 1.920469 , 6.701211 , 6.891896    , -0.19591251 , -0.6836096 , -0.70306194    ,-22.625 , -26.9375 , -33.8125
43365477  , 1.920469 , 6.701211 , 6.891896    , -0.19591253 , -0.68360966 , -0.7030619    ,-21.125 , -29.1875 , -32.5625
244141  , 1.3756552 , 7.0553403 , 6.5513873    , -0.1414441 , -0.72542614 , -0.67361    ,-21.125 , -29.1875 , -32.5625
22460937  , 1.3756552 , 7.0553403 , 6.5513873    , -0.1414441 , -0.72542614 , -0.67361003    ,-19.125 , -31.4375 , -32.0625
213623  , 0.3405087 , 7.9679036 , 5.9793324    , -0.034161046 , -0.7993691 , -0.5998685    ,-19.125 , -31.4375 , -32.0625
18768310  , 0.3405087 , 7.9679036 , 5.9793324    , -0.034161076 , -0.7993691 , -0.59986836    ,-17.3125 , -34.375 , -30.625
335693  , -0.50395286 , 8.240311 , 5.284695    , 0.051411815 , -0.84065247 , -0.53912914    ,-17.3125 , -34.375 , -30.625
30334472  , -0.50395286 , 8.240311 , 5.284695    , 0.051411822 , -0.8406526 , -0.5391293    ,-15.0625 , -36.625 , -28.9375
6683349  , -1.0351465 , 9.575105 , 5.09401    , 0.09501032 , -0.8788455 , -0.46755075    ,-15.0625 , -36.625 , -28.9375
27160646  , -1.0351465 , 9.575105 , 5.09401    , 0.09501031 , -0.87884533 , -0.4675507    ,-11.75 , -39.8125 , -26.4375
244141  , -0.84446156 , 10.119919 , 5.2165933    , 0.07396788 , -0.88642156 , -0.4569306    ,-11.75 , -39.8125 , -26.4375
24139405  , -0.84446156 , 10.119919 , 5.2165933    , 0.07396787 , -0.88642144 , -0.45693055    ,-7.6875 , -42.8125 , -22.8125
274658  , -0.38136974 , 8.894087 , 5.5162406    , 0.036415346 , -0.84925765 , -0.52672184    ,-7.6875 , -42.8125 , -22.8125
27893068  , -0.38136974 , 8.894087 , 5.5162406    , 0.036415324 , -0.84925747 , -0.5267217    ,-3.625 , -45.0625 , -19.125
274659  , -2.7921712 , 10.228881 , 3.9499009    , 0.24676844 , -0.9040152 , -0.34908706    ,-3.625 , -45.0625 , -19.125
28808595  , -2.7921712 , 10.228881 , 3.9499009    , 0.24676844 , -0.9040152 , -0.34908706    ,0.1875 , -47.5 , -15.4375
274658  , -3.7864566 , 10.95076 , 3.0237172    , 0.31619832 , -0.91447294 , -0.25250372    ,0.1875 , -47.5 , -15.4375
29724122  , -3.7864566 , 10.95076 , 3.0237172    , 0.31619832 , -0.9144728 , -0.25250366    ,3.5 , -49.0 , -12.3125
335694  , -4.7943625 , 11.032481 , 2.6423476    , 0.38927954 , -0.8957853 , -0.21454613    ,3.5 , -49.0 , -12.3125
29357910  , -4.7943625 , 11.032481 , 2.6423476    , 0.38927954 , -0.8957853 , -0.21454611    ,6.0 , -49.5 , -9.8125
427246  , -6.5922484 , 11.563675 , 2.3699405    , 0.48758894 , -0.8552955 , -0.17529026    ,6.0 , -49.5 , -9.8125
38116455  , -6.5922484 , 11.563675 , 2.3699405    , 0.48758888 , -0.85529536 , -0.17529024    ,8.0625 , -50.0 , -8.125
488281  , -6.932757 , 10.923519 , 0.8036005    , 0.53482276 , -0.8426873 , -0.06199319    ,8.0625 , -50.0 , -8.125
38696290  , -6.932757 , 10.923519 , 0.8036005    , 0.53482264 , -0.84268725 , -0.061993197    ,9.5625 , -49.5 , -7.125
488282  , -7.164303 , 11.958665 , 1.1849703    , 0.51207423 , -0.8547551 , -0.08469669    ,9.5625 , -49.5 , -7.125
39367675  , -7.164303 , 11.958665 , 1.1849703    , 0.5120742 , -0.854755 , -0.084696695    ,10.625 , -49.0 , -7.875
488281  , -8.390134 , 10.991621 , 1.3075534    , 0.60406065 , -0.7913588 , -0.09413934    ,10.625 , -49.0 , -7.875
38452148  , -8.390134 , 10.991621 , 1.3075534    , 0.60406065 , -0.7913587 , -0.09413932    ,10.875 , -48.5 , -10.0625
518799  , -6.469665 , 10.991621 , -0.50395286    , 0.50685793 , -0.861125 , 0.039481595    ,10.875 , -48.5 , -10.0625
39398192  , -6.469665 , 10.991621 , -0.50395286    , 0.5068579 , -0.8611249 , 0.03948161    ,9.8125 , -47.0 , -12.75
488281  , -6.428804 , 10.18802 , -0.6946377    , 0.5327676 , -0.8443012 , 0.057565987    ,9.8125 , -47.0 , -12.75
38574218  , -6.428804 , 10.18802 , -0.6946377    , 0.53276765 , -0.8443013 , 0.057565972    ,7.0625 , -45.3125 , -16.1875
518799  , -6.0474343 , 8.730643 , 1.3756552    , 0.5646926 , -0.81524324 , -0.12845488    ,7.0625 , -45.3125 , -16.1875
39093017  , -6.0474343 , 8.730643 , 1.3756552    , 0.5646926 , -0.8152432 , -0.12845486    ,2.5 , -43.0625 , -19.625
488281  , -4.903325 , 7.3958488 , 1.1849703    , 0.54771113 , -0.826131 , -0.13236351    ,2.5 , -43.0625 , -19.625
38909911  , -4.903325 , 7.3958488 , 1.1849703    , 0.5477112 , -0.82613105 , -0.13236356    ,-3.375 , -39.3125 , -22.5625
488281  , -2.8738933 , 6.5513873 , 2.2201166    , 0.3836675 , -0.8746164 , -0.29638773    ,-3.375 , -39.3125 , -22.5625
81176761  , -2.8738933 , 6.5513873 , 2.2201166    , 0.38366735 , -0.8746162 , -0.2963876    ,-9.6875 , -34.375 , -25.25
305175  , -1.1168685 , 6.5513873 , 4.3312707    , 0.14079267 , -0.82586926 , -0.54600096    ,-9.6875 , -34.375 , -25.25
274658  , -1.1168685 , 6.5513873 , 4.3312707    , 0.14079271 , -0.8258695 , -0.546001    ,-16.0625 , -29.1875 , -27.1875
244141  , 0.3405087 , 5.706926 , 3.7864566    , -0.04965654 , -0.8322439 , -0.55218095    ,-16.0625 , -29.1875 , -27.1875
15472413  , 0.3405087 , 5.706926 , 3.7864566    , -0.049656555 , -0.8322439 , -0.55218095    ,-21.625 , -22.5 , -27.6875
244140  , 0.7627395 , 4.6036777 , 4.399372    , -0.11893137 , -0.7178356 , -0.68597895    ,-21.625 , -22.5 , -27.6875
30242920  , 0.7627395 , 4.6036777 , 4.399372    , -0.11893137 , -0.71783566 , -0.6859789    ,-26.9375 , -16.3125 , -27.1875
244140  , 1.56634 , 4.1814466 , 3.9090397    , -0.26393723 , -0.70459753 , -0.6586954    ,-26.9375 , -16.3125 , -27.1875
28900147  , 1.56634 , 4.1814466 , 3.9090397    , -0.26393712 , -0.70459735 , -0.6586952    ,-31.25 , -10.125 , -24.75
305176  , 2.3699405 , 3.3778462 , 3.336985    , -0.4465871 , -0.6365149 , -0.6288152    ,-31.25 , -10.125 , -24.75
40405274  , 2.3699405 , 3.3778462 , 3.336985    , -0.44658718 , -0.636515 , -0.62881523    ,-35.0625 , -4.125 , -20.625
518799  , 2.4925237 , 2.3426998 , 2.4925237    , -0.58890873 , -0.5535098 , -0.5889088    ,-35.0625 , -4.125 , -20.625
38879395  , 2.4925237 , 2.3426998 , 2.4925237    , -0.5889088 , -0.55350983 , -0.5889088    ,-38.125 , 0.5625 , -15.9375
518799  , 4.0180025 , 1.1849703 , 1.6480621    , -0.89256746 , -0.26323178 , -0.3661039    ,-38.125 , 0.5625 , -15.9375
38696289  , 4.0180025 , 1.1849703 , 1.6480621    , -0.89256746 , -0.26323178 , -0.366104    ,-39.625 , 5.25 , -10.3125
488281  , 4.903325 , 0.23154591 , 1.1168685    , -0.97399443 , -0.045994185 , -0.2218543    ,-39.625 , 5.25 , -10.3125
38787841  , 4.903325 , 0.23154591 , 1.1168685    , -0.9739944 , -0.045994174 , -0.2218543    ,-40.9375 , 8.75 , -5.9375
518798  , 5.134871 , -0.95342433 , -0.19068487    , -0.9825408 , 0.18243463 , 0.036486927    ,-40.9375 , 8.75 , -5.9375
39001464  , 5.134871 , -0.95342433 , -0.19068487    , -0.9825407 , 0.18243463 , 0.036486924    ,-40.9375 , 11.4375 , -2.75
488281  , 5.5571017 , -0.53119355 , 0.8036005    , -0.985306 , 0.09418367 , -0.14248298    ,-40.9375 , 11.4375 , -2.75
38848876  , 5.5571017 , -0.53119355 , 0.8036005    , -0.9853059 , 0.09418365 , -0.14248297    ,-40.6875 , 13.1875 , -0.8125
549316  , 6.469665 , -1.6889231 , 2.6832085    , -0.8979702 , 0.23441747 , -0.37242132    ,-40.6875 , 13.1875 , -0.8125
73364255  , 6.469665 , -1.6889231 , 2.6832085    , -0.89797044 , 0.23441756 , -0.37242144    ,-41.1875 , 14.1875 , -0.0625
213623  , 6.701211 , -1.9885708 , 3.3778462    , -0.8631792 , 0.25614667 , -0.43509847    ,-41.1875 , 14.1875 , -0.0625
19592284  , 6.701211 , -1.9885708 , 3.3778462    , -0.86317927 , 0.2561467 , -0.4350985    ,-40.6875 , 14.9375 , -1.0625
4058838  , 5.7886477 , -2.8738933 , 3.636633    , -0.7805922 , 0.38754106 , -0.4903956    ,-40.6875 , 14.9375 , -1.0625
37963869  , 5.7886477 , -2.8738933 , 3.636633    , -0.78059214 , 0.38754106 , -0.49039555    ,-40.4375 , 16.1875 , -3.0
244141  , 5.7477865 , -2.8738933 , 4.8216033    , -0.71543825 , 0.35771912 , -0.6001544    ,-40.4375 , 16.1875 , -3.0
23101808  , 5.7477865 , -2.8738933 , 4.8216033    , -0.71543837 , 0.35771915 , -0.60015446    ,-40.1875 , 17.875 , -6.4375
244141  , 5.597963 , -3.1054392 , 6.3607025    , -0.6203153 , 0.3441165 , -0.70483524    ,-40.1875 , 17.875 , -6.4375
40649415  , 5.597963 , -3.1054392 , 6.3607025    , -0.62031525 , 0.34411645 , -0.70483524    ,-38.875 , 18.875 , -10.5625
213623  , 3.990762 , -2.3018389 , 6.6331096    , -0.49414697 , 0.28501996 , -0.8213296    ,-38.875 , 18.875 , -10.5625
32531738  , 3.990762 , -2.3018389 , 6.6331096    , -0.49414694 , 0.2850199 , -0.8213296    ,-37.875 , 18.375 , -15.9375
213623  , 3.0645783 , -2.4108016 , 8.662541    , -0.32259926 , 0.25377807 , -0.9118806    ,-37.875 , 18.375 , -15.9375
34240723  , 3.0645783 , -2.4108016 , 8.662541    , -0.32259923 , 0.2537781 , -0.91188055    ,-35.0625 , 16.1875 , -23.0625
1007080  , 2.9147544 , -2.0294318 , 11.073342    , -0.25064564 , 0.17451495 , -0.9522191    ,-35.0625 , 16.1875 , -23.0625
29510498  , 2.9147544 , -2.0294318 , 11.073342    , -0.25064567 , 0.17451498 , -0.9522192    ,-31.0 , 12.9375 , -29.625
244140  , 0.50395286 , 1.1849703 , 12.367276    , -0.040529795 , -0.095299795 , -0.9946233    ,-31.0 , 12.9375 , -29.625
32409668  , 0.50395286 , 1.1849703 , 12.367276    , -0.040529795 , -0.09529979 , -0.9946231    ,-25.6875 , 8.25 , -36.5
244141  , -0.61291564 , 2.3699405 , 14.437569    , 0.041855466 , -0.16184112 , -0.98592865    ,-25.6875 , 8.25 , -36.5
28015137  , -0.61291564 , 2.3699405 , 14.437569    , 0.041855454 , -0.16184112 , -0.9859288    ,-18.0625 , 1.8125 , -41.125
213623  , -0.95342433 , 4.2904096 , 15.5135765    , 0.059130296 , -0.26608628 , -0.9621341    ,-18.0625 , 1.8125 , -41.125
31311035  , -0.95342433 , 4.2904096 , 15.5135765    , 0.05913026 , -0.26608616 , -0.96213377    ,-9.6875 , -4.625 , -42.625
213623  , -3.568531 , 6.66035 , 14.410328    , 0.21931571 , -0.4093335 , -0.8856336    ,-9.6875 , -4.625 , -42.625
335693  , -3.568531 , 6.66035 , 14.410328    , 0.21931571 , -0.4093335 , -0.8856336    ,-0.3125 , -12.0625 , -41.375
274658  , -6.469665 , 7.3549876 , 13.443283    , 0.38895324 , -0.44217846 , -0.808204    ,-0.3125 , -12.0625 , -41.375
25115967  , -6.469665 , 7.3549876 , 13.443283    , 0.38895327 , -0.44217843 , -0.80820394    ,9.3125 , -18.75 , -38.6875
244141  , -7.6954966 , 8.62168 , 11.563675    , 0.47071654 , -0.5273692 , -0.7073244    ,9.3125 , -18.75 , -38.6875
39306640  , -7.6954966 , 8.62168 , 11.563675    , 0.47071645 , -0.5273691 , -0.7073243    ,17.4375 , -23.0 , -35.0
427246  , -8.580819 , 8.730643 , 9.888372    , 0.54528457 , -0.55480546 , -0.6283756    ,17.4375 , -23.0 , -35.0
38360594  , -8.580819 , 8.730643 , 9.888372    , 0.54528457 , -0.55480534 , -0.62837553    ,22.75 , -26.4375 , -30.375
427246  , -8.962189 , 8.62168 , 8.308413    , 0.5992343 , -0.5764673 , -0.5555212    ,22.75 , -26.4375 , -30.375
39215086  , -8.962189 , 8.62168 , 8.308413    , 0.5992343 , -0.576467 , -0.55552113    ,26.8125 , -28.4375 , -26.0
457764  , -9.575105 , 8.076866 , 6.5922484    , 0.67642635 , -0.57058436 , -0.46570468    ,26.8125 , -28.4375 , -26.0
38909913  , -9.575105 , 8.076866 , 6.5922484    , 0.6764264 , -0.57058436 , -0.46570453    ,29.125 , -29.9375 , -21.3125
427246  , -9.997335 , 7.6273947 , 5.243834    , 0.7337868 , -0.5598374 , -0.38488814    ,29.125 , -29.9375 , -21.3125
39642335  , -9.997335 , 7.6273947 , 5.243834    , 0.7337869 , -0.5598374 , -0.38488817    ,30.125 , -31.4375 , -16.6875
518798  , -9.534244 , 7.014479 , 4.2495484    , 0.7581117 , -0.5577537 , -0.3379013    ,30.125 , -31.4375 , -16.6875
38635255  , -9.534244 , 7.014479 , 4.2495484    , 0.7581117 , -0.5577537 , -0.33790138    ,31.125 , -32.625 , -14.0
518799  , -9.302697 , 6.742072 , 2.9147544    , 0.7848449 , -0.5688115 , -0.24591048    ,31.125 , -32.625 , -14.0
38940431  , -9.302697 , 6.742072 , 2.9147544    , 0.7848448 , -0.5688115 , -0.24591035    ,31.125 , -33.625 , -12.0625
518799  , -8.812365 , 7.082581 , 2.2609777    , 0.7643222 , -0.6142929 , -0.19610119    ,31.125 , -33.625 , -12.0625
38970948  , -8.812365 , 7.082581 , 2.2609777    , 0.76432216 , -0.6142929 , -0.19610123    ,30.125 , -34.875 , -11.3125
518799  , -7.43671 , 6.8237944 , 2.2201166    , 0.71961445 , -0.66030556 , -0.21482988    ,30.125 , -34.875 , -11.3125
39306641  , -7.43671 , 6.8237944 , 2.2201166    , 0.7196144 , -0.66030556 , -0.21482995    ,28.625 , -35.875 , -12.0625
518799  , -6.891896 , 6.973618 , 2.4108016    , 0.68259513 , -0.6906892 , -0.2387734    ,28.625 , -35.875 , -12.0625
38818359  , -6.891896 , 6.973618 , 2.4108016    , 0.68259513 , -0.69068915 , -0.23877333    ,26.5625 , -36.875 , -12.5
518799  , -6.238119 , 7.3141265 , 2.1792557    , 0.63286424 , -0.74202645 , -0.2210879    ,26.5625 , -36.875 , -12.5
38726807  , -6.238119 , 7.3141265 , 2.1792557    , 0.6328641 , -0.7420263 , -0.22108799    ,24.0625 , -37.875 , -13.75
518799  , -5.407278 , 6.5922484 , 1.920469    , 0.6186938 , -0.75427663 , -0.21973759    ,24.0625 , -37.875 , -13.75
38665771  , -5.407278 , 6.5922484 , 1.920469    , 0.6186937 , -0.75427663 , -0.21973756    ,22.0 , -38.125 , -15.25
488282  , -4.7943625 , 7.0553403 , 1.920469    , 0.5483232 , -0.8069074 , -0.21964082    ,22.0 , -38.125 , -15.25
39154052  , -4.7943625 , 7.0553403 , 1.920469    , 0.5483231 , -0.8069073 , -0.21964076    ,19.75 , -38.625 , -16.4375
488282  , -4.671779 , 7.1234417 , 1.9477097    , 0.53461635 , -0.815173 , -0.22288673    ,19.75 , -38.625 , -16.4375
39001463  , -4.671779 , 7.1234417 , 1.9477097    , 0.5346163 , -0.815173 , -0.22288668    ,17.1875 , -39.125 , -18.625
488281  , -3.636633 , 7.43671 , 2.7649305    , 0.4166719 , -0.85207105 , -0.3167955    ,17.1875 , -39.125 , -18.625
38940428  , -3.636633 , 7.43671 , 2.7649305    , 0.4166721 , -0.8520709 , -0.31679562    ,13.125 , -39.125 , -21.3125
518799  , -2.3018389 , 7.8180795 , 3.990762    , 0.25365943 , -0.86154145 , -0.43977645    ,13.125 , -39.125 , -21.3125
38696287  , -2.3018389 , 7.8180795 , 3.990762    , 0.2536595 , -0.8615414 , -0.4397764    ,7.5625 , -38.625 , -25.25
488281  , -1.4573772 , 7.9679036 , 4.8216033    , 0.15460393 , -0.8452645 , -0.51149344    ,7.5625 , -38.625 , -25.25
39550783  , -1.4573772 , 7.9679036 , 4.8216033    , 0.15460394 , -0.84526473 , -0.5114935    ,0.6875 , -36.875 , -28.6875
518799  , -0.0 , 7.5865335 , 5.284695    , 0.0 , -0.82054484 , -0.57158244    ,0.6875 , -36.875 , -28.6875
38391115  , -0.0 , 7.5865335 , 5.284695    , -1.4901161E-8 , -0.8205446 , -0.57158226    ,-6.9375 , -33.375 , -31.125
518799  , 0.46309182 , 6.2108784 , 5.2165933    , -0.057001665 , -0.764493 , -0.64210707    ,-6.9375 , -33.375 , -31.125
39031984  , 0.46309182 , 6.2108784 , 5.2165933    , -0.057001665 , -0.7644929 , -0.642107    ,-14.5 , -29.1875 , -32.5625
488281  , 1.9885708 , 5.134871 , 4.7943625    , -0.27236286 , -0.7032933 , -0.6566559    ,-14.5 , -29.1875 , -32.5625
64025880  , 1.9885708 , 5.134871 , 4.7943625    , -0.27236295 , -0.7032933 , -0.65665585    ,-22.125 , -24.5 , -31.375
274658  , 2.7240696 , 4.1814466 , 4.140586    , -0.42008543 , -0.6448313 , -0.6385302    ,-22.125 , -24.5 , -31.375
3356934  , 2.7240696 , 4.1814466 , 4.140586    , -0.4200856 , -0.6448313 , -0.63853014    ,-28.75 , -19.5 , -29.125
244140  , 3.5276701 , 3.5276701 , 3.718355    , -0.5669542 , -0.5669542 , -0.59760034    ,-28.75 , -19.5 , -29.125
29541016  , 3.5276701 , 3.5276701 , 3.718355    , -0.56695414 , -0.56695414 , -0.5976002    ,-34.3125 , -15.0625 , -26.0
244141  , 4.0180025 , 2.4516625 , 3.255263    , -0.70209056 , -0.42839426 , -0.5688123    ,-34.3125 , -15.0625 , -26.0
29785156  , 4.0180025 , 2.4516625 , 3.255263    , -0.70209044 , -0.42839414 , -0.5688122    ,-38.125 , -11.0625 , -22.8125
305175  , 4.399372 , 1.3756552 , 3.1463003    , -0.78829503 , -0.24649483 , -0.56376517    ,-38.125 , -11.0625 , -22.8125
30426025  , 4.399372 , 1.3756552 , 3.1463003    , -0.788295 , -0.24649474 , -0.56376517    ,-41.1875 , -7.625 , -18.375
488281  , 5.09401 , 1.1168685 , 2.9147544    , -0.8526554 , -0.18694592 , -0.48788306    ,-41.1875 , -7.625 , -18.375
38269043  , 5.09401 , 1.1168685 , 2.9147544    , -0.85265565 , -0.18694589 , -0.48788327    ,-43.1875 , -3.875 , -14.25
488281  , 5.366417 , 1.6480621 , 2.4925237    , -0.87368923 , -0.26831576 , -0.4057998    ,-43.1875 , -3.875 , -14.25
39398193  , 5.366417 , 1.6480621 , 2.4925237    , -0.8736893 , -0.2683158 , -0.40579993    ,-44.5 , 0.0625 , -10.3125
518799  , 5.053149 , 1.0351465 , 0.8036005    , -0.9679792 , -0.19829223 , -0.1539374    ,-44.5 , 0.0625 , -10.3125
38543700  , 5.053149 , 1.0351465 , 0.8036005    , -0.96797895 , -0.19829218 , -0.15393737    ,-45.5 , 3.5625 , -6.1875
518799  , 5.829509 , 0.3405087 , 0.08172209    , -0.99820054 , -0.058306105 , -0.013993463    ,-45.5 , 3.5625 , -6.1875
39825438  , 5.829509 , 0.3405087 , 0.08172209    , -0.9982006 , -0.058306113 , -0.013993464    ,-45.5 , 6.75 , -4.0
488281  , 6.851035 , -1.607201 , -0.14982383    , -0.97334874 , 0.22834027 , 0.021285951    ,-45.5 , 6.75 , -4.0
38208007  , 6.851035 , -1.607201 , -0.14982383    , -0.9733487 , 0.22834024 , 0.021285951    ,-45.0 , 8.75 , -2.5
488281  , 6.3607025 , -1.7570249 , 0.5720546    , -0.96029955 , 0.26526478 , -0.086365305    ,-45.0 , 8.75 , -2.5
38848878  , 6.3607025 , -1.7570249 , 0.5720546    , -0.9602996 , 0.26526478 , -0.08636527    ,-44.5 , 9.75 , -2.75
488281  , 6.469665 , -2.6423476 , 2.7240696    , -0.86255205 , 0.35228443 , -0.36317983    ,-44.5 , 9.75 , -2.75
38848879  , 6.469665 , -2.6423476 , 2.7240696    , -0.86255205 , 0.35228443 , -0.36317983    ,-43.6875 , 10.9375 , -4.1875
518799  , 7.6273947 , -2.7921712 , 4.2086873    , -0.8337748 , 0.30522114 , -0.460065    ,-43.6875 , 10.9375 , -4.1875
39184572  , 7.6273947 , -2.7921712 , 4.2086873    , -0.8337747 , 0.30522108 , -0.46006495    ,-42.6875 , 11.9375 , -6.6875
488282  , 6.851035 , -3.2961242 , 5.09401    , -0.7486239 , 0.36017293 , -0.5566308    ,-42.6875 , 11.9375 , -6.6875
38909913  , 6.851035 , -3.2961242 , 5.09401    , -0.7486238 , 0.36017287 , -0.55663073    ,-41.6875 , 12.9375 , -10.0625
518799  , 6.782933 , -2.1792557 , 6.3198414    , -0.71222854 , 0.22882847 , -0.66360253    ,-41.6875 , 12.9375 , -10.0625
38604737  , 6.782933 , -2.1792557 , 6.3198414    , -0.7122285 , 0.22882839 , -0.6636024    ,-40.6875 , 13.4375 , -13.25
213623  , 6.4015636 , -2.4516625 , 7.3141265    , -0.638603 , 0.24457133 , -0.72963786    ,-40.6875 , 13.4375 , -13.25
28656007  , 6.4015636 , -2.4516625 , 7.3141265    , -0.63860285 , 0.2445713 , -0.72963774    ,-39.125 , 12.9375 , -16.9375
244141  , 4.5219555 , -1.4165162 , 8.008764    , -0.4859371 , 0.15222126 , -0.8606356    ,-39.125 , 12.9375 , -16.9375
39703370  , 4.5219555 , -1.4165162 , 8.008764    , -0.4859372 , 0.15222128 , -0.86063576    ,-36.875 , 12.5 , -20.375
274658  , 2.4925237 , 0.6537767 , 8.471856    , -0.28147948 , -0.073830694 , -0.9567226    ,-36.875 , 12.5 , -20.375
39978027  , 2.4925237 , 0.6537767 , 8.471856    , -0.28147948 , -0.07383068 , -0.9567225    ,-34.5625 , 10.3125 , -24.75
488281  , 1.6480621 , 0.6946377 , 11.114203    , -0.14640093 , -0.061706178 , -0.9872988    ,-34.5625 , 10.3125 , -24.75
39062500  , 1.6480621 , 0.6946377 , 11.114203    , -0.14640096 , -0.06170618 , -0.98729897    ,-30.5 , 6.0625 , -29.625
488281  , -0.9125633 , 2.8738933 , 12.258313    , 0.07228957 , -0.2276582 , -0.97105396    ,-30.5 , 6.0625 , -29.625
39184570  , -0.9125633 , 2.8738933 , 12.258313    , 0.07228959 , -0.22765823 , -0.97105414    ,-23.9375 , 1.375 , -33.5
488281  , -2.7513103 , 6.0201936 , 13.402422    , 0.18406096 , -0.40274718 , -0.89661366    ,-23.9375 , 1.375 , -33.5
38696288  , -2.7513103 , 6.0201936 , 13.402422    , 0.18406098 , -0.40274727 , -0.89661384    ,-14.375 , -4.5 , -35.6875
488281  , -3.8273177 , 5.706926 , 15.28203    , 0.22841707 , -0.3405934 , -0.91204256    ,-14.375 , -4.5 , -35.6875
39184569  , -3.8273177 , 5.706926 , 15.28203    , 0.22841708 , -0.34059346 , -0.9120427    ,-3.5625 , -10.9375 , -37.1875
488281  , -6.2108784 , 6.701211 , 12.980191    , 0.39127442 , -0.4221645 , -0.8177293    ,-3.5625 , -10.9375 , -37.1875
60302733  , -6.2108784 , 6.701211 , 12.980191    , 0.39127445 , -0.4221646 , -0.8177293    ,7.8125 , -15.5625 , -36.125
274658  , -8.880466 , 6.932757 , 10.760075    , 0.57002836 , -0.4450068 , -0.6906786    ,7.8125 , -15.5625 , -36.125
6774903  , -8.880466 , 6.932757 , 10.760075    , 0.5700283 , -0.44500673 , -0.6906785    ,17.5 , -18.5625 , -33.1875
274658  , -9.615966 , 7.4639506 , 8.471856    , 0.6483824 , -0.50327694 , -0.5712377    ,17.5 , -18.5625 , -33.1875
29907227  , -9.615966 , 7.4639506 , 8.471856    , 0.6483823 , -0.50327694 , -0.5712376    ,24.125 , -19.8125 , -30.0
244141  , -10.18802 , 7.3549876 , 6.5513873    , 0.7189434 , -0.5190233 , -0.46231523    ,24.125 , -19.8125 , -30.0
30700684  , -10.18802 , 7.3549876 , 6.5513873    , 0.7189435 , -0.51902324 , -0.46231526    ,29.4375 , -20.5625 , -26.375
366210  , -9.997335 , 6.469665 , 6.0882955    , 0.7475061 , -0.4837404 , -0.4552251    ,29.4375 , -20.5625 , -26.375
38879396  , -9.997335 , 6.469665 , 6.0882955    , 0.74750596 , -0.4837406 , -0.45522517    ,33.0 , -20.8125 , -22.1875
427246  , -10.18802 , 5.8976107 , 4.5219555    , 0.80789745 , -0.46767333 , -0.35858554    ,33.0 , -20.8125 , -22.1875
38482667  , -10.18802 , 5.8976107 , 4.5219555    , 0.8078974 , -0.46767324 , -0.35858548    ,35.25 , -20.8125 , -18.5
457764  , -10.651112 , 5.5162406 , 3.8681788    , 0.84511876 , -0.43768942 , -0.30692294    ,35.25 , -20.8125 , -18.5
39733887  , -10.651112 , 5.5162406 , 3.8681788    , 0.8451188 , -0.43768972 , -0.30692285    ,37.375 , -20.25 , -15.375
488281  , -10.378705 , 5.407278 , 3.5957718    , 0.8477406 , -0.44167078 , -0.29370537    ,37.375 , -20.25 , -15.375
38421631  , -10.378705 , 5.407278 , 3.5957718    , 0.84774077 , -0.44166988 , -0.29370603    ,37.875 , -20.0 , -13.4375
488282  , -9.915613 , 6.0201936 , 3.5957718    , 0.81646174 , -0.49570888 , -0.29607934    ,37.875 , -20.0 , -13.4375
39154052  , -9.915613 , 6.0201936 , 3.5957718    , 0.8164617 , -0.49570885 , -0.29607964    ,38.125 , -19.9375 , -13.6875
488281  , -9.997335 , 5.8976107 , 2.4108016    , 0.84330267 , -0.4974796 , -0.20335773    ,38.125 , -19.9375 , -13.6875
38787842  , -9.997335 , 5.8976107 , 2.4108016    , 0.84330285 , -0.49747968 , -0.20335776    ,37.5625 , -20.375 , -14.9375
518799  , -9.847511 , 5.434519 , 3.336985    , 0.83936244 , -0.46321657 , -0.28443122    ,37.5625 , -20.375 , -14.9375
39123535  , -9.847511 , 5.434519 , 3.336985    , 0.8393624 , -0.46321654 , -0.28443128    ,36.3125 , -21.875 , -16.125
488281  , -10.106298 , 5.829509 , 3.5957718    , 0.82780135 , -0.4774917 , -0.2945277    ,36.3125 , -21.875 , -16.125
38818358  , -10.106298 , 5.829509 , 3.5957718    , 0.8278013 , -0.47749174 , -0.29452768    ,34.9375 , -23.875 , -17.8125
488281  , -9.888372 , 6.701211 , 3.405087    , 0.7961024 , -0.5395073 , -0.27413994    ,34.9375 , -23.875 , -17.8125
39062499  , -9.888372 , 6.701211 , 3.405087    , 0.7961024 , -0.5395074 , -0.27413994    ,33.4375 , -25.3125 , -18.75
518799  , -9.302697 , 6.891896 , 2.9147544    , 0.7792007 , -0.5772702 , -0.24414194    ,33.4375 , -25.3125 , -18.75
38879394  , -9.302697 , 6.891896 , 2.9147544    , 0.77920085 , -0.57727027 , -0.244142    ,31.125 , -26.5625 , -20.25
518799  , -8.240311 , 6.973618 , 2.8738933    , 0.7376459 , -0.62425566 , -0.2572616    ,31.125 , -26.5625 , -20.25
39123536  , -8.240311 , 6.973618 , 2.8738933    , 0.737646 , -0.6242557 , -0.2572616    ,28.125 , -27.5625 , -21.75
518799  , -5.5162406 , 6.891896 , 2.6423476    , 0.59864026 , -0.74793077 , -0.28675607    ,28.125 , -27.5625 , -21.75
38635256  , -5.5162406 , 6.891896 , 2.6423476    , 0.5986403 , -0.74793094 , -0.28675616    ,24.5625 , -28.3125 , -23.5
518799  , -5.243834 , 7.668256 , 3.255263    , 0.5327145 , -0.7790084 , -0.33069804    ,24.5625 , -28.3125 , -23.5
39123537  , -5.243834 , 7.668256 , 3.255263    , 0.5327145 , -0.7790084 , -0.33069807    ,19.3125 , -29.125 , -26.6875
488281  , -5.938472 , 8.281172 , 2.8738933    , 0.56087637 , -0.7821394 , -0.27143323    ,19.3125 , -29.125 , -26.6875
38635255  , -5.938472 , 8.281172 , 2.8738933    , 0.5608762 , -0.7821394 , -0.27143317    ,13.6875 , -29.125 , -29.125
488282  , -4.440233 , 8.049625 , 3.718355    , 0.44775906 , -0.811735 , -0.37496394    ,13.6875 , -29.125 , -29.125
39245606  , -4.440233 , 8.049625 , 3.718355    , 0.4477591 , -0.8117351 , -0.37496394    ,6.875 , -28.125 , -32.0625
518799  , -3.255263 , 7.4639506 , 3.759216    , 0.36295497 , -0.83221483 , -0.4191447    ,6.875 , -28.125 , -32.0625
38787842  , -3.255263 , 7.4639506 , 3.759216    , 0.362955 , -0.83221483 , -0.41914475    ,-0.0 , -26.125 , -34.0625
488282  , -1.525479 , 5.597963 , 4.140586    , 0.21401149 , -0.7853457 , -0.5808883    ,-0.0 , -26.125 , -34.0625
39093017  , -1.525479 , 5.597963 , 4.140586    , 0.21401148 , -0.78534555 , -0.5808882    ,-6.875 , -22.6875 , -35.0
488281  , 0.19068487 , 4.862464 , 4.2495484    , -0.029515311 , -0.75264037 , -0.65776974    ,-6.875 , -22.6875 , -35.0
73364257  , 0.19068487 , 4.862464 , 4.2495484    , -0.029515266 , -0.7526405 , -0.6577699    ,-13.1875 , -18.4375 , -35.0
274658  , 1.1849703 , 4.3312707 , 4.5628166    , -0.18509887 , -0.6765682 , -0.71273696    ,-13.1875 , -18.4375 , -35.0
213623  , 1.1849703 , 4.3312707 , 4.5628166    , -0.18509889 , -0.67656827 , -0.712737    ,-18.75 , -13.75 , -34.5625
213623  , 2.1111538 , 3.445948 , 4.4810944    , -0.349864 , -0.5710683 , -0.7426145    ,-18.75 , -13.75 , -34.5625
23284912  , 2.1111538 , 3.445948 , 4.4810944    , -0.34986407 , -0.5710683 , -0.74261457    ,-24.125 , -8.3125 , -33.3125
274659  , 2.7921712 , 2.4925237 , 4.1814466    , -0.497545 , -0.4441499 , -0.7451039    ,-24.125 , -8.3125 , -33.3125
29571532  , 2.7921712 , 2.4925237 , 4.1814466    , -0.497545 , -0.44414994 , -0.74510396    ,-28.4375 , -3.125 , -30.875
213623  , 3.405087 , 1.6480621 , 3.405087    , -0.6690113 , -0.32380146 , -0.6690113    ,-28.4375 , -3.125 , -30.875
30548094  , 3.405087 , 1.6480621 , 3.405087    , -0.6690115 , -0.32380155 , -0.6690114    ,-31.75 , 1.125 , -28.9375
396728  , 3.6774938 , 0.88532263 , 2.9147544    , -0.77010643 , -0.18539597 , -0.61038065    ,-31.75 , 1.125 , -28.9375
39886473  , 3.6774938 , 0.88532263 , 2.9147544    , -0.7701064 , -0.18539597 , -0.61038065    ,-34.5 , 5.0625 , -25.75
518799  , 4.2495484 , 0.19068487 , 2.7240696    , -0.8412793 , -0.037749708 , -0.5392816    ,-34.5 , 5.0625 , -25.75
37841795  , 4.2495484 , 0.19068487 , 2.7240696    , -0.84127915 , -0.037749704 , -0.5392815    ,-36.3125 , 8.0625 , -22.8125
518798  , 5.938472 , -1.0351465 , 3.0237172    , -0.8805728 , 0.15349434 , -0.44836503    ,-36.3125 , 8.0625 , -22.8125
39031984  , 5.938472 , -1.0351465 , 3.0237172    , -0.88057274 , 0.15349436 , -0.44836497    ,-37.5625 , 11.0 , -20.625
518799  , 6.0474343 , -0.61291564 , 2.3426998    , -0.9283402 , 0.09408854 , -0.3596273    ,-37.5625 , 11.0 , -20.625
38787843  , 6.0474343 , -0.61291564 , 2.3426998    , -0.9283404 , 0.094088554 , -0.35962737    ,-38.8125 , 14.0 , -17.4375
518799  , 4.944186 , 0.23154591 , 0.92618364    , -0.98186314 , -0.04598257 , -0.18393028    ,-38.8125 , 14.0 , -17.4375
38970949  , 4.944186 , 0.23154591 , 0.92618364    , -0.98186326 , -0.045982577 , -0.18393031    ,-38.8125 , 16.0 , -15.0
518799  , 5.829509 , -0.5720546 , 1.334794    , -0.97034454 , 0.09522072 , -0.22218166    ,-38.8125 , 16.0 , -15.0
39093018  , 5.829509 , -0.5720546 , 1.334794    , -0.9703445 , 0.09522072 , -0.22218171    ,-39.0625 , 17.25 , -13.5
488281  , 6.0474343 , -0.7218784 , 2.8738933    , -0.8979947 , 0.107193045 , -0.42674968    ,-39.0625 , 17.25 , -13.5
39306641  , 6.0474343 , -0.7218784 , 2.8738933    , -0.89799464 , 0.10719303 , -0.42674968    ,-39.0625 , 17.75 , -12.5
518799  , 6.0882955 , -0.29964766 , 4.2495484    , -0.8193399 , 0.040325433 , -0.5718882    ,-39.0625 , 17.75 , -12.5
38085938  , 6.0882955 , -0.29964766 , 4.2495484    , -0.8193397 , 0.040325418 , -0.5718881    ,-38.8125 , 17.5 , -13.5
244140  , 6.5922484 , -0.27240697 , 5.434519    , -0.77121615 , 0.031868443 , -0.6357752    ,-38.8125 , 17.5 , -13.5
28930665  , 6.5922484 , -0.27240697 , 5.434519    , -0.77121603 , 0.031868428 , -0.63577515    ,-38.3125 , 17.75 , -15.4375
244141  , 6.2789803 , -0.8036005 , 6.4424243    , -0.6951961 , 0.088973045 , -0.7132923    ,-38.3125 , 17.75 , -15.4375
29479980  , 6.2789803 , -0.8036005 , 6.4424243    , -0.69519615 , 0.088973075 , -0.7132924    ,-37.3125 , 17.75 , -17.4375
305175  , 6.5922484 , -1.334794 , 7.1234417    , -0.6728788 , 0.13624404 , -0.7270984    ,-37.3125 , 17.75 , -17.4375
29693603  , 6.5922484 , -1.334794 , 7.1234417    , -0.6728787 , 0.136244 , -0.7270982    ,-35.8125 , 17.9375 , -19.625
335693  , 6.2789803 , -1.4165162 , 7.7772183    , -0.6219641 , 0.14031292 , -0.770372    ,-35.8125 , 17.9375 , -19.625
30364990  , 6.2789803 , -1.4165162 , 7.7772183    , -0.621964 , 0.14031288 , -0.7703719    ,-34.25 , 18.6875 , -21.3125
488281  , 5.938472 , -1.1168685 , 8.689782    , -0.5610698 , 0.105522305 , -0.82101494    ,-34.25 , 18.6875 , -21.3125
38879394  , 5.938472 , -1.1168685 , 8.689782    , -0.56106985 , 0.10552232 , -0.82101506    ,-33.25 , 18.9375 , -23.3125
488282  , 4.7535014 , -0.7627395 , 9.697687    , -0.4390437 , 0.070448324 , -0.89569944    ,-33.25 , 18.9375 , -23.3125
39001463  , 4.7535014 , -0.7627395 , 9.697687    , -0.4390437 , 0.07044825 , -0.8956994    ,-31.5 , 18.9375 , -25.5
488281  , 3.445948 , -0.08172209 , 10.228881    , -0.3192455 , 0.0075710267 , -0.9476418    ,-31.5 , 18.9375 , -25.5
38604735  , 3.445948 , -0.08172209 , 10.228881    , -0.31924552 , 0.0075710416 , -0.94764185    ,-28.6875 , 18.9375 , -28.9375
518799  , -1.0351465 , 1.607201 , 11.454713    , 0.08913577 , -0.13839501 , -0.9863577    ,-28.6875 , 18.9375 , -28.9375
40466310  , -1.0351465 , 1.607201 , 11.454713    , 0.08913579 , -0.13839504 , -0.9863578    ,-25.125 , 16.4375 , -32.8125
488281  , -0.61291564 , 2.3018389 , 14.750836    , 0.041019835 , -0.15405229 , -0.98721075    ,-25.125 , 16.4375 , -32.8125
37170412  , -0.61291564 , 2.3018389 , 14.750836    , 0.041019842 , -0.15405229 , -0.9872108    ,-19.3125 , 12.3125 , -36.4375
488281  , -1.334794 , 2.9556155 , 14.601013    , 0.08924307 , -0.1976097 , -0.9762101    ,-19.3125 , 12.3125 , -36.4375
57739259  , -1.334794 , 2.9556155 , 14.601013    , 0.08924309 , -0.1976097 , -0.9762101    ,-11.6875 , 9.375 , -40.125
244141  , -4.7535014 , 3.568531 , 14.056199    , 0.3114744 , -0.23382893 , -0.92103624    ,-11.6875 , 9.375 , -40.125
9765626  , -4.7535014 , 3.568531 , 14.056199    , 0.31147444 , -0.23382893 , -0.9210361    ,-3.6875 , 3.625 , -41.625
244140  , -5.6660647 , 5.434519 , 15.091345    , 0.33307496 , -0.31946376 , -0.8871324    ,-3.6875 , 3.625 , -41.625
29693604  , -5.6660647 , 5.434519 , 15.091345    , 0.333075 , -0.3194638 , -0.8871324    ,5.1875 , -0.5625 , -41.375
244140  , -6.2108784 , 6.782933 , 15.28203    , 0.34822106 , -0.38029408 , -0.8568071    ,5.1875 , -0.5625 , -41.375
29357910  , -6.2108784 , 6.782933 , 15.28203    , 0.34822106 , -0.38029408 , -0.85680705    ,13.625 , -3.5625 , -40.25
274658  , -6.0201936 , 7.014479 , 13.947236    , 0.35979402 , -0.41921702 , -0.8335499    ,13.625 , -3.5625 , -40.25
30670166  , -6.0201936 , 7.014479 , 13.947236    , 0.35979396 , -0.419217 , -0.8335499    ,20.75 , -6.75 , -37.5625
427246  , -7.3549876 , 7.1234417 , 11.563675    , 0.47619534 , -0.461204 , -0.74868476    ,20.75 , -6.75 , -37.5625
38330078  , -7.3549876 , 7.1234417 , 11.563675    , 0.47619534 , -0.461204 , -0.74868476    ,26.0625 , -8.75 , -34.875
457763  , -8.689782 , 6.973618 , 9.765789    , 0.58651286 , -0.47068113 , -0.6591374    ,26.0625 , -8.75 , -34.875
39245605  , -8.689782 , 6.973618 , 9.765789    , 0.58651286 , -0.47068113 , -0.6591375    ,30.0625 , -10.25 , -32.0625
427246  , -9.466142 , 6.66035 , 8.349273    , 0.6632854 , -0.46668568 , -0.5850272    ,30.0625 , -10.25 , -32.0625
38940429  , -9.466142 , 6.66035 , 8.349273    , 0.66328543 , -0.46668577 , -0.5850273    ,32.625 , -10.9375 , -29.125
427246  , -9.724928 , 6.238119 , 6.891896    , 0.72287506 , -0.463693 , -0.51228964    ,32.625 , -10.9375 , -29.125
39276122  , -9.724928 , 6.238119 , 6.891896    , 0.722875 , -0.46369296 , -0.5122896    ,34.125 , -11.9375 , -26.4375
427246  , -10.038197 , 6.0882955 , 5.325556    , 0.7786596 , -0.47226697 , -0.41310155    ,34.125 , -11.9375 , -26.4375
38970946  , -10.038197 , 6.0882955 , 5.325556    , 0.7786595 , -0.4722671 , -0.4131016    ,34.625 , -13.1875 , -24.75
427246  , -10.147159 , 6.891896 , 4.0180025    , 0.7861353 , -0.5339388 , -0.31128842    ,34.625 , -13.1875 , -24.75
39367674  , -10.147159 , 6.891896 , 4.0180025    , 0.7861352 , -0.53393877 , -0.3112884    ,34.375 , -15.1875 , -23.3125
213623  , -9.80665 , 7.5456724 , 4.140586    , 0.7515788 , -0.57829815 , -0.31733334    ,34.375 , -15.1875 , -23.3125
28991698  , -9.80665 , 7.5456724 , 4.140586    , 0.7515787 , -0.57829803 , -0.31733328    ,32.9375 , -17.1875 , -22.0
274658  , -8.267551 , 7.43671 , 4.140586    , 0.6967441 , -0.6267253 , -0.34894598    ,32.9375 , -17.1875 , -22.0
29205323  , -8.267551 , 7.43671 , 4.140586    , 0.696744 , -0.6267254 , -0.34894603    ,30.9375 , -19.625 , -21.8125
244141  , -7.246025 , 7.7363577 , 3.8681788    , 0.64217496 , -0.68563044 , -0.34281516    ,30.9375 , -19.625 , -21.8125
29754640  , -7.246025 , 7.7363577 , 3.8681788    , 0.642175 , -0.68563044 , -0.34281522    ,28.4375 , -22.125 , -21.5625
274658  , -6.891896 , 8.349273 , 3.486809    , 0.6059376 , -0.7340706 , -0.30656123    ,28.4375 , -22.125 , -21.5625
39733888  , -6.891896 , 8.349273 , 3.486809    , 0.60593754 , -0.73407054 , -0.30656132    ,25.375 , -23.875 , -22.3125
457764  , -6.3607025 , 8.19945 , 2.9556155    , 0.5894971 , -0.75990844 , -0.27392048    ,25.375 , -23.875 , -22.3125
39245607  , -6.3607025 , 8.19945 , 2.9556155    , 0.58949697 , -0.75990844 , -0.27392048    ,22.625 , -25.5 , -23.0625
488282  , -5.134871 , 6.851035 , 3.0645783    , 0.56466305 , -0.7533834 , -0.33700055    ,22.625 , -25.5 , -23.0625
39123536  , -5.134871 , 6.851035 , 3.0645783    , 0.56466305 , -0.7533833 , -0.3370005    ,18.875 , -26.25 , -23.75
488281  , -3.336985 , 5.8976107 , 3.336985    , 0.44179007 , -0.7807964 , -0.44179016    ,18.875 , -26.25 , -23.75
38787843  , -3.336985 , 5.8976107 , 3.336985    , 0.44179016 , -0.78079647 , -0.4417902    ,14.25 , -26.0 , -25.25
549316  , -1.920469 , 4.6036777 , 3.990762    , 0.30063078 , -0.72066104 , -0.624715    ,14.25 , -26.0 , -25.25
40924073  , -1.920469 , 4.6036777 , 3.990762    , 0.30063078 , -0.720661 , -0.6247151    ,8.9375 , -24.8125 , -27.6875
518799  , -1.3075534 , 4.7126403 , 4.2495484    , 0.2018142 , -0.7273723 , -0.6558964    ,8.9375 , -24.8125 , -27.6875
36834717  , -1.3075534 , 4.7126403 , 4.2495484    , 0.20181434 , -0.7273725 , -0.65589654    ,2.125 , -22.3125 , -29.625
518799  , 0.23154591 , 4.7943625 , 4.862464    , -0.03388886 , -0.7016995 , -0.7116668    ,2.125 , -22.3125 , -29.625
39245605  , 0.23154591 , 4.7943625 , 4.862464    , -0.033888906 , -0.70169944 , -0.7116667    ,-4.75 , -18.8125 , -31.875
488281  , 1.3075534 , 4.2904096 , 3.9090397    , -0.21977118 , -0.7211241 , -0.6570242    ,-4.75 , -18.8125 , -31.875
85754393  , 1.3075534 , 4.2904096 , 3.9090397    , -0.21977115 , -0.72112405 , -0.65702415    ,-11.125 , -14.875 , -32.8125
305176  , 1.8387469 , 3.486809 , 3.445948    , -0.35118878 , -0.66595805 , -0.6581538    ,-11.125 , -14.875 , -32.8125
244141  , 1.8387469 , 3.486809 , 3.445948    , -0.35118875 , -0.665958 , -0.6581538    ,-16.4375 , -10.875 , -32.3125
244141  , 2.1111538 , 2.3699405 , 2.5606253    , -0.5176887 , -0.5811473 , -0.62790626    ,-16.4375 , -10.875 , -32.3125
11077880  , 2.1111538 , 2.3699405 , 2.5606253    , -0.51768863 , -0.58114725 , -0.62790626    ,-19.75 , -7.6875 , -31.875
274658  , 3.0645783 , 1.3075534 , 2.4925237    , -0.7364984 , -0.3142393 , -0.5990187    ,-19.75 , -7.6875 , -31.875
39276122  , 3.0645783 , 1.3075534 , 2.4925237    , -0.7364986 , -0.31423938 , -0.5990188    ,-22.5 , -4.1875 , -30.375
213623  , 4.0180025 , 0.42223078 , 2.5333846    , -0.8425752 , -0.088541806 , -0.5312508    ,-22.5 , -4.1875 , -30.375
29663085  , 4.0180025 , 0.42223078 , 2.5333846    , -0.842575 , -0.08854177 , -0.5312507    ,-24.0625 , -1.75 , -29.125
305176  , 4.5219555 , 0.14982383 , 2.2201166    , -0.8972514 , -0.029728208 , -0.440518    ,-24.0625 , -1.75 , -29.125
39428713  , 4.5219555 , 0.14982383 , 2.2201166    , -0.8972513 , -0.029728208 , -0.44051796    ,-24.8125 , 1.0 , -27.9375
305176  , 5.6660647 , -0.9942854 , 2.3426998    , -0.9122082 , 0.16007502 , -0.37716296    ,-24.8125 , 1.0 , -27.9375
29724122  , 5.6660647 , -0.9942854 , 2.3426998    , -0.91220844 , 0.16007505 , -0.37716308    ,-26.0625 , 3.6875 , -26.25
488281  , 6.3198414 , -1.3756552 , 2.070293    , -0.9306073 , 0.20256753 , -0.30485418    ,-26.0625 , 3.6875 , -26.25
39428713  , 6.3198414 , -1.3756552 , 2.070293    , -0.93060744 , 0.20256759 , -0.3048542    ,-26.8125 , 5.6875 , -25.0
518799  , 6.742072 , -1.4982382 , 2.3426998    , -0.9244523 , 0.20543383 , -0.3212238    ,-26.8125 , 5.6875 , -25.0
38330079  , 6.742072 , -1.4982382 , 2.3426998    , -0.92445225 , 0.20543383 , -0.3212238    ,-27.375 , 8.1875 , -24.5
518799  , 6.2789803 , -1.4982382 , 1.6889231    , -0.9410181 , 0.22453792 , -0.2531155    ,-27.375 , 8.1875 , -24.5
39459229  , 6.2789803 , -1.4982382 , 1.6889231    , -0.9410182 , 0.22453794 , -0.25311553    ,-28.625 , 10.1875 , -24.25
488281  , 5.6252036 , -0.08172209 , 2.2201166    , -0.93009055 , 0.013512239 , -0.36708173    ,-28.625 , 10.1875 , -24.25
38543701  , 5.6252036 , -0.08172209 , 2.2201166    , -0.93009055 , 0.013512194 , -0.3670817    ,-29.125 , 11.375 , -24.5
518798  , 6.4424243 , -1.4573772 , 4.944186    , -0.7808354 , 0.1766372 , -0.5992458    ,-29.125 , 11.375 , -24.5
39794922  , 6.4424243 , -1.4573772 , 4.944186    , -0.78083545 , 0.1766372 , -0.5992458    ,-28.625 , 11.875 , -25.75
2410889  , 8.771504 , -4.630918 , 6.1291566    , -0.7522851 , 0.39716914 , -0.52566504    ,-28.625 , 11.875 , -25.75
35308838  , 8.771504 , -4.630918 , 6.1291566    , -0.7522851 , 0.39716917 , -0.52566504    ,-28.125 , 12.125 , -26.25
274659  , 5.938472 , -1.4165162 , 6.0882955    , -0.6887559 , 0.16429046 , -0.70613295    ,-28.125 , 12.125 , -26.25
30426025  , 5.938472 , -1.4165162 , 6.0882955    , -0.688756 , 0.16429043 , -0.7061329    ,-26.5625 , 13.625 , -27.4375
305175  , 4.944186 , -1.0760075 , 6.742072    , -0.5865263 , 0.12764625 , -0.7998085    ,-26.5625 , 13.625 , -27.4375
39611816  , 4.944186 , -1.0760075 , 6.742072    , -0.5865263 , 0.12764621 , -0.7998085    ,-25.5625 , 15.375 , -28.6875
427246  , 6.4015636 , -2.6423476 , 9.152874    , -0.5577402 , 0.23021622 , -0.79744995    ,-25.5625 , 15.375 , -28.6875
39489745  , 6.4015636 , -2.6423476 , 9.152874    , -0.55774033 , 0.23021619 , -0.7974499    ,-24.3125 , 18.3125 , -29.375
1647949  , 5.7477865 , -3.0645783 , 10.147159    , -0.47668135 , 0.25415477 , -0.8415346    ,-24.3125 , 18.3125 , -29.375
37750243  , 5.7477865 , -3.0645783 , 10.147159    , -0.4766813 , 0.25415468 , -0.8415345    ,-22.75 , 21.0625 , -30.875
1708984  , 4.9850473 , -3.5957718 , 12.176591    , -0.36547264 , 0.2636196 , -0.8927119    ,-22.75 , 21.0625 , -30.875
36987303  , 4.9850473 , -3.5957718 , 12.176591    , -0.36547264 , 0.26361966 , -0.8927119    ,-21.0 , 22.5625 , -32.0625
488281  , 5.2165933 , -3.9090397 , 14.137921    , -0.33507633 , 0.2510885 , -0.908118    ,-21.0 , 22.5625 , -32.0625
39001466  , 5.2165933 , -3.9090397 , 14.137921    , -0.33507633 , 0.25108853 , -0.9081181    ,-18.1875 , 23.5625 , -33.5625
488282  , 3.445948 , -3.255263 , 14.601013    , -0.2244734 , 0.21205196 , -0.9511285    ,-18.1875 , 23.5625 , -33.5625
39428712  , 3.445948 , -3.255263 , 14.601013    , -0.22447343 , 0.21205199 , -0.9511286    ,-14.125 , 22.3125 , -35.25
518799  , 2.2609777 , -2.1383946 , 14.1787815    , -0.15575454 , 0.14731002 , -0.97674984    ,-14.125 , 22.3125 , -35.25
38940431  , 2.2609777 , -2.1383946 , 14.1787815    , -0.15575457 , 0.14731002 , -0.9767499    ,-10.0625 , 20.0625 , -37.6875
518799  , 1.4165162 , -1.1168685 , 14.056199    , -0.09995548 , 0.07881105 , -0.991866    ,-10.0625 , 20.0625 , -37.6875
38696290  , 1.4165162 , -1.1168685 , 14.056199    , -0.099955484 , 0.07881105 , -0.99186593    ,-4.5 , 16.375 , -39.4375
488281  , -0.23154591 , 0.14982383 , 14.519291    , 0.01594459 , -0.010317088 , -0.99981964    ,-4.5 , 16.375 , -39.4375
58380127  , -0.23154591 , 0.14982383 , 14.519291    , 0.015944587 , -0.010317087 , -0.9998195    ,2.375 , 11.125 , -40.625
274658  , -2.4516625 , 2.070293 , 14.750836    , 0.16240665 , -0.13714342 , -0.97714674    ,2.375 , 11.125 , -40.625
9063721  , -2.4516625 , 2.070293 , 14.750836    , 0.16240665 , -0.13714339 , -0.9771466    ,8.9375 , 5.4375 , -40.375
274658  , -3.636633 , 2.4108016 , 16.276316    , 0.21581137 , -0.14306596 , -0.9658973    ,8.9375 , 5.4375 , -40.375
29327393  , -3.636633 , 2.4108016 , 16.276316    , 0.21581136 , -0.14306596 , -0.9658973    ,15.8125 , -0.0 , -38.4375
274659  , -6.66035 , 4.2086873 , 14.7916975    , 0.39741677 , -0.2511284 , -0.8826066    ,15.8125 , -0.0 , -38.4375
29449463  , -6.66035 , 4.2086873 , 14.7916975    , 0.39741674 , -0.25112838 , -0.8826065    ,21.375 , -4.1875 , -36.5
274658  , -5.8976107 , 5.8567495 , 14.9006605    , 0.345657 , -0.34326214 , -0.8733228    ,21.375 , -4.1875 , -36.5
30883789  , -5.8976107 , 5.8567495 , 14.9006605    , 0.34565693 , -0.3432621 , -0.87332255    ,25.9375 , -6.9375 , -33.5625
518799  , -7.6546354 , 3.759216 , 14.137921    , 0.46361434 , -0.22768253 , -0.8562842    ,25.9375 , -6.9375 , -33.5625
38482666  , -7.6546354 , 3.759216 , 14.137921    , 0.4636143 , -0.2276825 , -0.85628414    ,29.5 , -8.1875 , -30.625
518799  , -6.782933 , 3.2961242 , 10.923519    , 0.5109985 , -0.24831656 , -0.8229333    ,29.5 , -8.1875 , -30.625
38909911  , -6.782933 , 3.2961242 , 10.923519    , 0.5109984 , -0.24831653 , -0.82293326    ,32.3125 , -9.9375 , -27.4375
518798  , -7.5456724 , 4.5219555 , 10.18802    , 0.56058514 , -0.33594644 , -0.75689113    ,32.3125 , -9.9375 , -27.4375
38879393  , -7.5456724 , 4.5219555 , 10.18802    , 0.5605852 , -0.33594638 , -0.75689125    ,34.3125 , -12.625 , -23.3125
488281  , -8.049625 , 4.099725 , 9.152874    , 0.62594336 , -0.31879684 , -0.71173257    ,34.3125 , -12.625 , -23.3125
38909911  , -8.049625 , 4.099725 , 9.152874    , 0.6259435 , -0.31879687 , -0.7117326    ,35.875 , -15.375 , -19.875
518799  , -6.742072 , 7.164303 , 7.3141265    , 0.54997617 , -0.58441913 , -0.59664077    ,35.875 , -15.375 , -19.875
39611818  , -6.742072 , 7.164303 , 7.3141265    , 0.5499762 , -0.58441913 , -0.5966409    ,36.375 , -18.3125 , -16.1875
213623  , -8.19945 , 5.938472 , 4.2904096    , 0.74570024 , -0.54007536 , -0.39019197    ,36.375 , -18.3125 , -16.1875
27923586  , -8.19945 , 5.938472 , 4.2904096    , 0.7457002 , -0.5400752 , -0.39019203    ,36.875 , -21.8125 , -11.8125
244141  , -5.938472 , 4.903325 , 1.879608    , 0.74912316 , -0.618542 , -0.23710772    ,36.875 , -21.8125 , -11.8125
29449464  , -5.938472 , 4.903325 , 1.879608    , 0.7491233 , -0.61854213 , -0.23710778    ,36.625 , -24.8125 , -8.125
274659  , -5.8976107 , 5.243834 , -1.1849703    , 0.7390294 , -0.6571047 , 0.14848858    ,36.625 , -24.8125 , -8.125
31555177  , -5.8976107 , 5.243834 , -1.1849703    , 0.7390294 , -0.6571047 , 0.14848861    ,35.3125 , -27.5 , -4.9375
427246  , -7.6273947 , 6.2108784 , 0.61291564    , 0.7739348 , -0.63020396 , -0.06219116    ,35.3125 , -27.5 , -4.9375
37445070  , -7.6273947 , 6.2108784 , 0.61291564    , 0.77393484 , -0.6302041 , -0.06219112    ,34.3125 , -29.75 , -3.25
427246  , -5.012288 , 4.7943625 , 5.243834    , 0.5764422 , -0.55137944 , -0.6030713    ,34.3125 , -29.75 , -3.25
39245606  , -5.012288 , 4.7943625 , 5.243834    , 0.5764422 , -0.55137944 , -0.60307133    ,32.3125 , -31.5 , -4.1875
427246  , -3.2961242 , 2.2201166 , 4.862464    , 0.5248705 , -0.35352844 , -0.77429235    ,32.3125 , -31.5 , -4.1875
38879395  , -3.2961242 , 2.2201166 , 4.862464    , 0.5248705 , -0.35352844 , -0.77429235    ,28.75 , -33.4375 , -6.6875
427246  , -2.6014864 , 4.1814466 , 3.7864566    , 0.41878122 , -0.6731195 , -0.60953486    ,28.75 , -33.4375 , -6.6875
39245606  , -2.6014864 , 4.1814466 , 3.7864566    , 0.4187811 , -0.67311937 , -0.60953486    ,23.6875 , -35.6875 , -10.0625
427247  , 0.5720546 , 3.568531 , 1.6480621    , -0.14401732 , -0.89839375 , -0.414907    ,23.6875 , -35.6875 , -10.0625
38970947  , 0.5720546 , 3.568531 , 1.6480621    , -0.14401732 , -0.8983937 , -0.41490704    ,16.3125 , -37.9375 , -15.0
427246  , 2.4516625 , 2.4925237 , 1.3756552    , -0.65254235 , -0.66341805 , -0.3661487    ,16.3125 , -37.9375 , -15.0
40649413  , 2.4516625 , 2.4925237 , 1.3756552    , -0.6525424 , -0.6634182 , -0.36614883    ,7.1875 , -37.9375 , -18.875
518799  , 4.903325 , 3.9090397 , -0.14982383    , -0.7817041 , -0.62319195 , 0.023885429    ,7.1875 , -37.9375 , -18.875
37872313  , 4.903325 , 3.9090397 , -0.14982383    , -0.7817041 , -0.62319195 , 0.023885354    ,-2.75 , -36.4375 , -22.0625
488281  , 2.3426998 , 3.718355 , 0.84446156    , -0.5234835 , -0.83087796 , -0.18869753    ,-2.75 , -36.4375 , -22.0625
39794921  , 2.3426998 , 3.718355 , 0.84446156    , -0.5234837 , -0.83087814 , -0.18869762    ,-11.625 , -33.1875 , -24.75
518799  , 4.5219555 , 1.3075534 , 1.1849703    , -0.93158144 , -0.26937297 , -0.24411924    ,-11.625 , -33.1875 , -24.75
37963866  , 4.5219555 , 1.3075534 , 1.1849703    , -0.9315814 , -0.26937294 , -0.24411924    ,-19.25 , -28.25 , -25.5
335693  , 3.7864566 , 1.4982382 , -1.56634    , -0.86786467 , -0.3433997 , 0.35900873    ,-19.25 , -28.25 , -25.5
244141  , 3.7864566 , 1.4982382 , -1.56634    , -0.86786467 , -0.34339967 , 0.3590088    ,-25.0625 , -23.3125 , -26.9375
244140  , 4.7943625 , 0.27240697 , 3.8681788    , -0.7775138 , -0.04417692 , -0.6273123    ,-25.0625 , -23.3125 , -26.9375
28289796  , 4.7943625 , 0.27240697 , 3.8681788    , -0.77751374 , -0.044176936 , -0.6273123    ,-27.875 , -18.8125 , -27.9375
244141  , 4.0588636 , 0.88532263 , 5.243834    , -0.606707 , -0.13233542 , -0.7838329    ,-27.875 , -18.8125 , -27.9375
38299562  , 4.0588636 , 0.88532263 , 5.243834    , -0.606707 , -0.13233541 , -0.78383285    ,-28.875 , -14.375 , -30.375
244140  , 4.671779 , 0.9942854 , 6.8237944    , -0.5608806 , -0.1193711 , -0.8192455    ,-28.875 , -14.375 , -30.375
30517578  , 4.671779 , 0.9942854 , 6.8237944    , -0.56088066 , -0.11937109 , -0.8192456    ,-28.125 , -11.625 , -33.5625
396729  , 4.2086873 , 0.50395286 , 6.932757    , -0.5179354 , -0.062018156 , -0.85316867    ,-28.125 , -11.625 , -33.5625
39184571  , 4.2086873 , 0.50395286 , 6.932757    , -0.51793545 , -0.062018156 , -0.8531687    ,-25.3125 , -10.4375 , -36.0
427246  , 3.405087 , 0.14982383 , 8.240311    , -0.38184807 , -0.016801283 , -0.92407227    ,-25.3125 , -10.4375 , -36.0
38757325  , 3.405087 , 0.14982383 , 8.240311    , -0.3818481 , -0.016801298 , -0.9240724    ,-21.5 , -10.1875 , -39.1875
427246  , 3.173541 , 0.7218784 , 9.193735    , -0.3253977 , -0.07401752 , -0.9426758    ,-21.5 , -10.1875 , -39.1875
39154053  , 3.173541 , 0.7218784 , 9.193735    , -0.32539776 , -0.07401752 , -0.94267595    ,-17.4375 , -10.4375 , -41.375
488282  , 4.903325 , 0.10896278 , 9.80665    , -0.44719148 , -0.009937592 , -0.894383    ,-17.4375 , -10.4375 , -41.375
38909912  , 4.903325 , 0.10896278 , 9.80665    , -0.44719148 , -0.009937584 , -0.89438295    ,-14.125 , -10.1875 , -43.0625
488281  , 5.134871 , -0.88532263 , 10.800936    , -0.42818707 , 0.073825374 , -0.9006694    ,-14.125 , -10.1875 , -43.0625
38879394  , 5.134871 , -0.88532263 , 10.800936    , -0.4281871 , 0.07382536 , -0.90066946    ,-11.375 , -9.6875 , -45.0625
488281  , 3.5957718 , 1.5390993 , 11.34575    , -0.29962218 , -0.12824738 , -0.9453988    ,-11.375 , -9.6875 , -45.0625
38848877  , 3.5957718 , 1.5390993 , 11.34575    , -0.29962215 , -0.12824738 , -0.94539875    ,-8.8125 , -7.6875 , -46.0
488282  , 3.8681788 , 1.2258313 , 11.536434    , -0.3163052 , -0.10023755 , -0.94334686    ,-8.8125 , -7.6875 , -46.0
39184569  , 3.8681788 , 1.2258313 , 11.536434    , -0.31630528 , -0.10023759 , -0.9433471    ,-6.3125 , -6.9375 , -46.5
518799  , 4.8216033 , -0.50395286 , 13.484144    , -0.33648962 , 0.03516984 , -0.94103026    ,-6.3125 , -6.9375 , -46.5
38635253  , 4.8216033 , -0.50395286 , 13.484144    , -0.3364896 , 0.03516981 , -0.9410301    ,-3.0 , -7.4375 , -46.75
488281  , 2.2609777 , 1.7570249 , 13.593107    , -0.16276067 , -0.1264827 , -0.9785249    ,-3.0 , -7.4375 , -46.75
39123534  , 2.2609777 , 1.7570249 , 13.593107    , -0.16276067 , -0.1264827 , -0.978525    ,1.0625 , -8.1875 , -46.75
518799  , 2.5606253 , 2.0294318 , 14.328606    , -0.17423482 , -0.13809037 , -0.97497356    ,1.0625 , -8.1875 , -46.75
39001466  , 2.5606253 , 2.0294318 , 14.328606    , -0.17423482 , -0.13809036 , -0.9749736    ,4.625 , -9.6875 , -47.0
518799  , 2.3426998 , 0.61291564 , 14.7916975    , -0.15629873 , -0.04089211 , -0.9868629    ,4.625 , -9.6875 , -47.0
39733889  , 2.3426998 , 0.61291564 , 14.7916975    , -0.15629876 , -0.040892113 , -0.986863    ,7.9375 , -11.375 , -46.5
213623  , -0.23154591 , 3.568531 , 11.604536    , 0.019068211 , -0.29387474 , -0.95565385    ,7.9375 , -11.375 , -46.5
38299561  , -0.23154591 , 3.568531 , 11.604536    , 0.019068213 , -0.2938748 , -0.9556539    ,11.0 , -13.375 , -45.5625
305176  , 1.1849703 , 0.95342433 , 12.639683    , -0.09307859 , -0.07489081 , -0.99283826    ,11.0 , -13.375 , -45.5625
39825440  , 1.1849703 , 0.95342433 , 12.639683    , -0.09307858 , -0.07489079 , -0.9928381    ,12.5 , -15.625 , -44.3125
1434327  , 0.46309182 , 1.5390993 , 13.143636    , -0.034972657 , -0.11623265 , -0.9926063    ,12.5 , -15.625 , -44.3125
