66253662  , 1.56634 , -6.932757 , 7.43671    , -0.15226485 , 0.67393744 , -0.72292703    ,-21.8125 , 27.5 , -31.0625
10833740  , 1.607201 , -6.891896 , 7.3141265    , -0.1579199 , 0.67718196 , -0.7186694    ,-21.8125 , 27.5 , -31.0625
26245116  , 1.607201 , -6.891896 , 7.3141265    , -0.15791991 , 0.677182 , -0.71866953    ,-22.3125 , 28.0 , -31.0625
244140  , 1.5390993 , -6.891896 , 7.273266    , -0.15182343 , 0.67984647 , -0.7174664    ,-22.3125 , 28.0 , -31.0625
24658202  , 1.5390993 , -6.891896 , 7.273266    , -0.15182343 , 0.67984647 , -0.7174666    ,-22.0625 , 27.75 , -31.3125
213623  , 1.607201 , -6.851035 , 7.246025    , -0.1591174 , 0.67827165 , -0.71737677    ,-22.0625 , 27.75 , -31.3125
48492430  , 1.607201 , -6.851035 , 7.246025    , -0.15911739 , 0.6782716 , -0.7173767    ,-21.8125 , 27.75 , -30.8125
244141  , 1.5390993 , -6.932757 , 7.246025    , -0.15169846 , 0.6833143 , -0.71419096    ,-21.8125 , 27.75 , -30.8125
64117433  , 1.5390993 , -6.932757 , 7.246025    , -0.1516985 , 0.68331444 , -0.7141911    ,-22.0625 , 27.75 , -31.0625
2136230  , 1.56634 , -6.891896 , 7.246025    , -0.15474485 , 0.6808773 , -0.71586317    ,-22.0625 , 27.75 , -31.0625
20751954  , 1.56634 , -6.891896 , 7.246025    , -0.15474486 , 0.6808774 , -0.71586317    ,-21.0625 , 27.5 , -30.8125
244141  , 1.56634 , -6.932757 , 7.246025    , -0.15432002 , 0.6830338 , -0.7138978    ,-21.0625 , 27.5 , -30.8125
213623  , 1.56634 , -6.932757 , 7.246025    , -0.15432 , 0.6830337 , -0.7138978    ,-21.3125 , 27.25 , -30.3125
244140  , 1.56634 , -6.891896 , 7.246025    , -0.15474486 , 0.6808774 , -0.7158632    ,-21.3125 , 27.25 , -30.3125
34271241  , 1.56634 , -6.891896 , 7.246025    , -0.15474485 , 0.68087727 , -0.71586317    ,-20.5625 , 27.75 , -30.3125
244140  , 1.607201 , -6.782933 , 7.273266    , -0.15953466 , 0.6732904 , -0.72196203    ,-20.5625 , 27.75 , -30.3125
31829835  , 1.607201 , -6.782933 , 7.273266    , -0.15953465 , 0.6732904 , -0.72196186    ,-20.0625 , 27.75 , -30.0625
1770020  , 1.6480621 , -6.4015636 , 7.3958488    , -0.16614515 , 0.64535725 , -0.7455934    ,-20.0625 , 27.75 , -30.0625
37933350  , 1.6480621 , -6.4015636 , 7.3958488    , -0.16614515 , 0.6453573 , -0.74559355    ,-20.5625 , 27.5 , -30.5625
244140  , 1.6480621 , -6.742072 , 7.3549876    , -0.16296892 , 0.66669095 , -0.7272993    ,-20.5625 , 27.5 , -30.5625
30944825  , 1.6480621 , -6.742072 , 7.3549876    , -0.1629689 , 0.666691 , -0.7272993    ,-20.3125 , 27.75 , -31.3125
244141  , 1.5390993 , -6.891896 , 7.3549876    , -0.15094802 , 0.67592645 , -0.7213445    ,-20.3125 , 27.75 , -31.3125
30059815  , 1.5390993 , -6.891896 , 7.3549876    , -0.15094805 , 0.6759266 , -0.7213447    ,-20.8125 , 27.25 , -31.8125
244141  , 1.56634 , -6.66035 , 7.43671    , -0.1550009 , 0.6590907 , -0.73591727    ,-20.8125 , 27.25 , -31.8125
30853272  , 1.56634 , -6.66035 , 7.43671    , -0.15500091 , 0.6590908 , -0.7359174    ,-20.8125 , 27.0 , -31.5625
274658  , 1.607201 , -6.3607025 , 7.504812    , -0.16123375 , 0.6381032 , -0.7528798    ,-20.8125 , 27.0 , -31.5625
27893066  , 1.607201 , -6.3607025 , 7.504812    , -0.16123378 , 0.6381033 , -0.75287986    ,-20.5625 , 27.25 , -31.0625
244140  , 1.4982382 , -6.66035 , 7.7363577    , -0.14520964 , 0.64552283 , -0.7498098    ,-20.5625 , 27.25 , -31.0625
30090332  , 1.4982382 , -6.66035 , 7.7363577    , -0.14520961 , 0.6455227 , -0.74980974    ,-20.8125 , 27.0 , -30.8125
244140  , 1.4573772 , -6.6331096 , 8.049625    , -0.13837887 , 0.6298179 , -0.764317    ,-20.8125 , 27.0 , -30.8125
26885986  , 1.2666923 , -6.469665 , 8.076866    , -0.121496186 , 0.62054497 , -0.77470154    ,-20.8125 , 27.0 , -30.8125
22827148  , 1.2666923 , -6.469665 , 8.076866    , -0.12149619 , 0.620545 , -0.77470154    ,-20.8125 , 27.25 , -31.3125
244140  , 0.88532263 , -6.510526 , 7.9679036    , -0.08572439 , 0.63040394 , -0.77151954    ,-20.8125 , 27.25 , -31.3125
24169921  , 0.88532263 , -6.510526 , 7.9679036    , -0.08572439 , 0.6304039 , -0.7715195    ,-20.8125 , 27.0 , -31.5625
244140  , 0.7218784 , -6.510526 , 8.008764    , -0.06977084 , 0.6292541 , -0.7740615    ,-20.8125 , 27.0 , -31.5625
25848388  , 0.7218784 , -6.510526 , 8.008764    , -0.06977085 , 0.62925416 , -0.77406156    ,-20.5625 , 27.75 , -31.3125
274659  , 0.313268 , -6.5513873 , 7.6273947    , -0.031141134 , 0.65125585 , -0.75821877    ,-20.5625 , 27.75 , -31.3125
47424315  , 0.313268 , -6.5513873 , 7.6273947    , -0.031141132 , 0.6512558 , -0.75821877    ,-20.0625 , 28.0 , -31.3125
244141  , 0.14982383 , -6.5513873 , 7.43671    , -0.015115397 , 0.66095513 , -0.75027335    ,-20.0625 , 28.0 , -31.3125
28320311  , 0.14982383 , -6.5513873 , 7.43671    , -0.015115398 , 0.66095513 , -0.7502734    ,-19.5625 , 28.0 , -31.5625
244141  , 0.6946377 , -6.428804 , 7.082581    , -0.07243083 , 0.6703402 , -0.7385105    ,-19.5625 , 28.0 , -31.5625
27893068  , 0.6946377 , -6.428804 , 7.082581    , -0.07243083 , 0.6703403 , -0.7385105    ,-19.3125 , 28.0 , -32.0
274659  , 0.95342433 , -7.504812 , 6.469665    , -0.09578034 , 0.7539279 , -0.64993775    ,-19.3125 , 28.0 , -32.0
28869629  , 0.95342433 , -7.504812 , 6.469665    , -0.09578031 , 0.7539279 , -0.6499378    ,-18.75 , 27.0 , -32.75
244141  , 1.56634 , -6.66035 , 4.6036777    , -0.1899361 , 0.80764127 , -0.55824697    ,-18.75 , 27.0 , -32.75
27069093  , 1.56634 , -6.66035 , 4.6036777    , -0.18993612 , 0.8076413 , -0.55824697    ,-18.75 , 26.5 , -33.25
305176  , 2.2201166 , -7.5865335 , 4.903325    , -0.23867115 , 0.8155819 , -0.52712655    ,-18.75 , 26.5 , -33.25
23925782  , 2.2201166 , -7.5865335 , 4.903325    , -0.23867111 , 0.8155818 , -0.5271265    ,-19.3125 , 27.0 , -33.0
244141  , 3.173541 , -8.049625 , 4.0588636    , -0.33205378 , 0.842248 , -0.4246868    ,-19.3125 , 27.0 , -33.0
32318116  , 3.173541 , -8.049625 , 4.0588636    , -0.33205372 , 0.84224784 , -0.4246867    ,-19.8125 , 27.0 , -32.5
457764  , 4.7943625 , -7.6954966 , 2.6423476    , -0.50766385 , 0.81485814 , -0.279792    ,-19.8125 , 27.0 , -32.5
101928713  , 4.7943625 , -7.6954966 , 2.6423476    , -0.50766385 , 0.81485814 , -0.27979198    ,-21.0625 , 26.5 , -32.0
244141  , 7.205164 , -11.073342 , 3.173541    , -0.5303011 , 0.8149996 , -0.2335731    ,-21.0625 , 26.5 , -32.0
244141  , 7.205164 , -11.073342 , 3.173541    , -0.5303012 , 0.81499964 , -0.2335731    ,-21.5625 , 27.0 , -30.5625
5615234  , 8.008764 , -10.61025 , 1.4573772    , -0.5988681 , 0.7933985 , -0.108977705    ,-21.5625 , 27.0 , -30.5625
39703369  , 8.008764 , -10.61025 , 1.4573772    , -0.5988681 , 0.7933984 , -0.10897769    ,-22.0625 , 27.25 , -29.125
274659  , 9.152874 , -9.765789 , 2.6014864    , -0.6712774 , 0.716229 , -0.19079462    ,-22.0625 , 27.25 , -29.125
20080566  , 9.152874 , -9.765789 , 2.6014864    , -0.67127746 , 0.71622896 , -0.19079462    ,-22.5625 , 28.0 , -27.625
2075196  , 10.378705 , -9.493382 , 3.445948    , -0.71668285 , 0.65554845 , -0.23795372    ,-22.5625 , 28.0 , -27.625
25299072  , 10.378705 , -9.493382 , 3.445948    , -0.71668273 , 0.6555484 , -0.23795368    ,-23.125 , 29.0 , -25.6875
274658  , 14.056199 , -11.141444 , 2.9556155    , -0.7732481 , 0.612904 , -0.16259192    ,-23.125 , 29.0 , -25.6875
18890380  , 14.056199 , -11.141444 , 2.9556155    , -0.77324814 , 0.612904 , -0.16259193    ,-24.375 , 29.0 , -24.4375
2441406  , 17.924377 , -14.369467 , 3.255263    , -0.77251506 , 0.6193036 , -0.1402972    ,-24.375 , 29.0 , -24.4375
28228759  , 17.924377 , -14.369467 , 3.255263    , -0.7725153 , 0.61930364 , -0.14029726    ,-25.625 , 28.0 , -23.5
2838135  , 19.422615 , -17.24336 , 2.3699405    , -0.74472034 , 0.6611613 , -0.0908705    ,-25.625 , 28.0 , -23.5
13366699  , 19.422615 , -17.24336 , 2.3699405    , -0.74472034 , 0.66116124 , -0.0908705    ,-27.4375 , 26.5 , -22.5
213623  , 19.57244 , -19.422615 , 3.5276701    , -0.7040796 , 0.69869006 , -0.12690093    ,-27.4375 , 26.5 , -22.5
38513183  , 19.57244 , -19.422615 , 3.5276701    , -0.70407987 , 0.6986903 , -0.12690097    ,-30.1875 , 24.0625 , -22.25
274659  , 19.57244 , -19.6133 , 5.5162406    , -0.692774 , 0.69422024 , -0.19524944    ,-30.1875 , 24.0625 , -22.25
31005858  , 19.57244 , -19.6133 , 5.5162406    , -0.69277406 , 0.69422036 , -0.19524942    ,-34.0 , 19.3125 , -22.25
488282  , 19.57244 , -19.6133 , 8.662541    , -0.67419 , 0.6755974 , -0.29838884    ,-34.0 , 19.3125 , -22.25
38024903  , 19.57244 , -19.6133 , 8.662541    , -0.6741899 , 0.6755974 , -0.29838887    ,-38.0625 , 12.125 , -22.0
488281  , 19.57244 , -19.6133 , 9.888372    , -0.66527456 , 0.66666347 , -0.3361095    ,-38.0625 , 12.125 , -22.0
39306643  , 19.57244 , -19.6133 , 9.888372    , -0.6652745 , 0.6666634 , -0.33610946    ,-40.375 , 0.25 , -20.5625
518799  , 19.57244 , -19.6133 , 11.182305    , -0.65503776 , 0.6564053 , -0.3742422    ,-40.375 , 0.25 , -20.5625
38574220  , 19.57244 , -19.6133 , 11.182305    , -0.655038 , 0.6564055 , -0.37424234    ,-36.5625 , -14.625 , -17.875
488281  , 18.496431 , -19.6133 , 11.495573    , -0.6311094 , 0.6692176 , -0.39223588    ,-36.5625 , -14.625 , -17.875
39611818  , 18.496431 , -19.6133 , 11.495573    , -0.63110936 , 0.6692176 , -0.39223588    ,-25.875 , -28.5 , -14.4375
1678466  , 13.865514 , -19.463476 , 13.525005    , -0.50495046 , 0.7088156 , -0.49254993    ,-25.875 , -28.5 , -14.4375
37231447  , 13.865514 , -19.463476 , 13.525005    , -0.5049504 , 0.70881546 , -0.49254984    ,-9.125 , -38.9375 , -10.25
488281  , 11.495573 , -15.28203 , 12.53072    , -0.50280684 , 0.6684233 , -0.5480832    ,-9.125 , -38.9375 , -10.25
39093018  , 11.495573 , -15.28203 , 12.53072    , -0.50280684 , 0.66842335 , -0.5480833    ,10.375 , -41.375 , -6.875
488282  , 8.962189 , -13.443283 , 10.882658    , -0.46006858 , 0.69010293 , -0.5586548    ,10.375 , -41.375 , -6.875
38787842  , 8.962189 , -13.443283 , 10.882658    , -0.46006852 , 0.6901028 , -0.5586546    ,27.4375 , -35.6875 , -3.6875
518799  , 6.2789803 , -10.841797 , 6.782933    , -0.44072157 , 0.7609856 , -0.47609404    ,27.4375 , -35.6875 , -3.6875
39184570  , 6.2789803 , -10.841797 , 6.782933    , -0.4407216 , 0.7609856 , -0.476094    ,39.3125 , -24.8125 , -0.25
488281  , 3.173541 , -9.656827 , 5.9793324    , -0.26910064 , 0.8188513 , -0.50701785    ,39.3125 , -24.8125 , -0.25
38726806  , 3.173541 , -9.656827 , 5.9793324    , -0.26910067 , 0.8188514 , -0.5070179    ,44.625 , -10.6875 , 3.125
244140  , -0.6946377 , -10.528529 , 3.255263    , 0.062907785 , 0.95348483 , -0.2948032    ,44.625 , -10.6875 , 3.125
35308836  , -0.6946377 , -10.528529 , 3.255263    , 0.0629078 , 0.95348495 , -0.29480326    ,45.625 , 3.1875 , 6.0625
396728  , -3.0237172 , -12.4489975 , 1.0351465    , 0.23525925 , 0.96858996 , -0.08053921    ,45.625 , 3.1875 , 6.0625
32196044  , -3.0237172 , -12.4489975 , 1.0351465    , 0.23525923 , 0.9685897 , -0.08053918    ,42.75 , 15.75 , 8.75
274658  , -5.938472 , -16.276316 , -2.2609777    , 0.3398711 , 0.9315273 , 0.12940046    ,42.75 , 15.75 , 8.75
29632567  , -5.938472 , -16.276316 , -2.2609777    , 0.33987108 , 0.9315274 , 0.12940043    ,38.4375 , 25.125 , 9.9375
366211  , -9.466142 , -19.272793 , -5.434519    , 0.42738274 , 0.870139 , 0.24536072    ,38.4375 , 25.125 , 9.9375
64636228  , -9.466142 , -19.272793 , -5.434519    , 0.42738277 , 0.87013906 , 0.24536073    ,33.9375 , 32.1875 , 10.1875
274658  , -9.575105 , -19.6133 , -6.0882955    , 0.4225735 , 0.8655844 , 0.26869175    ,33.9375 , 32.1875 , 10.1875
244140  , -9.575105 , -19.6133 , -6.0882955    , 0.42257357 , 0.86558455 , 0.2686918    ,30.875 , 36.4375 , 10.4375
244140  , -7.504812 , -18.0061 , -5.6660647    , 0.369446 , 0.88640225 , 0.27892834    ,30.875 , 36.4375 , 10.4375
23284914  , -7.504812 , -18.0061 , -5.6660647    , 0.36944592 , 0.8864021 , 0.27892828    ,29.875 , 38.1875 , 10.4375
305176  , -4.630918 , -15.622539 , -3.568531    , 0.2776225 , 0.9365677 , 0.21393265    ,29.875 , 38.1875 , 10.4375
38330080  , -4.630918 , -15.622539 , -3.568531    , 0.27762243 , 0.93656737 , 0.21393257    ,31.0625 , 36.625 , 10.625
244140  , -3.1463003 , -14.015338 , -4.099725    , 0.21062736 , 0.9382491 , 0.27445382    ,31.0625 , 36.625 , 10.625
29357911  , -3.1463003 , -14.015338 , -4.099725    , 0.21062735 , 0.9382491 , 0.27445382    ,34.875 , 32.875 , 11.125
305176  , -0.040861044 , -13.021052 , -3.3642259    , 0.003038291 , 0.9682019 , 0.25015256    ,34.875 , 32.875 , 11.125
29724122  , -0.040861044 , -13.021052 , -3.3642259    , 0.003038291 , 0.9682017 , 0.2501525    ,38.9375 , 26.4375 , 10.5625
366211  , 2.1792557 , -12.789507 , -1.8387469    , -0.166311 , 0.9760376 , 0.14032489    ,38.9375 , 26.4375 , 10.5625
30273438  , 2.1792557 , -12.789507 , -1.8387469    , -0.166311 , 0.97603756 , 0.1403249    ,43.1875 , 17.375 , 9.0
427247  , 4.2904096 , -13.293459 , -0.0    , -0.30714524 , 0.95166266 , 3.7252903E-9    ,43.1875 , 17.375 , 9.0
38421631  , 4.2904096 , -13.293459 , -0.0    , -0.30714527 , 0.9516628 , 0.0    ,46.25 , 8.4375 , 6.0625
427246  , 6.510526 , -16.317177 , 3.568531    , -0.36317194 , 0.9102092 , -0.19906077    ,46.25 , 8.4375 , 6.0625
38909912  , 6.510526 , -16.317177 , 3.568531    , -0.36317196 , 0.9102093 , -0.1990608    ,45.6875 , -2.5625 , 1.8125
427246  , 7.7772183 , -19.300034 , 12.108489    , -0.32304513 , 0.8016724 , -0.50295466    ,45.6875 , -2.5625 , 1.8125
48522949  , 7.7772183 , -19.300034 , 12.108489    , -0.32304507 , 0.80167234 , -0.50295454    ,42.75 , -14.0 , -3.0
305176  , 9.112013 , -19.6133 , 18.237646    , -0.3220935 , 0.69329536 , -0.6446684    ,42.75 , -14.0 , -3.0
30273437  , 9.112013 , -19.6133 , 18.237646    , -0.32209352 , 0.69329536 , -0.64466846    ,34.4375 , -24.875 , -9.5
213623  , 17.583868 , -19.6133 , 19.381754    , -0.5376736 , 0.5997289 , -0.5926486    ,34.4375 , -24.875 , -9.5
33721923  , 17.583868 , -19.6133 , 19.381754    , -0.5376737 , 0.599729 , -0.5926488    ,21.0 , -33.0 , -19.25
244140  , 19.57244 , -19.6133 , 19.381754    , -0.5788194 , 0.58002776 , -0.5731802    ,21.0 , -33.0 , -19.25
34576416  , 19.57244 , -19.6133 , 19.381754    , -0.57881945 , 0.5800278 , -0.57318026    ,6.5625 , -31.5625 , -29.0625
29327392  , 19.57244 , -19.6133 , 19.381754    , -0.5788194 , 0.58002776 , -0.57318026    ,-5.125 , -20.125 , -36.875
31829834  , 19.57244 , -19.6133 , 19.381754    , -0.5788195 , 0.58002794 , -0.5731804    ,-13.75 , -2.5625 , -38.8125
244140  , 19.57244 , -18.074202 , 19.381754    , -0.59408444 , 0.54860824 , -0.58829653    ,-13.75 , -2.5625 , -38.8125
35644530  , 19.57244 , -18.074202 , 19.381754    , -0.5940844 , 0.5486082 , -0.58829653    ,-16.8125 , 14.3125 , -36.625
274658  , 19.57244 , -18.891422 , 14.09706    , -0.6388268 , 0.616599 , -0.46011537    ,-16.8125 , 14.3125 , -36.625
41503908  , 19.57244 , -18.891422 , 14.09706    , -0.6388267 , 0.61659896 , -0.46011534    ,-16.8125 , 25.1875 , -33.6875
457765  , 19.57244 , -12.217452 , 0.19068487    , -0.8482677 , 0.5295032 , -0.008264288    ,-16.8125 , 25.1875 , -33.6875
38055420  , 19.57244 , -12.217452 , 0.19068487    , -0.8482678 , 0.5295033 , -0.008264303    ,-17.0625 , 28.9375 , -32.1875
335694  , 16.358038 , -5.8158884 , -0.88532263    , -0.9409976 , 0.3345595 , 0.050928243    ,-17.0625 , 28.9375 , -32.1875
18280030  , 16.358038 , -5.8158884 , -0.88532263    , -0.9409976 , 0.33455953 , 0.050928265    ,-16.3125 , 28.1875 , -33.1875
3387452  , 7.6273947 , -11.223166 , -4.7126403    , -0.5309805 , 0.78129995 , 0.32807013    ,-16.3125 , 28.1875 , -33.1875
23834229  , 7.6273947 , -11.223166 , -4.7126403    , -0.5309806 , 0.78130007 , 0.3280702    ,-15.8125 , 27.6875 , -34.1875
274658  , 2.6832085 , -10.501288 , -5.47538    , -0.22096455 , 0.8647902 , 0.45090225    ,-15.8125 , 27.6875 , -34.1875
26794435  , 2.6832085 , -10.501288 , -5.47538    , -0.22096452 , 0.8647901 , 0.45090222    ,-15.8125 , 27.1875 , -34.1875
274658  , 3.5957718 , -7.3549876 , 0.95342433    , -0.43626174 , 0.8923536 , -0.11567546    ,-15.8125 , 27.1875 , -34.1875
30364990  , 3.5957718 , -7.3549876 , 0.95342433    , -0.43626168 , 0.8923534 , -0.11567543    ,-16.5625 , 26.6875 , -34.1875
305175  , 3.990762 , -6.5922484 , 2.982856    , -0.48295295 , 0.79777884 , -0.36097848    ,-16.5625 , 26.6875 , -34.1875
39642334  , 3.990762 , -6.5922484 , 2.982856    , -0.4829529 , 0.7977789 , -0.36097842    ,-17.3125 , 27.4375 , -33.4375
366211  , 2.7240696 , -8.921328 , 4.2904096    , -0.26531404 , 0.8689035 , -0.41786963    ,-17.3125 , 27.4375 , -33.4375
305176  , 2.7240696 , -8.921328 , 4.2904096    , -0.26531404 , 0.86890364 , -0.41786963    ,-18.0625 , 28.1875 , -32.4375
213623  , 1.7297841 , -8.349273 , 5.2165933    , -0.17305166 , 0.8352809 , -0.52188027    ,-18.0625 , 28.1875 , -32.4375
19958496  , 1.7297841 , -8.349273 , 5.2165933    , -0.17305161 , 0.8352809 , -0.52188027    ,-18.5625 , 29.4375 , -31.0
1953125  , 1.5390993 , -9.043911 , 7.3549876    , -0.13089499 , 0.76915276 , -0.6255158    ,-18.5625 , 29.4375 , -31.0
34912109  , 1.5390993 , -9.043911 , 7.3549876    , -0.13089502 , 0.76915294 , -0.62551594    ,-19.125 , 30.1875 , -29.25
244141  , 2.7240696 , -7.6546354 , 7.0553403    , -0.25315076 , 0.71135366 , -0.65566045    ,-19.125 , 30.1875 , -29.25
44006347  , 2.7240696 , -7.6546354 , 7.0553403    , -0.25315073 , 0.7113536 , -0.6556604    ,-19.875 , 31.1875 , -27.8125
427246  , 3.568531 , -7.3141265 , 6.973618    , -0.3329668 , 0.6824549 , -0.6506832    ,-19.875 , 31.1875 , -27.8125
