75592043  , 2.982856 , -6.3607025 , 7.4639506    , -0.29100475 , 0.6205445 , -0.7281763    ,-30.5625 , 27.0625 , -23.5625
305176  , 3.0645783 , -6.2108784 , 7.504812    , -0.30009013 , 0.60818267 , -0.7348874    ,-30.5625 , 27.0625 , -23.5625
29937745  , 3.0645783 , -6.2108784 , 7.504812    , -0.30009016 , 0.6081827 , -0.73488754    ,-30.5625 , 27.0625 , -23.3125
244141  , 3.1054392 , -6.1291566 , 7.504812    , -0.30520004 , 0.6023686 , -0.7375668    ,-30.5625 , 27.0625 , -23.3125
28137207  , 3.1054392 , -6.1291566 , 7.504812    , -0.30520013 , 0.6023686 , -0.73756695    ,-30.0625 , 27.3125 , -23.5625
244140  , 2.982856 , -6.0201936 , 7.6273947    , -0.29345787 , 0.5922757 , -0.7503946    ,-30.0625 , 27.3125 , -23.5625
31616212  , 2.982856 , -6.0201936 , 7.6273947    , -0.29345793 , 0.59227574 , -0.7503947    ,-30.0625 , 27.3125 , -23.0625
244141  , 3.0237172 , -6.2789803 , 7.5865335    , -0.29351783 , 0.60951215 , -0.7364387    ,-30.0625 , 27.3125 , -23.0625
30059815  , 3.0237172 , -6.2789803 , 7.5865335    , -0.29351786 , 0.6095122 , -0.7364388    ,-30.0625 , 27.5625 , -23.0625
213623  , 3.214402 , -6.3607025 , 7.504812    , -0.3105839 , 0.6145876 , -0.7251344    ,-30.0625 , 27.5625 , -23.0625
25909424  , 3.214402 , -6.3607025 , 7.504812    , -0.31058383 , 0.6145876 , -0.7251344    ,-30.3125 , 28.0625 , -23.75
335693  , 3.2961242 , -6.2789803 , 7.4639506    , -0.32014698 , 0.6098668 , -0.7249609    ,-30.3125 , 28.0625 , -23.75
28839111  , 3.2961242 , -6.2789803 , 7.4639506    , -0.320147 , 0.60986686 , -0.72496104    ,-30.5625 , 28.0625 , -23.3125
244141  , 3.255263 , -6.238119 , 7.4639506    , -0.31734672 , 0.60813725 , -0.7276402    ,-30.5625 , 28.0625 , -23.3125
34606934  , 3.255263 , -6.238119 , 7.4639506    , -0.31734672 , 0.60813725 , -0.72764015    ,-30.3125 , 28.3125 , -23.3125
213623  , 3.0237172 , -6.469665 , 7.205164    , -0.29806048 , 0.6377419 , -0.7102432    ,-30.3125 , 28.3125 , -23.3125
32989501  , 3.0237172 , -6.469665 , 7.205164    , -0.29806048 , 0.6377419 , -0.71024317    ,-29.8125 , 28.5625 , -23.0625
244141  , 3.1463003 , -6.510526 , 7.082581    , -0.3108466 , 0.64322364 , -0.6997412    ,-29.8125 , 28.5625 , -23.0625
33203125  , 3.1463003 , -6.510526 , 7.082581    , -0.31084654 , 0.6432236 , -0.69974107    ,-29.8125 , 28.3125 , -22.8125
335694  , 3.0645783 , -6.510526 , 7.273266    , -0.29953045 , 0.6363358 , -0.71088564    ,-29.8125 , 28.3125 , -22.8125
26184081  , 3.0645783 , -6.510526 , 7.273266    , -0.29953048 , 0.63633585 , -0.71088564    ,-29.5625 , 28.8125 , -22.5625
44616699  , 3.336985 , -6.3198414 , 6.932757    , -0.33514443 , 0.6347226 , -0.69627976    ,-29.5625 , 28.8125 , -22.5625
19744872  , 3.336985 , -6.3198414 , 6.932757    , -0.3351445 , 0.63472265 , -0.69627976    ,-29.8125 , 29.0625 , -22.5625
335693  , 2.9556155 , -6.66035 , 6.851035    , -0.2955134 , 0.66592646 , -0.68499196    ,-29.8125 , 29.0625 , -22.5625
457763  , 2.9556155 , -6.66035 , 6.851035    , -0.29551342 , 0.66592646 , -0.684992    ,-29.8125 , 29.3125 , -22.3125
244141  , 2.7240696 , -6.5513873 , 6.891896    , -0.27539822 , 0.6623327 , -0.69675744    ,-29.8125 , 29.3125 , -22.3125
27099609  , 2.7240696 , -6.5513873 , 6.891896    , -0.2753982 , 0.66233265 , -0.69675744    ,-29.3125 , 29.8125 , -21.8125
1739502  , 2.8330324 , -6.5513873 , 7.0553403    , -0.28228244 , 0.6527781 , -0.7029918    ,-29.3125 , 29.8125 , -21.8125
27893065  , 2.8330324 , -6.5513873 , 7.0553403    , -0.2822824 , 0.65277797 , -0.7029917    ,-29.3125 , 29.8125 , -21.3125
1647950  , 2.1111538 , -6.973618 , 6.973618    , -0.20932321 , 0.69144183 , -0.69144183    ,-29.3125 , 29.8125 , -21.3125
28961182  , 2.1111538 , -6.973618 , 6.973618    , -0.20932323 , 0.69144195 , -0.69144195    ,-29.3125 , 30.0625 , -21.3125
244141  , 2.070293 , -7.04172 , 7.014479    , -0.20391795 , 0.69358927 , -0.69090617    ,-29.3125 , 30.0625 , -21.3125
31066896  , 2.070293 , -7.04172 , 7.014479    , -0.20391795 , 0.6935893 , -0.69090617    ,-29.3125 , 30.3125 , -20.8125
244141  , 2.1111538 , -7.273266 , 6.973618    , -0.20506427 , 0.7064795 , -0.6773737    ,-29.3125 , 30.3125 , -20.8125
28625489  , 2.1111538 , -7.273266 , 6.973618    , -0.20506433 , 0.70647967 , -0.67737377    ,-29.3125 , 30.5625 , -20.8125
274658  , 2.070293 , -7.205164 , 6.782933    , -0.20478019 , 0.7126888 , -0.6709245    ,-29.3125 , 30.5625 , -20.8125
23742676  , 2.070293 , -7.205164 , 6.782933    , -0.20478013 , 0.71268874 , -0.67092437    ,-29.3125 , 31.0625 , -21.3125
244141  , 2.152015 , -7.246025 , 6.8237944    , -0.21132721 , 0.7115575 , -0.6700945    ,-29.3125 , 31.0625 , -21.3125
21636964  , 2.152015 , -7.246025 , 6.8237944    , -0.21132722 , 0.7115575 , -0.67009455    ,-28.3125 , 31.3125 , -21.3125
244141  , 2.3018389 , -7.273266 , 6.973618    , -0.22270396 , 0.70369166 , -0.67470074    ,-28.3125 , 31.3125 , -21.3125
25848389  , 2.3018389 , -7.273266 , 6.973618    , -0.22270389 , 0.7036917 , -0.67470056    ,-28.0625 , 31.3125 , -21.5625
213623  , 2.3699405 , -7.04172 , 7.0553403    , -0.23130429 , 0.6872661 , -0.68859553    ,-28.0625 , 31.3125 , -21.5625
51696777  , 2.3699405 , -7.04172 , 7.0553403    , -0.23130423 , 0.687266 , -0.6885954    ,-28.0625 , 31.3125 , -21.8125
2014160  , 2.2201166 , -7.04172 , 7.014479    , -0.21799648 , 0.6914366 , -0.6887619    ,-28.0625 , 31.3125 , -21.8125
23712159  , 2.2201166 , -7.04172 , 7.014479    , -0.21799642 , 0.69143665 , -0.68876183    ,-27.5625 , 31.5625 , -21.3125
244141  , 1.7570249 , -6.851035 , 7.205164    , -0.17402409 , 0.67855906 , -0.7136337    ,-27.5625 , 31.5625 , -21.3125
29144287  , 1.7570249 , -6.851035 , 7.205164    , -0.17402408 , 0.6785592 , -0.7136338    ,-27.8125 , 31.8125 , -21.5625
274658  , 1.1849703 , -7.014479 , 7.0553403    , -0.11826963 , 0.7001017 , -0.70418006    ,-27.8125 , 31.8125 , -21.5625
27435303  , 1.1849703 , -7.014479 , 7.0553403    , -0.11826963 , 0.70010173 , -0.70418006    ,-27.0 , 31.8125 , -22.5625
213623  , 0.95342433 , -6.973618 , 6.782933    , -0.097538054 , 0.7134214 , -0.69391376    ,-27.0 , 31.8125 , -22.5625
24230956  , 0.95342433 , -6.973618 , 6.782933    , -0.09753807 , 0.71342134 , -0.69391376    ,-26.25 , 32.0625 , -23.0625
274658  , 1.1441092 , -7.273266 , 6.4015636    , -0.1172663 , 0.7454786 , -0.6561329    ,-26.25 , 32.0625 , -23.0625
20935058  , 1.1441092 , -7.273266 , 6.4015636    , -0.11726628 , 0.7454784 , -0.65613276    ,-25.75 , 31.3125 , -23.5625
2502441  , 1.334794 , -7.6954966 , 6.0882955    , -0.13478667 , 0.7770864 , -0.61479217    ,-25.75 , 31.3125 , -23.5625
22399902  , 1.334794 , -7.6954966 , 6.0882955    , -0.13478664 , 0.77708626 , -0.61479205    ,-25.0 , 30.8125 , -23.75
213623  , 1.879608 , -7.8861814 , 5.6660647    , -0.19003487 , 0.7973202 , -0.5728587    ,-25.0 , 30.8125 , -23.75
43182372  , 1.879608 , -7.8861814 , 5.6660647    , -0.1900349 , 0.7973203 , -0.57285887    ,-24.75 , 31.0625 , -24.0
213623  , 2.8738933 , -8.240311 , 5.09401    , -0.2844032 , 0.815469 , -0.5041081    ,-24.75 , 31.0625 , -24.0
22979735  , 2.8738933 , -8.240311 , 5.09401    , -0.28440323 , 0.815469 , -0.5041081    ,-24.25 , 31.3125 , -24.5
885010  , 4.2495484 , -8.308413 , 4.630918    , -0.40790626 , 0.7975091 , -0.44451314    ,-24.25 , 31.3125 , -24.5
24353027  , 4.2495484 , -8.308413 , 4.630918    , -0.40790612 , 0.79750896 , -0.44451314    ,-23.0 , 31.8125 , -25.75
244141  , 5.706926 , -8.499097 , 4.1814466    , -0.5160716 , 0.7685649 , -0.3781241    ,-23.0 , 31.8125 , -25.75
41198728  , 5.706926 , -8.499097 , 4.1814466    , -0.51607174 , 0.7685651 , -0.37812412    ,-22.1875 , 32.5 , -25.75
3021241  , 7.0553403 , -8.158588 , 3.7864566    , -0.6171879 , 0.71369797 , -0.3312321    ,-22.1875 , 32.5 , -25.75
71228030  , 7.0553403 , -8.158588 , 3.7864566    , -0.61718774 , 0.71369773 , -0.331232    ,-21.4375 , 32.25 , -25.5
274658  , 8.117727 , -8.117727 , 3.718355    , -0.6727013 , 0.67270124 , -0.3081333    ,-21.4375 , 32.25 , -25.5
22827148  , 8.117727 , -8.117727 , 3.718355    , -0.67270124 , 0.67270124 , -0.3081333    ,-20.9375 , 32.75 , -24.5
335693  , 9.507003 , -9.302697 , 3.5276701    , -0.69086087 , 0.67601424 , -0.25635096    ,-20.9375 , 32.75 , -24.5
244141  , 9.507003 , -9.302697 , 3.5276701    , -0.6908609 , 0.6760143 , -0.25635093    ,-21.9375 , 33.5 , -23.5625
213623  , 10.501288 , -10.310603 , 3.759216    , -0.6913574 , 0.67880344 , -0.24748978    ,-21.9375 , 33.5 , -23.5625
28533937  , 11.958665 , -11.604536 , 4.399372    , -0.6938778 , 0.6733302 , -0.2552648    ,-21.9375 , 33.5 , -23.5625
2441406  , 11.958665 , -11.604536 , 4.399372    , -0.6938778 , 0.6733303 , -0.25526482    ,-23.0 , 34.0 , -22.8125
1251222  , 13.375181 , -12.871228 , 5.6252036    , -0.68958265 , 0.66360044 , -0.2900179    ,-23.0 , 34.0 , -22.8125
23040772  , 13.375181 , -12.871228 , 5.6252036    , -0.68958265 , 0.6636003 , -0.290018    ,-24.0 , 33.25 , -22.3125
244140  , 15.704261 , -14.7916975 , 6.4424243    , -0.6975036 , 0.65697235 , -0.28613982    ,-24.0 , 33.25 , -22.3125
29357910  , 15.704261 , -14.7916975 , 6.4424243    , -0.69750375 , 0.6569723 , -0.28613988    ,-25.25 , 31.8125 , -21.8125
213623  , 17.583868 , -17.583868 , 6.3607025    , -0.6850517 , 0.6850516 , -0.24780726    ,-25.25 , 31.8125 , -21.8125
29541016  , 17.583868 , -17.583868 , 6.3607025    , -0.6850516 , 0.6850516 , -0.24780723    ,-27.8125 , 29.5625 , -22.0625
305176  , 18.619015 , -19.57244 , 6.6331096    , -0.6693564 , 0.7036321 , -0.23846129    ,-27.8125 , 29.5625 , -22.0625
29754639  , 18.619015 , -19.57244 , 6.6331096    , -0.66935635 , 0.7036321 , -0.23846129    ,-30.3125 , 26.5625 , -22.5625
366211  , 19.15021 , -19.6133 , 8.308413    , -0.6685742 , 0.6847416 , -0.2900642    ,-30.3125 , 26.5625 , -22.5625
39215088  , 19.15021 , -19.6133 , 8.308413    , -0.6685741 , 0.6847416 , -0.29006422    ,-33.375 , 22.125 , -23.3125
427246  , 19.531578 , -19.6133 , 10.038197    , -0.66335416 , 0.6661297 , -0.34092897    ,-33.375 , 22.125 , -23.3125
39398193  , 19.531578 , -19.6133 , 10.038197    , -0.6633541 , 0.6661297 , -0.34092897    ,-36.6875 , 14.9375 , -23.75
488281  , 19.57244 , -19.6133 , 12.340035    , -0.6452707 , 0.6466178 , -0.40683043    ,-36.6875 , 14.9375 , -23.75
38787841  , 19.57244 , -19.6133 , 12.340035    , -0.6452708 , 0.6466179 , -0.4068305    ,-38.1875 , 3.75 , -22.5625
488282  , 19.57244 , -19.6133 , 14.982383    , -0.6213523 , 0.62264955 , -0.47563514    ,-38.1875 , 3.75 , -22.5625
39093016  , 19.57244 , -19.6133 , 14.982383    , -0.6213523 , 0.62264955 , -0.47563505    ,-35.375 , -10.8125 , -18.875
488282  , 19.340895 , -19.6133 , 16.86199    , -0.59884995 , 0.6072845 , -0.5220959    ,-35.375 , -10.8125 , -18.875
38879393  , 19.340895 , -19.6133 , 16.86199    , -0.5988499 , 0.6072844 , -0.5220959    ,-26.75 , -25.1875 , -13.75
488281  , 12.639683 , -19.6133 , 17.011814    , -0.43771708 , 0.67921615 , -0.5891257    ,-26.75 , -25.1875 , -13.75
39123533  , 12.639683 , -19.6133 , 17.011814    , -0.4377171 , 0.67921627 , -0.58912575    ,-12.3125 , -35.875 , -7.375
488281  , 5.938472 , -17.924377 , 14.941522    , -0.24662462 , 0.7443991 , -0.62052107    ,-12.3125 , -35.875 , -7.375
39093019  , 5.938472 , -17.924377 , 14.941522    , -0.24662459 , 0.74439895 , -0.62052107    ,4.6875 , -39.125 , -0.3125
488281  , 3.486809 , -12.871228 , 13.021052    , -0.18708092 , 0.6905916 , -0.69863033    ,4.6875 , -39.125 , -0.3125
39123537  , 3.486809 , -12.871228 , 13.021052    , -0.1870809 , 0.6905915 , -0.6986303    ,20.4375 , -34.375 , 5.3125
488281  , 0.27240697 , -10.991621 , 10.882658    , -0.017608643 , 0.71051 , -0.70346653    ,20.4375 , -34.375 , 5.3125
38452150  , 0.27240697 , -10.991621 , 10.882658    , -0.017608687 , 0.71050996 , -0.70346653    ,31.875 , -24.25 , 9.9375
488281  , -2.070293 , -10.18802 , 8.921328    , 0.15112355 , 0.74368685 , -0.6512231    ,31.875 , -24.25 , 9.9375
39093018  , -2.070293 , -10.18802 , 8.921328    , 0.15112354 , 0.74368674 , -0.651223    ,38.4375 , -10.8125 , 13.625
488281  , -4.0588636 , -12.5579605 , 6.973618    , 0.27191865 , 0.8413053 , -0.46718904    ,38.4375 , -10.8125 , 13.625
38787843  , -4.0588636 , -12.5579605 , 6.973618    , 0.2719186 , 0.84130526 , -0.46718895    ,40.5 , 3.3125 , 14.875
488281  , -6.6331096 , -16.698545 , 1.5390993    , 0.3678208 , 0.9259718 , -0.085346505    ,40.5 , 3.3125 , 14.875
39245606  , -6.6331096 , -16.698545 , 1.5390993    , 0.36782086 , 0.92597187 , -0.08534652    ,38.6875 , 15.9375 , 14.875
488281  , -10.228881 , -19.6133 , -4.140586    , 0.4545245 , 0.871525 , 0.18398863    ,38.6875 , 15.9375 , 14.875
38604736  , -10.228881 , -19.6133 , -4.140586    , 0.45452452 , 0.87152493 , 0.18398862    ,36.9375 , 25.0625 , 14.125
793457  , -9.888372 , -19.6133 , -6.3198414    , 0.43263584 , 0.8581207 , 0.27650556    ,36.9375 , 25.0625 , 14.125
83374022  , -9.888372 , -19.6133 , -6.3198414    , 0.4326358 , 0.8581207 , 0.27650553    ,35.9375 , 29.0625 , 13.875
244140  , -4.944186 , -18.619015 , -3.8681788    , 0.25162786 , 0.94759023 , 0.19686587    ,35.9375 , 29.0625 , 13.875
213623  , -4.944186 , -18.619015 , -3.8681788    , 0.2516278 , 0.9475901 , 0.19686586    ,37.1875 , 27.3125 , 14.125
244141  , -0.6537767 , -17.079916 , -0.88532263    , 0.038198296 , 0.9979305 , 0.051726863    ,37.1875 , 27.3125 , 14.125
23284912  , -0.6537767 , -17.079916 , -0.88532263    , 0.038198296 , 0.9979304 , 0.051726863    ,40.0 , 20.875 , 14.125
274658  , 2.3018389 , -17.011814 , 2.2609777    , -0.13293831 , 0.9824848 , -0.13057846    ,40.0 , 20.875 , 14.125
29937743  , 2.3018389 , -17.011814 , 2.2609777    , -0.1329383 , 0.98248476 , -0.13057844    ,41.75 , 10.0 , 13.375
244140  , 6.0882955 , -19.082108 , 7.3141265    , -0.28552076 , 0.89488727 , -0.34300816    ,41.75 , 10.0 , 13.375
52215575  , 6.0882955 , -19.082108 , 7.3141265    , -0.2855208 , 0.8948874 , -0.3430082    ,41.0 , -2.6875 , 10.1875
244141  , 8.812365 , -19.6133 , 10.760075    , -0.36650845 , 0.8157221 , -0.4475142    ,41.0 , -2.6875 , 10.1875
35736083  , 8.812365 , -19.6133 , 10.760075    , -0.3665085 , 0.81572217 , -0.44751427    ,36.1875 , -15.3125 , 4.3125
244141  , 16.017529 , -19.6133 , 16.358038    , -0.53131807 , 0.6505936 , -0.5426131    ,36.1875 , -15.3125 , 4.3125
27679445  , 16.017529 , -19.6133 , 16.358038    , -0.5313181 , 0.65059364 , -0.54261315    ,26.375 , -27.5625 , -6.3125
213623  , 19.57244 , -19.6133 , 19.381754    , -0.5788195 , 0.58002794 , -0.5731803    ,26.375 , -27.5625 , -6.3125
51239016  , 19.57244 , -19.6133 , 19.381754    , -0.5788194 , 0.5800279 , -0.57318026    ,10.375 , -31.8125 , -17.8125
32287599  , 19.57244 , -19.6133 , 19.381754    , -0.5788195 , 0.58002794 , -0.5731804    ,-7.375 , -24.625 , -25.125
274658  , 19.57244 , -19.6133 , 18.768839    , -0.5848303 , 0.5860511 , -0.56081843    ,-7.375 , -24.625 , -25.125
50384523  , 19.57244 , -19.6133 , 18.768839    , -0.58483034 , 0.5860513 , -0.56081855    ,-21.5625 , -10.25 , -28.0625
305176  , 19.57244 , -19.6133 , 10.310603    , -0.6620209 , 0.66340303 , -0.34874728    ,-21.5625 , -10.25 , -28.0625
16052246  , 19.57244 , -19.6133 , 10.310603    , -0.6620209 , 0.66340303 , -0.3487473    ,-28.6875 , 7.625 , -27.3125
396729  , 19.57244 , -19.6133 , 7.014479    , -0.6847678 , 0.6861973 , -0.2454109    ,-28.6875 , 7.625 , -27.3125
36804200  , 19.57244 , -19.6133 , 7.014479    , -0.68476784 , 0.6861974 , -0.24541087    ,-28.6875 , 21.75 , -24.625
854493  , 19.313654 , -19.6133 , -2.8738933    , -0.6978498 , 0.7086767 , 0.10384083    ,-28.6875 , 21.75 , -24.625
34027100  , 19.313654 , -19.6133 , -2.8738933    , -0.69784975 , 0.70867676 , 0.10384082    ,-24.625 , 27.9375 , -25.625
305176  , 19.531578 , -19.6133 , -5.6660647    , -0.6912942 , 0.6941866 , 0.20054281    ,-24.625 , 27.9375 , -25.625
10742187  , 19.531578 , -19.6133 , -5.6660647    , -0.6912942 , 0.69418675 , 0.20054284    ,-20.5625 , 29.1875 , -28.3125
244141  , 15.363752 , -18.8097 , -2.070293    , -0.63031024 , 0.771683 , 0.08493543    ,-20.5625 , 29.1875 , -28.3125
39367675  , 15.363752 , -18.8097 , -2.070293    , -0.6303103 , 0.7716831 , 0.08493544    ,-17.5 , 28.1875 , -31.25
244141  , 8.62168 , -14.206022 , -3.718355    , -0.5063081 , 0.83424854 , 0.21836035    ,-17.5 , 28.1875 , -31.25
29815673  , 8.62168 , -14.206022 , -3.718355    , -0.50630814 , 0.8342486 , 0.21836038    ,-16.0 , 26.9375 , -33.6875
335693  , 4.372132 , -8.921328 , -1.3075534    , -0.4363081 , 0.89028597 , 0.13048466    ,-16.0 , 26.9375 , -33.6875
29449463  , 4.372132 , -8.921328 , -1.3075534    , -0.43630812 , 0.8902859 , 0.13048467    ,-15.5 , 25.1875 , -34.875
366211  , 2.7649305 , -7.9679036 , 0.42223078    , -0.32742146 , 0.9435545 , -0.05000033    ,-15.5 , 25.1875 , -34.875
39306640  , 2.7649305 , -7.9679036 , 0.42223078    , -0.32742143 , 0.9435545 , -0.05000033    ,-15.5 , 23.25 , -35.625
366211  , 2.6832085 , -6.4015636 , 0.9942854    , -0.38265923 , 0.9129434 , -0.1417976    ,-15.5 , 23.25 , -35.625
39245605  , 2.6832085 , -6.4015636 , 0.9942854    , -0.38265923 , 0.9129434 , -0.1417976    ,-15.75 , 22.0 , -35.875
427246  , 3.0237172 , -5.7477865 , 1.1441092    , -0.45851335 , 0.8715884 , -0.17349155    ,-15.75 , 22.0 , -35.875
47058105  , 3.0237172 , -5.7477865 , 1.1441092    , -0.45851338 , 0.87158847 , -0.17349158    ,-15.75 , 21.5 , -35.625
549316  , 2.4925237 , -5.706926 , 2.152015    , -0.37829462 , 0.86615 , -0.326615    ,-15.75 , 21.5 , -35.625
42846681  , 2.4925237 , -5.706926 , 2.152015    , -0.37829453 , 0.8661499 , -0.32661504    ,-15.25 , 22.25 , -34.6875
518799  , 1.334794 , -7.8861814 , 4.0180025    , -0.1491247 , 0.88105303 , -0.44889575    ,-15.25 , 22.25 , -34.6875
36895753  , 1.334794 , -7.8861814 , 4.0180025    , -0.14912468 , 0.88105315 , -0.4488958    ,-15.25 , 24.25 , -33.4375
213623  , 2.3426998 , -6.3198414 , 6.469665    , -0.25075305 , 0.6764502 , -0.69248676    ,-15.25 , 24.25 , -33.4375
83862306  , 2.3426998 , -6.3198414 , 6.469665    , -0.25075305 , 0.6764503 , -0.6924868    ,-15.5 , 26.1875 , -31.75
