88628049  , -0.61291564 , 9.656827 , 2.070293    , 0.0 , 0.0 , -1.0    ,-20.6875 , -30.625 , -4.75
213415  , -0.61291564 , 9.656827 , 2.070293    , 0.0 , 0.0 , -1.0    ,-20.4375 , -30.625 , -5.25
31250000  , -0.5720546 , 9.534244 , 1.920469    , 0.0 , 0.0 , -1.0    ,-20.4375 , -30.625 , -5.25
213415  , -0.5720546 , 9.534244 , 1.920469    , 0.0 , 0.0 , -1.0    ,-20.1875 , -31.125 , -5.25
73689024  , -0.53119355 , 9.466142 , 1.9477097    , 0.0 , 0.0 , -1.0    ,-20.1875 , -31.125 , -5.25
274390  , -0.53119355 , 9.466142 , 1.9477097    , 0.0 , 0.0 , -1.0    ,-20.1875 , -31.375 , -5.25
62164635  , -0.61291564 , 9.466142 , 1.7297841    , 0.0 , 0.0 , -1.0    ,-20.1875 , -31.375 , -5.25
2073171  , -0.61291564 , 9.466142 , 1.7297841    , 0.0 , 0.0 , -1.0    ,-20.4375 , -31.875 , -5.5
2012195  , -0.6537767 , 9.615966 , 2.1111538    , 0.0 , 0.0 , -1.0    ,-20.4375 , -31.875 , -5.5
975610  , -0.6537767 , 9.615966 , 2.1111538    , 0.0 , 0.0 , -1.0    ,-20.9375 , -31.625 , -5.0
54237805  , -0.50395286 , 9.466142 , 1.7570249    , 0.0 , 0.0 , -1.0    ,-20.9375 , -31.625 , -5.0
213415  , -0.50395286 , 9.466142 , 1.7570249    , 0.0 , 0.0 , -1.0    ,-21.1875 , -31.375 , -5.25
59756098  , -0.5720546 , 9.615966 , 1.9477097    , 0.0 , 0.0 , -1.0    ,-21.1875 , -31.375 , -5.25
1158537  , -0.5720546 , 9.615966 , 1.9477097    , 0.0 , 0.0 , -1.0    ,-21.1875 , -31.125 , -5.25
9268292  , -0.61291564 , 9.507003 , 1.7978859    , 0.0 , 0.0 , -1.0    ,-21.1875 , -31.125 , -5.25
15304879  , -0.61291564 , 9.507003 , 1.7978859    , 0.0 , 0.0 , -1.0    ,-20.9375 , -31.125 , -5.0
43841463  , -0.53119355 , 9.575105 , 1.7297841    , 0.0 , 0.0 , -1.0    ,-20.9375 , -31.125 , -5.0
213415  , -0.53119355 , 9.575105 , 1.7297841    , 0.0 , 0.0 , -1.0    ,-20.4375 , -31.375 , -4.5
213415  , -0.6537767 , 9.724928 , 1.9477097    , 0.0 , 0.0 , -1.0    ,-20.4375 , -31.375 , -4.5
182927  , -0.6537767 , 9.724928 , 1.9477097    , 0.0 , 0.0 , -1.0    ,-20.4375 , -31.375 , -4.25
182927  , -0.61291564 , 9.575105 , 1.7570249    , 0.0 , 0.0 , -1.0    ,-20.4375 , -31.375 , -4.25
213415  , -0.61291564 , 9.575105 , 1.7570249    , 0.0 , 0.0 , -1.0    ,-20.1875 , -31.875 , -4.25
57835366  , -0.50395286 , 9.534244 , 1.879608    , 0.0 , 0.0 , -1.0    ,-20.1875 , -31.875 , -4.25
45304879  , -0.5720546 , 9.80665 , 1.879608    , 0.0 , 0.0 , -1.0    ,-20.1875 , -31.875 , -4.25
243902  , -0.5720546 , 9.80665 , 1.879608    , 0.0 , 0.0 , -1.0    ,-20.1875 , -31.625 , -4.25
213415  , -0.6537767 , 9.997335 , 1.9477097    , 0.0 , 0.0 , -1.0    ,-20.1875 , -31.625 , -4.25
213415  , -0.6537767 , 9.997335 , 1.9477097    , 0.0 , 0.0 , -1.0    ,-20.4375 , -31.125 , -4.25
33506097  , -0.5720546 , 9.724928 , 1.920469    , 0.0 , 0.0 , -1.0    ,-20.4375 , -31.125 , -4.25
243903  , -0.5720546 , 9.724928 , 1.920469    , 0.0 , 0.0 , -1.0    ,-20.6875 , -30.875 , -4.25
40884146  , -0.7218784 , 9.615966 , 1.7297841    , 0.0 , 0.0 , -1.0    ,-20.6875 , -30.875 , -4.25
2286586  , -0.7218784 , 9.615966 , 1.7297841    , 0.0 , 0.0 , -1.0    ,-20.9375 , -30.375 , -4.0625
47073171  , -0.46309182 , 9.534244 , 1.879608    , 0.0 , 0.0 , -1.0    ,-20.9375 , -30.375 , -4.0625
3323171  , -0.46309182 , 9.534244 , 1.879608    , 0.0 , 0.0 , -1.0    ,-20.9375 , -30.125 , -4.25
30792682  , -0.6946377 , 9.534244 , 1.7297841    , 0.0 , 0.0 , -1.0    ,-20.9375 , -30.125 , -4.25
213415  , -0.6946377 , 9.534244 , 1.7297841    , 0.0 , 0.0 , -1.0    ,-20.6875 , -30.375 , -4.25
28536586  , -0.5720546 , 9.466142 , 1.7978859    , 0.0 , 0.0 , -1.0    ,-20.6875 , -30.375 , -4.25
27530488  , -0.5720546 , 8.894087 , 1.6889231    , 0.0 , 0.0 , -1.0    ,-20.6875 , -30.375 , -4.25
243902  , -0.5720546 , 8.894087 , 1.6889231    , 0.0 , 0.0 , -1.0    ,-20.4375 , -30.125 , -4.5
35365854  , -0.7218784 , 8.471856 , 1.6889231    , 0.0 , 0.0 , -1.0    ,-20.4375 , -30.125 , -4.5
213414  , -0.7218784 , 8.471856 , 1.6889231    , 0.0 , 0.0 , -1.0    ,-20.6875 , -30.375 , -5.0
64695121  , -0.53119355 , 7.8861814 , 1.6480621    , 0.0 , 0.0 , -1.0    ,-20.6875 , -30.375 , -5.0
213414  , -0.53119355 , 7.8861814 , 1.6480621    , 0.0 , 0.0 , -1.0    ,-20.4375 , -30.375 , -5.25
36402440  , -0.3405087 , 7.3141265 , 1.920469    , 0.0 , 0.0 , -1.0    ,-20.4375 , -30.375 , -5.25
213414  , -0.3405087 , 7.3141265 , 1.920469    , 0.0 , 0.0 , -1.0    ,-20.4375 , -29.875 , -4.75
37103659  , -0.3405087 , 7.0553403 , 1.7297841    , 0.0 , 0.0 , -1.0    ,-20.4375 , -29.875 , -4.75
182927  , -0.3405087 , 7.0553403 , 1.7297841    , 0.0 , 0.0 , -1.0    ,-20.4375 , -30.125 , -4.5
36585366  , -0.10896278 , 7.014479 , 1.334794    , 0.0 , 0.0 , -1.0    ,-20.4375 , -30.125 , -4.5
243902  , -0.10896278 , 7.014479 , 1.334794    , 0.0 , 0.0 , -1.0    ,-20.9375 , -29.625 , -3.8125
34207318  , 0.040861044 , 8.662541 , 1.4982382    , 0.0 , 0.0 , -1.0    ,-20.9375 , -29.625 , -3.8125
213415  , 0.040861044 , 8.662541 , 1.4982382    , 0.0 , 0.0 , -1.0    ,-21.9375 , -29.375 , -3.3125
30396341  , -0.08172209 , 8.390134 , 1.0760075    , 0.0 , 0.0 , -1.0    ,-21.9375 , -29.375 , -3.3125
213415  , -0.08172209 , 8.390134 , 1.0760075    , 0.0 , 0.0 , -1.0    ,-23.25 , -28.875 , -3.3125
30792683  , 0.27240697 , 9.302697 , 0.8036005    , 0.0 , 0.0 , -1.0    ,-23.25 , -28.875 , -3.3125
213415  , 0.27240697 , 9.302697 , 0.8036005    , 0.0 , 0.0 , -1.0    ,-24.5 , -27.875 , -2.8125
56463415  , 0.95342433 , 10.119919 , 1.4165162    , 0.0 , 0.0 , -1.0    ,-24.5 , -27.875 , -2.8125
1067073  , 0.95342433 , 10.119919 , 1.4165162    , 0.0 , 0.0 , -1.0    ,-25.25 , -27.125 , -2.3125
213414  , 1.4573772 , 10.119919 , 1.1441092    , 0.0 , 0.0 , -1.0    ,-25.25 , -27.125 , -2.3125
213414  , 1.4573772 , 10.119919 , 1.1441092    , 0.0 , 0.0 , -1.0    ,-25.5 , -25.875 , -1.8125
28932927  , 0.9942854 , 11.536434 , 0.92618364    , 0.0 , 0.0 , -1.0    ,-25.5 , -25.875 , -1.8125
213414  , 0.9942854 , 11.536434 , 0.92618364    , 0.0 , 0.0 , -1.0    ,-25.75 , -24.9375 , -1.375
29878049  , 1.56634 , 12.4489975 , 0.61291564    , 0.0 , 0.0 , -1.0    ,-25.75 , -24.9375 , -1.375
213414  , 1.56634 , 12.4489975 , 0.61291564    , 0.0 , 0.0 , -1.0    ,-26.25 , -23.9375 , -0.625
40152439  , 1.56634 , 14.206022 , 0.7218784    , 0.0 , 0.0 , -1.0    ,-26.25 , -23.9375 , -0.625
182927  , 1.56634 , 14.206022 , 0.7218784    , 0.0 , 0.0 , -1.0    ,-26.75 , -22.9375 , -0.375
38810976  , 1.7570249 , 16.276316 , 1.0760075    , 0.0 , 0.0 , -1.0    ,-26.75 , -22.9375 , -0.375
213414  , 1.7570249 , 16.276316 , 1.0760075    , 0.0 , 0.0 , -1.0    ,-27.5625 , -22.4375 , -0.375
39695122  , 1.6889231 , 15.5135765 , 0.7627395    , 0.0 , 0.0 , -1.0    ,-27.5625 , -22.4375 , -0.375
213415  , 1.6889231 , 15.5135765 , 0.7627395    , 0.0 , 0.0 , -1.0    ,-27.8125 , -22.4375 , -0.125
40091463  , 1.3756552 , 13.715691 , 0.50395286    , 0.0 , 0.0 , -1.0    ,-27.8125 , -22.4375 , -0.125
213415  , 1.3756552 , 13.715691 , 0.50395286    , 0.0 , 0.0 , -1.0    ,-27.8125 , -22.9375 , -0.625
39634147  , 1.0760075 , 12.258313 , 1.3756552    , 0.0 , 0.0 , -1.0    ,-27.8125 , -22.9375 , -0.625
213415  , 1.0760075 , 12.258313 , 1.3756552    , 0.0 , 0.0 , -1.0    ,-27.0 , -23.4375 , -0.375
39298781  , 0.92618364 , 10.800936 , 0.6537767    , 0.0 , 0.0 , -1.0    ,-27.0 , -23.4375 , -0.375
213414  , 0.92618364 , 10.800936 , 0.6537767    , 0.0 , 0.0 , -1.0    ,-26.5 , -24.4375 , -0.125
39115854  , 0.61291564 , 9.466142 , 0.92618364    , 0.0 , 0.0 , -1.0    ,-26.5 , -24.4375 , -0.125
182927  , 0.61291564 , 9.466142 , 0.92618364    , 0.0 , 0.0 , -1.0    ,-25.75 , -25.375 , -0.125
40762195  , 0.42223078 , 8.853226 , 1.2666923    , 0.0 , 0.0 , -1.0    ,-25.75 , -25.375 , -0.125
213415  , 0.42223078 , 8.853226 , 1.2666923    , 0.0 , 0.0 , -1.0    ,-24.5 , -26.625 , -0.125
39024390  , 0.08172209 , 7.9270425 , 0.95342433    , 0.0 , 0.0 , -1.0    ,-24.5 , -26.625 , -0.125
182927  , 0.08172209 , 7.9270425 , 0.95342433    , 0.0 , 0.0 , -1.0    ,-23.5 , -28.125 , -1.125
39329269  , -0.27240697 , 7.43671 , 1.0760075    , 0.0 , 0.0 , -1.0    ,-23.5 , -28.125 , -1.125
213414  , -0.27240697 , 7.43671 , 1.0760075    , 0.0 , 0.0 , -1.0    ,-22.1875 , -29.125 , -1.5625
39634146  , -0.27240697 , 6.742072 , 1.3756552    , 0.0 , 0.0 , -1.0    ,-22.1875 , -29.125 , -1.5625
213415  , -0.27240697 , 6.742072 , 1.3756552    , 0.0 , 0.0 , -1.0    ,-20.9375 , -29.875 , -1.8125
38658537  , -0.8036005 , 6.3198414 , 1.1849703    , 0.0 , 0.0 , -1.0    ,-20.9375 , -29.875 , -1.8125
182927  , -0.8036005 , 6.3198414 , 1.1849703    , 0.0 , 0.0 , -1.0    ,-19.9375 , -30.625 , -2.3125
38963415  , -1.0351465 , 5.6660647 , 1.2666923    , 0.0 , 0.0 , -1.0    ,-19.9375 , -30.625 , -2.3125
213415  , -1.0351465 , 5.6660647 , 1.2666923    , 0.0 , 0.0 , -1.0    ,-19.1875 , -30.875 , -2.3125
31006097  , -1.1849703 , 5.012288 , 1.2258313    , 0.0 , 0.0 , -1.0    ,-19.1875 , -30.875 , -2.3125
213415  , -1.1849703 , 5.012288 , 1.2258313    , 0.0 , 0.0 , -1.0    ,-18.125 , -31.625 , -2.8125
39024391  , -0.9942854 , 5.2165933 , 1.6480621    , 0.0 , 0.0 , -1.0    ,-18.125 , -31.625 , -2.8125
213415  , -0.9942854 , 5.2165933 , 1.6480621    , 0.0 , 0.0 , -1.0    ,-17.875 , -31.875 , -3.0625
40213414  , -0.84446156 , 5.8976107 , 1.607201    , 0.0 , 0.0 , -1.0    ,-17.875 , -31.875 , -3.0625
213414  , -0.84446156 , 5.8976107 , 1.607201    , 0.0 , 0.0 , -1.0    ,-17.875 , -31.875 , -2.8125
39451219  , -0.8036005 , 7.014479 , 1.334794    , 0.0 , 0.0 , -1.0    ,-17.875 , -31.875 , -2.8125
213415  , -0.8036005 , 7.014479 , 1.334794    , 0.0 , 0.0 , -1.0    ,-18.9375 , -32.0625 , -2.8125
39603659  , -0.27240697 , 8.580819 , 1.2258313    , 0.0 , 0.0 , -1.0    ,-18.9375 , -32.0625 , -2.8125
213415  , -0.27240697 , 8.580819 , 1.2258313    , 0.0 , 0.0 , -1.0    ,-19.9375 , -31.125 , -2.5625
39908537  , -0.040861044 , 9.112013 , 1.334794    , 0.0 , 0.0 , -1.0    ,-19.9375 , -31.125 , -2.5625
213415  , -0.040861044 , 9.112013 , 1.334794    , 0.0 , 0.0 , -1.0    ,-20.9375 , -30.625 , -2.5625
104207317  , -0.19068487 , 10.18802 , 0.7627395    , 0.0 , 0.0 , -1.0    ,-20.9375 , -30.625 , -2.5625
243902  , -0.19068487 , 10.18802 , 0.7627395    , 0.0 , 0.0 , -1.0    ,-22.4375 , -29.625 , -2.0625
39054878  , 0.040861044 , 10.800936 , 0.5720546    , 0.0 , 0.0 , -1.0    ,-22.4375 , -29.625 , -2.0625
182926  , 0.040861044 , 10.800936 , 0.5720546    , 0.0 , 0.0 , -1.0    ,-23.5 , -29.125 , -1.125
66615854  , 0.42223078 , 11.454713 , 0.53119355    , 0.0 , 0.0 , -1.0    ,-23.5 , -29.125 , -1.125
243902  , 0.42223078 , 11.454713 , 0.53119355    , 0.0 , 0.0 , -1.0    ,-24.5 , -29.125 , -0.375
10609756  , 0.38136974 , 11.795221 , 0.50395286    , 0.0 , 0.0 , -1.0    ,-24.5 , -29.125 , -0.375
213414  , 0.38136974 , 11.795221 , 0.50395286    , 0.0 , 0.0 , -1.0    ,-25.25 , -27.875 , -0.125
18353658  , 1.3756552 , 12.871228 , 0.7218784    , 0.0 , 0.0 , -1.0    ,-25.25 , -27.875 , -0.125
213415  , 1.3756552 , 12.871228 , 0.7218784    , 0.0 , 0.0 , -1.0    ,-25.75 , -27.375 , 0.125
53048781  , 1.6889231 , 13.33432 , 0.84446156    , 0.0 , 0.0 , -1.0    ,-25.75 , -27.375 , 0.125
2621951  , 1.6889231 , 13.33432 , 0.84446156    , 0.0 , 0.0 , -1.0    ,-26.25 , -26.375 , 0.375
29298781  , 1.2666923 , 14.137921 , 0.53119355    , 0.0 , 0.0 , -1.0    ,-26.25 , -26.375 , 0.375
213415  , 1.2666923 , 14.137921 , 0.53119355    , 0.0 , 0.0 , -1.0    ,-26.75 , -25.375 , 0.625
35670732  , 0.95342433 , 14.47843 , 0.46309182    , 0.0 , 0.0 , -1.0    ,-26.75 , -25.375 , 0.625
274391  , 0.95342433 , 14.47843 , 0.46309182    , 0.0 , 0.0 , -1.0    ,-27.0 , -25.625 , 1.375
20396341  , 0.84446156 , 13.33432 , 0.5720546    , 0.0 , 0.0 , -1.0    ,-27.0 , -25.625 , 1.375
213415  , 0.84446156 , 13.33432 , 0.5720546    , 0.0 , 0.0 , -1.0    ,-27.0 , -25.625 , 1.125
39695122  , 0.8036005 , 12.108489 , 0.84446156    , 0.0 , 0.0 , -1.0    ,-27.0 , -25.625 , 1.125
182927  , 0.8036005 , 12.108489 , 0.84446156    , 0.0 , 0.0 , -1.0    ,-26.0 , -26.375 , 0.875
39969513  , 0.5720546 , 10.732834 , 1.0351465    , 0.0 , 0.0 , -1.0    ,-26.0 , -26.375 , 0.875
182926  , 0.5720546 , 10.732834 , 1.0351465    , 0.0 , 0.0 , -1.0    ,-25.0 , -26.875 , 0.875
39420731  , 0.10896278 , 9.425281 , 0.9942854    , 0.0 , 0.0 , -1.0    ,-25.0 , -26.875 , 0.875
213414  , 0.10896278 , 9.425281 , 0.9942854    , 0.0 , 0.0 , -1.0    ,-24.0 , -27.625 , 0.625
39512196  , -0.040861044 , 8.499097 , 1.2258313    , 0.0 , 0.0 , -1.0    ,-24.0 , -27.625 , 0.625
213414  , -0.040861044 , 8.499097 , 1.2258313    , 0.0 , 0.0 , -1.0    ,-22.4375 , -29.125 , 0.375
39786585  , -0.29964766 , 7.5865335 , 1.4165162    , 0.0 , 0.0 , -1.0    ,-22.4375 , -29.125 , 0.375
213415  , -0.29964766 , 7.5865335 , 1.4165162    , 0.0 , 0.0 , -1.0    ,-20.9375 , -30.125 , -0.875
38810976  , -0.8036005 , 6.469665 , 1.3756552    , 0.0 , 0.0 , -1.0    ,-20.9375 , -30.125 , -0.875
213415  , -0.8036005 , 6.469665 , 1.3756552    , 0.0 , 0.0 , -1.0    ,-19.4375 , -31.625 , -1.8125
39817073  , -1.4165162 , 6.0201936 , 1.3075534    , 0.0 , 0.0 , -1.0    ,-19.4375 , -31.625 , -1.8125
213415  , -1.4165162 , 6.0201936 , 1.3075534    , 0.0 , 0.0 , -1.0    ,-18.125 , -32.8125 , -3.0625
38780488  , -1.920469 , 5.597963 , 1.0760075    , 0.0 , 0.0 , -1.0    ,-18.125 , -32.8125 , -3.0625
213415  , -1.920469 , 5.597963 , 1.0760075    , 0.0 , 0.0 , -1.0    ,-17.375 , -33.5625 , -3.5625
40884147  , -2.0294318 , 5.366417 , 1.0351465    , 0.0 , 0.0 , -1.0    ,-17.375 , -33.5625 , -3.5625
213414  , -2.0294318 , 5.366417 , 1.0351465    , 0.0 , 0.0 , -1.0    ,-17.125 , -33.8125 , -3.0625
38932927  , -1.7297841 , 4.399372 , 1.3075534    , 0.0 , 0.0 , -1.0    ,-17.125 , -33.8125 , -3.0625
40152439  , -1.607201 , 4.2495484 , 1.3756552    , 0.0 , 0.0 , -1.0    ,-17.125 , -33.8125 , -3.0625
213414  , -1.607201 , 4.2495484 , 1.3756552    , 0.0 , 0.0 , -1.0    ,-17.125 , -33.8125 , -2.5625
38993902  , -0.88532263 , 5.8567495 , 1.4165162    , 0.0 , 0.0 , -1.0    ,-17.125 , -33.8125 , -2.5625
213414  , -0.88532263 , 5.8567495 , 1.4165162    , 0.0 , 0.0 , -1.0    ,-16.875 , -33.3125 , -2.3125
40701220  , -0.7627395 , 7.273266 , 1.0351465    , 0.0 , 0.0 , -1.0    ,-16.875 , -33.3125 , -2.3125
213415  , -0.7627395 , 7.273266 , 1.0351465    , 0.0 , 0.0 , -1.0    ,-17.375 , -32.3125 , -2.3125
39115854  , 0.040861044 , 8.117727 , 1.1441092    , 0.0 , 0.0 , -1.0    ,-17.375 , -32.3125 , -2.3125
213415  , 0.040861044 , 8.117727 , 1.1441092    , 0.0 , 0.0 , -1.0    ,-18.125 , -31.875 , -2.0625
38323171  , 0.42223078 , 9.384419 , 0.95342433    , 0.0 , 0.0 , -1.0    ,-18.125 , -31.875 , -2.0625
243902  , 0.42223078 , 9.384419 , 0.95342433    , 0.0 , 0.0 , -1.0    ,-19.4375 , -31.125 , -2.3125
39237804  , 0.3405087 , 9.234595 , 0.6946377    , 0.0 , 0.0 , -1.0    ,-19.4375 , -31.125 , -2.3125
213414  , 0.3405087 , 9.234595 , 0.6946377    , 0.0 , 0.0 , -1.0    ,-21.4375 , -29.375 , -1.8125
39634146  , 0.7627395 , 11.563675 , 0.7218784    , 0.0 , 0.0 , -1.0    ,-21.4375 , -29.375 , -1.8125
213415  , 0.7627395 , 11.563675 , 0.7218784    , 0.0 , 0.0 , -1.0    ,-23.25 , -28.625 , -1.125
39939025  , 1.4573772 , 12.639683 , 0.38136974    , 0.0 , 0.0 , -1.0    ,-23.25 , -28.625 , -1.125
213414  , 1.4573772 , 12.639683 , 0.38136974    , 0.0 , 0.0 , -1.0    ,-24.75 , -27.625 , -0.125
49359757  , 0.8036005 , 14.206022 , 0.46309182    , 0.0 , 0.0 , -1.0    ,-24.75 , -27.625 , -0.125
243903  , 0.8036005 , 14.206022 , 0.46309182    , 0.0 , 0.0 , -1.0    ,-25.75 , -26.125 , 0.875
39085366  , 1.1168685 , 14.47843 , 0.23154591    , 0.0 , 0.0 , -1.0    ,-25.75 , -26.125 , 0.875
243902  , 1.1168685 , 14.47843 , 0.23154591    , 0.0 , 0.0 , -1.0    ,-26.5 , -25.625 , 1.375
39390244  , 0.84446156 , 14.709975 , 0.040861044    , 0.0 , 0.0 , -1.0    ,-26.5 , -25.625 , 1.375
243903  , 0.84446156 , 14.709975 , 0.040861044    , 0.0 , 0.0 , -1.0    ,-26.75 , -24.4375 , 1.375
39603658  , 0.88532263 , 14.09706 , -0.0    , 0.0 , 0.0 , -1.0    ,-26.75 , -24.4375 , 1.375
243903  , 0.88532263 , 14.09706 , -0.0    , 0.0 , 0.0 , -1.0    ,-27.5625 , -23.6875 , 1.375
40945121  , 0.6946377 , 13.102775 , 0.14982383    , 0.0 , 0.0 , -1.0    ,-27.5625 , -23.6875 , 1.375
274391  , 0.6946377 , 13.102775 , 0.14982383    , 0.0 , 0.0 , -1.0    ,-27.8125 , -23.1875 , 1.375
37896341  , 0.5720546 , 12.217452 , 0.10896278    , 0.0 , 0.0 , -1.0    ,-27.8125 , -23.1875 , 1.375
213415  , 0.5720546 , 12.217452 , 0.10896278    , 0.0 , 0.0 , -1.0    ,-27.3125 , -23.4375 , 1.125
39481708  , 0.53119355 , 11.536434 , 0.3405087    , 0.0 , 0.0 , -1.0    ,-27.3125 , -23.4375 , 1.125
243902  , 0.53119355 , 11.536434 , 0.3405087    , 0.0 , 0.0 , -1.0    ,-27.3125 , -24.6875 , 1.125
39512195  , 0.42223078 , 10.882658 , 0.5720546    , 0.0 , 0.0 , -1.0    ,-27.3125 , -24.6875 , 1.125
243902  , 0.42223078 , 10.882658 , 0.5720546    , 0.0 , 0.0 , -1.0    ,-26.25 , -25.125 , 1.375
39573171  , 0.23154591 , 10.147159 , 0.6946377    , 0.0 , 0.0 , -1.0    ,-26.25 , -25.125 , 1.375
182927  , 0.23154591 , 10.147159 , 0.6946377    , 0.0 , 0.0 , -1.0    ,-25.0 , -26.375 , 1.125
39512195  , 0.27240697 , 9.302697 , 0.9942854    , 0.0 , 0.0 , -1.0    ,-25.0 , -26.375 , 1.125
243903  , 0.27240697 , 9.302697 , 0.9942854    , 0.0 , 0.0 , -1.0    ,-24.0 , -27.625 , 0.875
39939024  , 0.040861044 , 9.043911 , 1.2666923    , 0.0 , 0.0 , -1.0    ,-24.0 , -27.625 , 0.875
243902  , 0.040861044 , 9.043911 , 1.2666923    , 0.0 , 0.0 , -1.0    ,-23.0 , -28.125 , 0.375
38871952  , -0.14982383 , 7.8180795 , 1.1441092    , 0.0 , 0.0 , -1.0    ,-23.0 , -28.125 , 0.375
213415  , -0.14982383 , 7.8180795 , 1.1441092    , 0.0 , 0.0 , -1.0    ,-21.1875 , -29.125 , -0.375
39756097  , -0.6537767 , 7.164303 , 1.3075534    , 0.0 , 0.0 , -1.0    ,-21.1875 , -29.125 , -0.375
213415  , -0.6537767 , 7.164303 , 1.3075534    , 0.0 , 0.0 , -1.0    ,-20.1875 , -29.875 , -1.125
39390244  , -1.0351465 , 6.782933 , 1.2258313    , 0.0 , 0.0 , -1.0    ,-20.1875 , -29.875 , -1.125
274391  , -1.0351465 , 6.782933 , 1.2258313    , 0.0 , 0.0 , -1.0    ,-19.1875 , -30.375 , -2.0625
39359756  , -0.9942854 , 6.2108784 , 1.334794    , 0.0 , 0.0 , -1.0    ,-19.1875 , -30.375 , -2.0625
243903  , -0.9942854 , 6.2108784 , 1.334794    , 0.0 , 0.0 , -1.0    ,-17.625 , -31.375 , -2.3125
40000000  , -1.0351465 , 5.6660647 , 1.5390993    , 0.0 , 0.0 , -1.0    ,-17.625 , -31.375 , -2.3125
243902  , -1.0351465 , 5.6660647 , 1.5390993    , 0.0 , 0.0 , -1.0    ,-17.625 , -31.875 , -2.5625
40609756  , -1.1849703 , 5.6252036 , 1.4573772    , 0.0 , 0.0 , -1.0    ,-17.625 , -31.875 , -2.5625
274390  , -1.1849703 , 5.6252036 , 1.4573772    , 0.0 , 0.0 , -1.0    ,-17.125 , -32.0625 , -2.5625
38536586  , -1.3075534 , 5.7477865 , 1.4573772    , 0.0 , 0.0 , -1.0    ,-17.125 , -32.0625 , -2.5625
213414  , -1.3075534 , 5.7477865 , 1.4573772    , 0.0 , 0.0 , -1.0    ,-17.125 , -32.0625 , -2.0625
41890243  , -1.334794 , 6.0201936 , 1.2666923    , 0.0 , 0.0 , -1.0    ,-17.125 , -32.0625 , -2.0625
213414  , -1.334794 , 6.0201936 , 1.2666923    , 0.0 , 0.0 , -1.0    ,-17.625 , -31.875 , -2.3125
37743903  , -0.6537767 , 7.082581 , 1.0760075    , 0.0 , 0.0 , -1.0    ,-17.625 , -31.875 , -2.3125
213415  , -0.6537767 , 7.082581 , 1.0760075    , 0.0 , 0.0 , -1.0    ,-18.125 , -32.0625 , -2.3125
39664634  , -0.46309182 , 8.349273 , 0.9942854    , 0.0 , 0.0 , -1.0    ,-18.125 , -32.0625 , -2.3125
213415  , -0.46309182 , 8.349273 , 0.9942854    , 0.0 , 0.0 , -1.0    ,-19.4375 , -31.375 , -1.5625
39176829  , -0.19068487 , 9.234595 , 0.6946377    , 0.0 , 0.0 , -1.0    ,-19.4375 , -31.375 , -1.5625
213415  , -0.19068487 , 9.234595 , 0.6946377    , 0.0 , 0.0 , -1.0    ,-20.6875 , -30.625 , -1.125
40396342  , -0.27240697 , 10.337844 , 0.42223078    , 0.0 , 0.0 , -1.0    ,-20.6875 , -30.625 , -1.125
213415  , -0.27240697 , 10.337844 , 0.42223078    , 0.0 , 0.0 , -1.0    ,-21.4375 , -29.625 , -0.625
37560976  , 0.19068487 , 10.760075 , 0.46309182    , 0.0 , 0.0 , -1.0    ,-21.4375 , -29.625 , -0.625
213414  , 0.19068487 , 10.760075 , 0.46309182    , 0.0 , 0.0 , -1.0    ,-22.4375 , -28.375 , 0.125
39420732  , 0.040861044 , 11.495573 , 0.3405087    , 0.0 , 0.0 , -1.0    ,-22.4375 , -28.375 , 0.125
243903  , 0.040861044 , 11.495573 , 0.3405087    , 0.0 , 0.0 , -1.0    ,-23.25 , -27.625 , 0.625
39603658  , 0.6537767 , 11.958665 , 0.38136974    , 0.0 , 0.0 , -1.0    ,-23.25 , -27.625 , 0.625
243902  , 0.6537767 , 11.958665 , 0.38136974    , 0.0 , 0.0 , -1.0    ,-24.25 , -26.875 , 1.125
39390243  , 0.8036005 , 12.367276 , 0.53119355    , 0.0 , 0.0 , -1.0    ,-24.25 , -26.875 , 1.125
304878  , 0.8036005 , 12.367276 , 0.53119355    , 0.0 , 0.0 , -1.0    ,-25.25 , -26.375 , 2.0625
39390244  , 0.6946377 , 13.021052 , 0.27240697    , 0.0 , 0.0 , -1.0    ,-25.25 , -26.375 , 2.0625
274390  , 0.6946377 , 13.021052 , 0.27240697    , 0.0 , 0.0 , -1.0    ,-26.0 , -25.625 , 1.8125
39603658  , 0.88532263 , 13.443283 , 0.313268    , 0.0 , 0.0 , -1.0    ,-26.0 , -25.625 , 1.8125
213415  , 0.88532263 , 13.443283 , 0.313268    , 0.0 , 0.0 , -1.0    ,-26.75 , -25.125 , 1.5625
39573171  , 0.7218784 , 13.484144 , 0.27240697    , 0.0 , 0.0 , -1.0    ,-26.75 , -25.125 , 1.5625
274390  , 0.7218784 , 13.484144 , 0.27240697    , 0.0 , 0.0 , -1.0    ,-27.3125 , -24.6875 , 1.125
40975610  , 0.61291564 , 13.102775 , 0.38136974    , 0.0 , 0.0 , -1.0    ,-27.3125 , -24.6875 , 1.125
243902  , 0.61291564 , 13.102775 , 0.38136974    , 0.0 , 0.0 , -1.0    ,-27.8125 , -24.1875 , 0.875
37774391  , 0.84446156 , 12.108489 , 0.53119355    , 0.0 , 0.0 , -1.0    ,-27.8125 , -24.1875 , 0.875
274390  , 0.84446156 , 12.108489 , 0.53119355    , 0.0 , 0.0 , -1.0    ,-27.5625 , -24.4375 , 0.625
39451220  , 0.46309182 , 11.536434 , 0.95342433    , 0.0 , 0.0 , -1.0    ,-27.5625 , -24.4375 , 0.625
213415  , 0.46309182 , 11.536434 , 0.95342433    , 0.0 , 0.0 , -1.0    ,-26.5 , -24.9375 , 0.375
39542683  , 0.46309182 , 10.691973 , 0.92618364    , 0.0 , 0.0 , -1.0    ,-26.5 , -24.9375 , 0.375
243902  , 0.46309182 , 10.691973 , 0.92618364    , 0.0 , 0.0 , -1.0    ,-25.25 , -25.625 , 0.625
39481708  , -0.14982383 , 10.18802 , 0.8036005    , 0.0 , 0.0 , -1.0    ,-25.25 , -25.625 , 0.625
243902  , -0.14982383 , 10.18802 , 0.8036005    , 0.0 , 0.0 , -1.0    ,-24.0 , -26.625 , 0.125
39542683  , 0.14982383 , 9.615966 , 1.1849703    , 0.0 , 0.0 , -1.0    ,-24.0 , -26.625 , 0.125
213414  , 0.14982383 , 9.615966 , 1.1849703    , 0.0 , 0.0 , -1.0    ,-22.6875 , -26.875 , -0.625
39573171  , -0.040861044 , 8.689782 , 1.3756552    , 0.0 , 0.0 , -1.0    ,-22.6875 , -26.875 , -0.625
274390  , -0.040861044 , 8.689782 , 1.3756552    , 0.0 , 0.0 , -1.0    ,-21.9375 , -27.625 , -0.875
39573171  , -0.38136974 , 8.390134 , 1.4165162    , 0.0 , 0.0 , -1.0    ,-21.9375 , -27.625 , -0.875
243902  , -0.38136974 , 8.390134 , 1.4165162    , 0.0 , 0.0 , -1.0    ,-21.1875 , -27.875 , -1.125
30487805  , -0.88532263 , 8.008764 , 1.3075534    , 0.0 , 0.0 , -1.0    ,-21.1875 , -27.875 , -1.125
304878  , -0.88532263 , 8.008764 , 1.3075534    , 0.0 , 0.0 , -1.0    ,-20.1875 , -28.125 , -1.8125
39481707  , -0.7218784 , 7.43671 , 1.3756552    , 0.0 , 0.0 , -1.0    ,-20.1875 , -28.125 , -1.8125
213415  , -0.7218784 , 7.43671 , 1.3756552    , 0.0 , 0.0 , -1.0    ,-19.4375 , -28.875 , -1.375
38140244  , -1.2258313 , 6.851035 , 1.334794    , 0.0 , 0.0 , -1.0    ,-19.4375 , -28.875 , -1.375
213414  , -1.2258313 , 6.851035 , 1.334794    , 0.0 , 0.0 , -1.0    ,-18.625 , -29.375 , -1.8125
39481708  , -1.0760075 , 6.2789803 , 1.3756552    , 0.0 , 0.0 , -1.0    ,-18.625 , -29.375 , -1.8125
213414  , -1.0760075 , 6.2789803 , 1.3756552    , 0.0 , 0.0 , -1.0    ,-17.875 , -29.875 , -3.0625
39451220  , -1.1849703 , 5.09401 , 1.7297841    , 0.0 , 0.0 , -1.0    ,-17.875 , -29.875 , -3.0625
243903  , -1.1849703 , 5.09401 , 1.7297841    , 0.0 , 0.0 , -1.0    ,-17.625 , -30.625 , -3.3125
39695122  , -1.1441092 , 5.597963 , 1.6480621    , 0.0 , 0.0 , -1.0    ,-17.625 , -30.625 , -3.3125
243902  , -1.1441092 , 5.597963 , 1.6480621    , 0.0 , 0.0 , -1.0    ,-17.625 , -30.625 , -4.25
39512196  , -1.1441092 , 6.2789803 , 1.334794    , 0.0 , 0.0 , -1.0    ,-17.625 , -30.625 , -4.25
243902  , -1.1441092 , 6.2789803 , 1.334794    , 0.0 , 0.0 , -1.0    ,-17.625 , -30.625 , -4.5
40426830  , -1.1849703 , 7.9270425 , 1.0351465    , 0.0 , 0.0 , -1.0    ,-17.625 , -30.625 , -4.5
274390  , -1.1849703 , 7.9270425 , 1.0351465    , 0.0 , 0.0 , -1.0    ,-17.875 , -30.125 , -3.3125
38902439  , -0.8036005 , 9.193735 , 1.0760075    , 0.0 , 0.0 , -1.0    ,-17.875 , -30.125 , -3.3125
213415  , -0.8036005 , 9.193735 , 1.0760075    , 0.0 , 0.0 , -1.0    ,-18.375 , -29.375 , -2.8125
39054878  , -0.27240697 , 9.425281 , 1.0760075    , 0.0 , 0.0 , -1.0    ,-18.375 , -29.375 , -2.8125
213415  , -0.27240697 , 9.425281 , 1.0760075    , 0.0 , 0.0 , -1.0    ,-19.1875 , -28.625 , -2.3125
39390244  , -0.3405087 , 9.956474 , 0.7627395    , 0.0 , 0.0 , -1.0    ,-19.1875 , -28.625 , -2.3125
274391  , -0.3405087 , 9.956474 , 0.7627395    , 0.0 , 0.0 , -1.0    ,-19.9375 , -28.125 , -2.3125
39878049  , -0.10896278 , 9.847511 , 1.0760075    , 0.0 , 0.0 , -1.0    ,-19.9375 , -28.125 , -2.3125
243902  , -0.10896278 , 9.847511 , 1.0760075    , 0.0 , 0.0 , -1.0    ,-21.1875 , -27.875 , -3.0625
39054878  , 0.040861044 , 10.378705 , 1.1168685    , 0.0 , 0.0 , -1.0    ,-21.1875 , -27.875 , -3.0625
243903  , 0.040861044 , 10.378705 , 1.1168685    , 0.0 , 0.0 , -1.0    ,-22.4375 , -27.125 , -3.0625
41890244  , 0.14982383 , 10.501288 , 1.1441092    , 0.0 , 0.0 , -1.0    ,-22.4375 , -27.125 , -3.0625
304878  , 0.14982383 , 10.501288 , 1.1441092    , 0.0 , 0.0 , -1.0    ,-23.25 , -26.875 , -2.3125
37835366  , -0.040861044 , 12.067628 , 0.8036005    , 0.0 , 0.0 , -1.0    ,-23.25 , -26.875 , -2.3125
213415  , -0.040861044 , 12.067628 , 0.8036005    , 0.0 , 0.0 , -1.0    ,-24.5 , -25.375 , -1.8125
38719512  , 0.08172209 , 13.375181 , 0.88532263    , 0.0 , 0.0 , -1.0    ,-24.5 , -25.375 , -1.8125
243902  , 0.08172209 , 13.375181 , 0.88532263    , 0.0 , 0.0 , -1.0    ,-25.0 , -25.125 , -1.8125
39512195  , -0.10896278 , 13.375181 , 0.84446156    , 0.0 , 0.0 , -1.0    ,-25.0 , -25.125 , -1.8125
243903  , -0.10896278 , 13.375181 , 0.84446156    , 0.0 , 0.0 , -1.0    ,-25.0 , -24.9375 , -1.8125
39420731  , 0.08172209 , 13.593107 , 0.7218784    , 0.0 , 0.0 , -1.0    ,-25.0 , -24.9375 , -1.8125
243903  , 0.08172209 , 13.593107 , 0.7218784    , 0.0 , 0.0 , -1.0    ,-25.25 , -24.6875 , -2.0625
39664634  , 0.42223078 , 13.633968 , 0.7627395    , 0.0 , 0.0 , -1.0    ,-25.25 , -24.6875 , -2.0625
396342  , 0.42223078 , 13.633968 , 0.7627395    , 0.0 , 0.0 , -1.0    ,-25.0 , -25.375 , -2.0625
40609756  , 0.46309182 , 12.258313 , 0.92618364    , 0.0 , 0.0 , -1.0    ,-25.0 , -25.375 , -2.0625
365854  , 0.46309182 , 12.258313 , 0.92618364    , 0.0 , 0.0 , -1.0    ,-24.25 , -25.875 , -1.375
38658537  , 0.14982383 , 11.223166 , 0.84446156    , 0.0 , 0.0 , -1.0    ,-24.25 , -25.875 , -1.375
213415  , 0.14982383 , 11.223166 , 0.84446156    , 0.0 , 0.0 , -1.0    ,-23.75 , -26.875 , -0.875
46737805  , -0.040861044 , 10.269742 , 0.8036005    , 0.0 , 0.0 , -1.0    ,-23.75 , -26.875 , -0.875
243903  , -0.040861044 , 10.269742 , 0.8036005    , 0.0 , 0.0 , -1.0    ,-23.0 , -28.125 , -1.125
21859756  , 0.14982383 , 9.343558 , 0.95342433    , 0.0 , 0.0 , -1.0    ,-23.0 , -28.125 , -1.125
213414  , 0.14982383 , 9.343558 , 0.95342433    , 0.0 , 0.0 , -1.0    ,-21.9375 , -28.875 , -1.125
39664634  , -0.08172209 , 8.921328 , 1.0351465    , 0.0 , 0.0 , -1.0    ,-21.9375 , -28.875 , -1.125
213415  , -0.08172209 , 8.921328 , 1.0351465    , 0.0 , 0.0 , -1.0    ,-21.1875 , -29.875 , -1.8125
39481707  , -0.38136974 , 8.076866 , 1.1168685    , 0.0 , 0.0 , -1.0    ,-21.1875 , -29.875 , -1.8125
213415  , -0.38136974 , 8.076866 , 1.1168685    , 0.0 , 0.0 , -1.0    ,-20.1875 , -30.375 , -2.3125
40030488  , -0.6946377 , 7.43671 , 1.0760075    , 0.0 , 0.0 , -1.0    ,-20.1875 , -30.375 , -2.3125
213415  , -0.6946377 , 7.43671 , 1.0760075    , 0.0 , 0.0 , -1.0    ,-19.1875 , -31.125 , -2.8125
37591464  , -0.9942854 , 6.851035 , 1.3075534    , 0.0 , 0.0 , -1.0    ,-19.1875 , -31.125 , -2.8125
213415  , -0.9942854 , 6.851035 , 1.3075534    , 0.0 , 0.0 , -1.0    ,-18.375 , -32.0625 , -2.8125
29939024  , -1.0760075 , 5.8567495 , 1.6889231    , 0.0 , 0.0 , -1.0    ,-18.375 , -32.0625 , -2.8125
213415  , -1.0760075 , 5.8567495 , 1.6889231    , 0.0 , 0.0 , -1.0    ,-17.375 , -32.5625 , -2.5625
30640244  , -1.525479 , 5.2165933 , 1.2258313    , 0.0 , 0.0 , -1.0    ,-17.375 , -32.5625 , -2.5625
243902  , -1.525479 , 5.2165933 , 1.2258313    , 0.0 , 0.0 , -1.0    ,-17.375 , -33.0625 , -3.3125
38597561  , -1.7570249 , 5.597963 , 1.334794    , 0.0 , 0.0 , -1.0    ,-17.375 , -33.0625 , -3.3125
213414  , -1.7570249 , 5.597963 , 1.334794    , 0.0 , 0.0 , -1.0    ,-16.875 , -33.0625 , -2.8125
38932927  , -1.2666923 , 6.4424243 , 1.1849703    , 0.0 , 0.0 , -1.0    ,-16.875 , -33.0625 , -2.8125
213415  , -1.2666923 , 6.4424243 , 1.1849703    , 0.0 , 0.0 , -1.0    ,-16.625 , -33.0625 , -2.5625
39542682  , -0.95342433 , 6.891896 , 1.334794    , 0.0 , 0.0 , -1.0    ,-16.625 , -33.0625 , -2.5625
274390  , -0.95342433 , 6.891896 , 1.334794    , 0.0 , 0.0 , -1.0    ,-17.875 , -32.8125 , -2.8125
39603659  , -0.9125633 , 8.471856 , 0.95342433    , 0.0 , 0.0 , -1.0    ,-17.875 , -32.8125 , -2.8125
243903  , -0.9125633 , 8.471856 , 0.95342433    , 0.0 , 0.0 , -1.0    ,-17.875 , -32.8125 , -2.3125
39451219  , -0.23154591 , 9.043911 , 1.2258313    , 0.0 , 0.0 , -1.0    ,-17.875 , -32.8125 , -2.3125
213414  , -0.23154591 , 9.043911 , 1.2258313    , 0.0 , 0.0 , -1.0    ,-18.9375 , -32.3125 , -2.8125
39512195  , -0.29964766 , 10.038197 , 1.1849703    , 0.0 , 0.0 , -1.0    ,-18.9375 , -32.3125 , -2.8125
243902  , -0.29964766 , 10.038197 , 1.1849703    , 0.0 , 0.0 , -1.0    ,-20.1875 , -31.625 , -2.8125
39542683  , -0.040861044 , 9.697687 , 1.7297841    , 0.0 , 0.0 , -1.0    ,-20.1875 , -31.625 , -2.8125
274390  , -0.040861044 , 9.697687 , 1.7297841    , 0.0 , 0.0 , -1.0    ,-20.6875 , -31.125 , -3.0625
39664634  , 0.27240697 , 9.80665 , 1.6889231    , 0.0 , 0.0 , -1.0    ,-20.6875 , -31.125 , -3.0625
243902  , 0.27240697 , 9.80665 , 1.6889231    , 0.0 , 0.0 , -1.0    ,-21.6875 , -30.125 , -2.5625
30121951  , 0.08172209 , 10.337844 , 1.1849703    , 0.0 , 0.0 , -1.0    ,-21.6875 , -30.125 , -2.5625
243902  , 0.08172209 , 10.337844 , 1.1849703    , 0.0 , 0.0 , -1.0    ,-22.6875 , -29.375 , -2.3125
38993902  , 0.27240697 , 10.882658 , 1.1441092    , 0.0 , 0.0 , -1.0    ,-22.6875 , -29.375 , -2.3125
182927  , 0.27240697 , 10.882658 , 1.1441092    , 0.0 , 0.0 , -1.0    ,-23.5 , -28.875 , -2.3125
38993903  , 0.19068487 , 10.760075 , 1.1168685    , 0.0 , 0.0 , -1.0    ,-23.5 , -28.875 , -2.3125
274390  , 0.19068487 , 10.760075 , 1.1168685    , 0.0 , 0.0 , -1.0    ,-23.5 , -28.125 , -2.3125
39542682  , 0.27240697 , 10.923519 , 1.0760075    , 0.0 , 0.0 , -1.0    ,-23.5 , -28.125 , -2.3125
243902  , 0.27240697 , 10.923519 , 1.0760075    , 0.0 , 0.0 , -1.0    ,-24.5 , -27.125 , -2.5625
39512195  , -0.50395286 , 11.876944 , 0.88532263    , 0.0 , 0.0 , -1.0    ,-24.5 , -27.125 , -2.5625
243902  , -0.50395286 , 11.876944 , 0.88532263    , 0.0 , 0.0 , -1.0    ,-24.75 , -26.875 , -2.3125
39481707  , -0.46309182 , 12.598822 , 0.88532263    , 0.0 , 0.0 , -1.0    ,-24.75 , -26.875 , -2.3125
243902  , -0.46309182 , 12.598822 , 0.88532263    , 0.0 , 0.0 , -1.0    ,-24.75 , -26.375 , -2.5625
39420732  , 0.040861044 , 13.402422 , 1.6889231    , 0.0 , 0.0 , -1.0    ,-24.75 , -26.375 , -2.5625
243903  , 0.040861044 , 13.402422 , 1.6889231    , 0.0 , 0.0 , -1.0    ,-25.5 , -25.875 , -2.0625
39603658  , 0.3405087 , 13.293459 , 1.7297841    , 0.0 , 0.0 , -1.0    ,-25.5 , -25.875 , -2.0625
243902  , 0.3405087 , 13.293459 , 1.7297841    , 0.0 , 0.0 , -1.0    ,-25.25 , -26.375 , -2.0625
39451219  , 0.7218784 , 12.789507 , 1.607201    , 0.0 , 0.0 , -1.0    ,-25.25 , -26.375 , -2.0625
243902  , 0.7218784 , 12.789507 , 1.607201    , 0.0 , 0.0 , -1.0    ,-25.25 , -26.125 , -1.8125
40091464  , 0.313268 , 11.836082 , 1.2258313    , 0.0 , 0.0 , -1.0    ,-25.25 , -26.125 , -1.8125
243902  , 0.313268 , 11.836082 , 1.2258313    , 0.0 , 0.0 , -1.0    ,-25.0 , -26.625 , -1.8125
38719512  , 1.3075534 , 10.18802 , 1.4573772    , 0.0 , 0.0 , -1.0    ,-25.0 , -26.625 , -1.8125
243902  , 1.3075534 , 10.18802 , 1.4573772    , 0.0 , 0.0 , -1.0    ,-24.5 , -27.375 , -2.3125
39542683  , 1.0760075 , 9.043911 , 1.1441092    , 0.0 , 0.0 , -1.0    ,-24.5 , -27.375 , -2.3125
243903  , 1.0760075 , 9.043911 , 1.1441092    , 0.0 , 0.0 , -1.0    ,-24.25 , -27.875 , -3.5625
39451219  , 2.2201166 , 7.6273947 , -0.95342433    , 0.0 , 0.0 , -1.0    ,-24.25 , -27.875 , -3.5625
274390  , 2.2201166 , 7.6273947 , -0.95342433    , 0.0 , 0.0 , -1.0    ,-24.25 , -28.125 , -5.75
39420731  , -0.8036005 , 7.246025 , -0.19068487    , 0.0 , 0.0 , -1.0    ,-24.25 , -28.125 , -5.75
243903  , -0.8036005 , 7.246025 , -0.19068487    , 0.0 , 0.0 , -1.0    ,-24.75 , -27.625 , -8.4375
39481707  , 0.14982383 , 8.894087 , 3.2961242    , 0.0 , 0.0 , -1.0    ,-24.75 , -27.625 , -8.4375
243903  , 0.14982383 , 8.894087 , 3.2961242    , 0.0 , 0.0 , -1.0    ,-24.5 , -26.625 , -11.125
39481707  , 1.7570249 , 8.117727 , 6.0201936    , 0.0 , 0.0 , -1.0    ,-24.5 , -26.625 , -11.125
243903  , 1.7570249 , 8.117727 , 6.0201936    , 0.0 , 0.0 , -1.0    ,-23.75 , -25.125 , -14.8125
39725609  , 1.9477097 , 6.4424243 , 0.08172209    , 0.0 , 0.0 , -1.0    ,-23.75 , -25.125 , -14.8125
243903  , 1.9477097 , 6.4424243 , 0.08172209    , 0.0 , 0.0 , -1.0    ,-23.5 , -23.4375 , -17.75
39756098  , -0.3405087 , 8.499097 , 4.0588636    , 0.0 , 0.0 , -1.0    ,-23.5 , -23.4375 , -17.75
274390  , -0.3405087 , 8.499097 , 4.0588636    , 0.0 , 0.0 , -1.0    ,-23.5 , -21.6875 , -19.6875
39573170  , 2.152015 , 7.4639506 , 4.099725    , 0.0 , 0.0 , -1.0    ,-23.5 , -21.6875 , -19.6875
213415  , 2.152015 , 7.4639506 , 4.099725    , 0.0 , 0.0 , -1.0    ,-23.75 , -20.4375 , -20.875
38628049  , 1.8387469 , 8.539958 , 1.2666923    , 0.0 , 0.0 , -1.0    ,-23.75 , -20.4375 , -20.875
274390  , 1.8387469 , 8.539958 , 1.2666923    , 0.0 , 0.0 , -1.0    ,-24.75 , -19.4375 , -20.1875
41250000  , 2.4108016 , 9.425281 , 1.3756552    , 0.0 , 0.0 , -1.0    ,-24.75 , -19.4375 , -20.1875
213414  , 2.4108016 , 9.425281 , 1.3756552    , 0.0 , 0.0 , -1.0    ,-26.0 , -18.9375 , -19.1875
38140245  , 1.920469 , 9.343558 , 2.2201166    , 0.0 , 0.0 , -1.0    ,-26.0 , -18.9375 , -19.1875
182926  , 1.920469 , 9.343558 , 2.2201166    , 0.0 , 0.0 , -1.0    ,-26.0 , -19.1875 , -18.0
39146341  , 2.4925237 , 9.615966 , 2.3699405    , 0.0 , 0.0 , -1.0    ,-26.0 , -19.1875 , -18.0
182927  , 2.4925237 , 9.615966 , 2.3699405    , 0.0 , 0.0 , -1.0    ,-26.75 , -19.6875 , -16.5
39634146  , 2.5333846 , 8.894087 , 1.8387469    , 0.0 , 0.0 , -1.0    ,-26.75 , -19.6875 , -16.5
243903  , 2.5333846 , 8.894087 , 1.8387469    , 0.0 , 0.0 , -1.0    ,-26.75 , -20.4375 , -15.5
41189024  , 2.3699405 , 8.853226 , 3.214402    , 0.0 , 0.0 , -1.0    ,-26.75 , -20.4375 , -15.5
487805  , 2.3699405 , 8.853226 , 3.214402    , 0.0 , 0.0 , -1.0    ,-26.5 , -21.1875 , -15.0625
37682927  , 1.7570249 , 9.275456 , 0.7627395    , 0.0 , 0.0 , -1.0    ,-26.5 , -21.1875 , -15.0625
243902  , 1.7570249 , 9.275456 , 0.7627395    , 0.0 , 0.0 , -1.0    ,-26.25 , -21.4375 , -14.8125
40030488  , 2.6014864 , 9.343558 , 1.920469    , 0.0 , 0.0 , -1.0    ,-26.25 , -21.4375 , -14.8125
213415  , 2.6014864 , 9.343558 , 1.920469    , 0.0 , 0.0 , -1.0    ,-25.75 , -21.6875 , -15.5
