64086914  , -2.8738933 , 4.1814466 , 8.281172    , 0.2959138 , -0.43054754 , -0.85268056    ,3.25 , -12.1875 , -45.5
244141  , -2.9147544 , 4.2086873 , 8.240311    , 0.30045572 , -0.43383563 , -0.84941924    ,3.25 , -12.1875 , -45.5
33142090  , -2.9147544 , 4.2086873 , 8.240311    , 0.3004557 , -0.43383554 , -0.8494192    ,3.0 , -11.9375 , -45.25
244141  , -2.9147544 , 4.3312707 , 8.19945    , 0.29985875 , -0.44558454 , -0.8435279    ,3.0 , -11.9375 , -45.25
45166015  , -2.9147544 , 4.3312707 , 8.19945    , 0.29985866 , -0.44558436 , -0.8435278    ,3.0 , -11.6875 , -44.75
274659  , -2.9147544 , 4.3312707 , 8.076866    , 0.3030757 , -0.45036483 , -0.83983123    ,3.0 , -11.6875 , -44.75
27862548  , -2.9147544 , 4.3312707 , 8.076866    , 0.30307573 , -0.45036483 , -0.83983123    ,3.0 , -11.4375 , -44.75
244141  , -2.8330324 , 4.9850473 , 8.117727    , 0.28505558 , -0.5015882 , -0.8167939    ,3.0 , -11.4375 , -44.75
51818846  , -2.8330324 , 4.9850473 , 8.117727    , 0.28505564 , -0.5015883 , -0.81679404    ,3.0 , -10.6875 , -45.0
274658  , -2.9556155 , 4.9850473 , 8.662541    , 0.28358358 , -0.47830224 , -0.83114827    ,3.0 , -10.6875 , -45.0
28381346  , -2.9556155 , 4.9850473 , 8.662541    , 0.28358352 , -0.4783022 , -0.83114815    ,3.0 , -10.5 , -45.5
213623  , -2.982856 , 5.284695 , 9.343558    , 0.26773083 , -0.47433588 , -0.83864534    ,3.0 , -10.5 , -45.5
42297361  , -2.982856 , 5.284695 , 9.343558    , 0.26773074 , -0.47433576 , -0.8386451    ,2.5 , -10.5 , -45.75
213623  , -2.6014864 , 6.2108784 , 10.228881    , 0.21242979 , -0.5071622 , -0.8352606    ,2.5 , -10.5 , -45.75
23376466  , -2.6014864 , 6.2108784 , 10.228881    , 0.21242976 , -0.50716215 , -0.83526045    ,2.5 , -10.25 , -45.5
244141  , -2.4925237 , 9.425281 , 12.571581    , 0.15667476 , -0.5924531 , -0.7902229    ,2.5 , -10.25 , -45.5
50048830  , -2.4925237 , 9.425281 , 12.571581    , 0.1566748 , -0.59245336 , -0.79022306    ,2.5 , -10.6875 , -45.25
4486084  , -4.630918 , 11.75436 , 16.08563    , 0.22640869 , -0.57467866 , -0.7864374    ,2.5 , -10.6875 , -45.25
21392823  , -4.630918 , 11.75436 , 16.08563    , 0.22640869 , -0.5746786 , -0.78643733    ,2.5 , -11.6875 , -44.5
213623  , -5.012288 , 11.985906 , 18.578154    , 0.22109702 , -0.5287103 , -0.8195009    ,2.5 , -11.6875 , -44.5
40557862  , -5.012288 , 11.985906 , 18.578154    , 0.221097 , -0.5287103 , -0.81950104    ,2.5 , -13.4375 , -43.75
244141  , -4.944186 , 11.114203 , 19.313654    , 0.21661131 , -0.48692784 , -0.8461565    ,2.5 , -13.4375 , -43.75
34790040  , -4.944186 , 11.114203 , 19.313654    , 0.2166113 , -0.48692793 , -0.8461566    ,3.0 , -17.1875 , -42.3125
213623  , -4.1814466 , 8.580819 , 18.700737    , 0.19915438 , -0.40868807 , -0.89068055    ,3.0 , -17.1875 , -42.3125
34423828  , -4.1814466 , 8.580819 , 18.700737    , 0.19915432 , -0.408688 , -0.8906805    ,3.0 , -22.875 , -38.625
244140  , -3.759216 , 6.1700177 , 17.079916    , 0.20270565 , -0.33270165 , -0.92098874    ,3.0 , -22.875 , -38.625
36987305  , -3.759216 , 6.1700177 , 17.079916    , 0.20270567 , -0.33270162 , -0.9209886    ,3.25 , -29.5625 , -32.5
244140  , -2.9556155 , 4.7535014 , 15.241169    , 0.182035 , -0.29276597 , -0.9386966    ,3.25 , -29.5625 , -32.5
84838867  , -2.9556155 , 4.7535014 , 15.241169    , 0.18203501 , -0.292766 , -0.9386966    ,4.0 , -36.5 , -23.0
244140  , -2.1792557 , 3.6774938 , 11.141444    , 0.18261893 , -0.30816945 , -0.9336392    ,4.0 , -36.5 , -23.0
244141  , -2.1792557 , 3.6774938 , 11.141444    , 0.1826189 , -0.30816942 , -0.93363917    ,4.0 , -41.6875 , -11.25
244141  , -2.6423476 , 2.1111538 , 6.851035    , 0.34583902 , -0.27631468 , -0.8966858    ,4.0 , -41.6875 , -11.25
34240722  , -2.6423476 , 2.1111538 , 6.851035    , 0.34583905 , -0.2763147 , -0.89668584    ,4.25 , -44.6875 , 0.75
366210  , -3.255263 , 0.38136974 , 3.8681788    , 0.6420626 , -0.07522073 , -0.76295304    ,4.25 , -44.6875 , 0.75
22796630  , -3.255263 , 0.38136974 , 3.8681788    , 0.64206254 , -0.07522073 , -0.762953    ,4.25 , -44.1875 , 12.25
274658  , -3.636633 , -0.9942854 , 2.0294318    , 0.84935844 , 0.23222159 , -0.47398663    ,4.25 , -44.1875 , 12.25
57067869  , -3.636633 , -0.9942854 , 2.0294318    , 0.8493586 , 0.2322216 , -0.4739866    ,4.0 , -40.9375 , 22.0
335693  , -3.3642259 , -1.9885708 , 0.92618364    , 0.83765393 , 0.49513146 , -0.23060918    ,4.0 , -40.9375 , 22.0
22735595  , -3.3642259 , -1.9885708 , 0.92618364    , 0.83765393 , 0.49513146 , -0.23060913    ,2.5 , -35.75 , 30.8125
244140  , -2.7921712 , -3.1054392 , 0.10896278    , 0.6683768 , 0.7433654 , -0.026082963    ,2.5 , -35.75 , 30.8125
51086428  , -2.7921712 , -3.1054392 , 0.10896278    , 0.6683767 , 0.7433653 , -0.026082993    ,0.9375 , -28.8125 , 37.625
244140  , -1.607201 , -4.5219555 , -0.9942854    , 0.3279334 , 0.9226601 , 0.20287406    ,0.9375 , -28.8125 , 37.625
22735596  , -1.607201 , -4.5219555 , -0.9942854    , 0.32793337 , 0.92266005 , 0.20287403    ,-0.3125 , -20.875 , 42.8125
244141  , -0.53119355 , -6.742072 , -3.255263    , 0.07077271 , 0.89826894 , 0.43370962    ,-0.3125 , -20.875 , 42.8125
29144288  , -0.53119355 , -6.742072 , -3.255263    , 0.07077271 , 0.89826894 , 0.43370968    ,-2.125 , -12.6875 , 46.1875
244141  , 0.19068487 , -8.921328 , -5.175732    , -0.01848483 , 0.8648261 , 0.50173116    ,-2.125 , -12.6875 , 46.1875
50415040  , 0.19068487 , -8.921328 , -5.175732    , -0.01848483 , 0.86482614 , 0.5017312    ,-2.875 , -4.75 , 47.1875
213623  , 0.88532263 , -10.95076 , -7.246025    , -0.06726943 , 0.83207107 , 0.5505744    ,-2.875 , -4.75 , 47.1875
27435303  , 0.88532263 , -10.95076 , -7.246025    , -0.06726943 , 0.83207107 , 0.55057436    ,-4.125 , 2.9375 , 47.1875
244141  , 0.46309182 , -12.176591 , -8.880466    , -0.030713055 , 0.80757254 , 0.5889679    ,-4.125 , 2.9375 , 47.1875
36987305  , 0.46309182 , -12.176591 , -8.880466    , -0.030713063 , 0.8075726 , 0.588968    ,-5.125 , 9.375 , 46.1875
274658  , 0.313268 , -12.980191 , -9.847511    , -0.01922372 , 0.7965303 , 0.60429317    ,-5.125 , 9.375 , 46.1875
30090332  , 0.313268 , -12.980191 , -9.847511    , -0.019223712 , 0.7965302 , 0.60429305    ,-5.875 , 13.3125 , 45.5
305175  , 0.6537767 , -13.293459 , -10.337844    , -0.038793534 , 0.7888015 , 0.6134226    ,-5.875 , 13.3125 , 45.5
39642334  , 0.6537767 , -13.293459 , -10.337844    , -0.038793527 , 0.7888015 , 0.6134225    ,-6.125 , 15.5625 , 44.75
213623  , 0.84446156 , -13.565866 , -10.460427    , -0.04923608 , 0.7909536 , 0.6098919    ,-6.125 , 15.5625 , 44.75
28839111  , 0.84446156 , -13.565866 , -10.460427    , -0.049236078 , 0.7909536 , 0.609892    ,-6.125 , 15.0625 , 45.25
244141  , 1.4165162 , -14.818938 , -10.18802    , -0.0785255 , 0.8214975 , 0.56477946    ,-6.125 , 15.0625 , 45.25
17517090  , 1.4165162 , -14.818938 , -10.18802    , -0.07852548 , 0.8214975 , 0.56477946    ,-6.9375 , 11.8125 , 46.1875
213623  , 2.7649305 , -18.34661 , -9.466142    , -0.13274373 , 0.8808168 , 0.45446748    ,-6.9375 , 11.8125 , 46.1875
40008544  , 2.7649305 , -18.34661 , -9.466142    , -0.13274375 , 0.88081706 , 0.45446754    ,-7.1875 , 6.125 , 46.1875
244140  , 1.7570249 , -19.531578 , -5.6252036    , -0.08612321 , 0.9573696 , 0.27572784    ,-7.1875 , 6.125 , 46.1875
28656005  , 1.7570249 , -19.531578 , -5.6252036    , -0.08612321 , 0.95736974 , 0.2757278    ,-6.4375 , -3.0625 , 45.5
213623  , -0.7218784 , -19.6133 , 0.42223078    , 0.036772143 , 0.99909216 , -0.021508232    ,-6.4375 , -3.0625 , 45.5
42755125  , -0.7218784 , -19.6133 , 0.42223078    , 0.036772143 , 0.99909216 , -0.021508235    ,-3.625 , -13.4375 , 42.3125
366211  , -3.445948 , -19.6133 , 5.9793324    , 0.16573407 , 0.9433086 , -0.2875781    ,-3.625 , -13.4375 , 42.3125
35736083  , -3.445948 , -19.6133 , 5.9793324    , 0.16573408 , 0.9433086 , -0.2875781    ,3.0 , -24.625 , 34.9375
457764  , -6.0474343 , -19.6133 , 11.917805    , 0.25480402 , 0.82639134 , -0.50214756    ,3.0 , -24.625 , 34.9375
43090821  , -6.0474343 , -19.6133 , 11.917805    , 0.25480404 , 0.8263914 , -0.5021476    ,10.625 , -33.25 , 22.5
427246  , -7.205164 , -19.6133 , 16.507862    , 0.27057552 , 0.7365383 , -0.6199198    ,10.625 , -33.25 , 22.5
36956789  , -7.205164 , -19.6133 , 16.507862    , 0.2705755 , 0.73653823 , -0.6199197    ,16.9375 , -37.0 , 6.375
427246  , -6.932757 , -19.6133 , 19.313654    , 0.24423204 , 0.6909511 , -0.680395    ,16.9375 , -37.0 , 6.375
55908205  , -6.932757 , -19.6133 , 19.313654    , 0.24423203 , 0.6909511 , -0.6803949    ,21.25 , -34.75 , -11.25
274658  , -4.8216033 , -19.6133 , 19.340895    , 0.17242023 , 0.70137036 , -0.6916292    ,21.25 , -34.75 , -11.25
10498047  , -4.8216033 , -19.6133 , 19.340895    , 0.1724202 , 0.70137036 , -0.6916292    ,20.5 , -26.0625 , -27.375
244140  , -3.445948 , -19.6133 , 19.340895    , 0.12413289 , 0.7065271 , -0.6967143    ,20.5 , -26.0625 , -27.375
39550782  , -3.445948 , -19.6133 , 19.340895    , 0.12413285 , 0.706527 , -0.69671416    ,17.4375 , -12.6875 , -36.9375
274658  , -1.7978859 , -19.6133 , 19.340895    , 0.06513119 , 0.71052235 , -0.70065403    ,17.4375 , -12.6875 , -36.9375
40161134  , -1.7978859 , -19.6133 , 19.340895    , 0.06513122 , 0.7105224 , -0.70065403    ,11.875 , 4.125 , -39.625
1708984  , 1.8387469 , -19.6133 , 19.340895    , -0.06660499 , 0.7104529 , -0.7005856    ,11.875 , 4.125 , -39.625
37475586  , 1.8387469 , -19.6133 , 19.340895    , -0.06660494 , 0.710453 , -0.70058566    ,5.875 , 20.25 , -35.9375
427246  , 2.7240696 , -19.6133 , 19.340895    , -0.09841354 , 0.7085777 , -0.6987364    ,5.875 , 20.25 , -35.9375
39123535  , 2.7240696 , -19.6133 , 19.340895    , -0.09841356 , 0.70857763 , -0.6987363    ,1.3125 , 32.875 , -27.375
427246  , 5.706926 , -18.155924 , 19.340895    , -0.21032053 , 0.6691104 , -0.71278083    ,1.3125 , 32.875 , -27.375
39245605  , 5.706926 , -18.155924 , 19.340895    , -0.21032055 , 0.6691104 , -0.7127808    ,-1.4375 , 41.3125 , -17.625
427246  , 2.1792557 , -10.460427 , 19.340895    , -0.09862604 , 0.47340497 , -0.87530607    ,-1.4375 , 41.3125 , -17.625
38635253  , 2.1792557 , -10.460427 , 19.340895    , -0.09862604 , 0.47340494 , -0.875306    ,-0.9375 , 45.3125 , -8.8125
396728  , -1.7570249 , -2.9147544 , 19.313654    , 0.0895928 , 0.1486268 , -0.98482627    ,-0.9375 , 45.3125 , -8.8125
39947509  , -1.7570249 , -2.9147544 , 19.313654    , 0.089592814 , 0.14862685 , -0.9848264    ,1.0625 , 46.3125 , -3.4375
427246  , -3.568531 , -5.8976107 , 13.484144    , 0.23564118 , 0.38943756 , -0.8903999    ,1.0625 , 46.3125 , -3.4375
38208007  , -3.568531 , -5.8976107 , 13.484144    , 0.23564115 , 0.38943747 , -0.89039975    ,3.125 , 47.25 , -1.6875
427246  , -2.8738933 , -10.106298 , 9.302697    , 0.20478934 , 0.7201597 , -0.6628963    ,3.125 , 47.25 , -1.6875
39520262  , -2.8738933 , -10.106298 , 9.302697    , 0.20478933 , 0.7201596 , -0.6628963    ,4.125 , 48.0 , -3.4375
427246  , -3.1054392 , -12.067628 , 11.495573    , 0.18317445 , 0.71180934 , -0.6780667    ,4.125 , 48.0 , -3.4375
38665774  , -3.1054392 , -12.067628 , 11.495573    , 0.1831744 , 0.71180934 , -0.6780667    ,3.875 , 47.75 , -7.5625
396729  , -5.175732 , -13.484144 , 13.824653    , 0.2588735 , 0.6744336 , -0.6914647    ,3.875 , 47.75 , -7.5625
39916993  , -5.175732 , -13.484144 , 13.824653    , 0.25887352 , 0.67443365 , -0.6914648    ,3.625 , 47.0 , -14.1875
427246  , -6.8237944 , -12.14935 , 15.241169    , 0.33043393 , 0.5883175 , -0.7380351    ,3.625 , 47.0 , -14.1875
41656496  , -6.8237944 , -12.14935 , 15.241169    , 0.33043393 , 0.58831745 , -0.7380351    ,3.625 , 45.0625 , -22.0
427246  , -7.082581 , -9.534244 , 17.052675    , 0.34081662 , 0.4587916 , -0.8205816    ,3.625 , 45.0625 , -22.0
44342042  , -7.082581 , -9.534244 , 17.052675    , 0.34081668 , 0.45879173 , -0.8205816    ,3.625 , 40.8125 , -31.0625
1495361  , -7.9679036 , -6.1700177 , 17.924377    , 0.38748613 , 0.3000533 , -0.871678    ,3.625 , 40.8125 , -31.0625
71350098  , -7.9679036 , -6.1700177 , 17.924377    , 0.38748604 , 0.30005327 , -0.871678    ,2.625 , 31.1875 , -40.125
274658  , -6.428804 , -3.718355 , 18.619015    , 0.32071003 , 0.18549544 , -0.9288361    ,2.625 , 31.1875 , -40.125
41656494  , -6.428804 , -3.718355 , 18.619015    , 0.32071 , 0.1854954 , -0.928836    ,-0.4375 , 18.25 , -45.9375
244140  , -6.469665 , -2.7513103 , 18.34661    , 0.32928687 , 0.1400336 , -0.93378836    ,-0.4375 , 18.25 , -45.9375
32318115  , -6.469665 , -2.7513103 , 18.34661    , 0.32928693 , 0.1400336 , -0.9337885    ,-5.75 , 2.9375 , -47.1875
244141  , -5.8976107 , -1.56634 , 15.745122    , 0.349256 , 0.092758514 , -0.9324248    ,-5.75 , 2.9375 , -47.1875
36560058  , -5.8976107 , -1.56634 , 15.745122    , 0.349256 , 0.09275852 , -0.9324248    ,-13.125 , -12.1875 , -42.3125
1129150  , -4.9850473 , -1.920469 , 11.958665    , 0.3806061 , 0.14662693 , -0.9130387    ,-13.125 , -12.1875 , -42.3125
30242919  , -4.9850473 , -1.920469 , 11.958665    , 0.38060614 , 0.14662695 , -0.91303873    ,-21.0 , -21.875 , -33.0
366212  , -3.636633 , -3.0237172 , 8.390134    , 0.37758413 , 0.3139463 , -0.8711303    ,-21.0 , -21.875 , -33.0
34423827  , -3.636633 , -3.0237172 , 8.390134    , 0.3775842 , 0.31394643 , -0.8711306    ,-28.375 , -28.0625 , -22.5
274658  , -2.7513103 , -4.5628166 , 6.0882955    , 0.34006637 , 0.5639716 , -0.7525233    ,-28.375 , -28.0625 , -22.5
80810543  , -2.7513103 , -4.5628166 , 6.0882955    , 0.34006637 , 0.5639715 , -0.7525232    ,-34.4375 , -29.8125 , -11.75
1129150  , -0.5720546 , -6.1700177 , 3.2961242    , 0.08150548 , 0.8790947 , -0.46962675    ,-34.4375 , -29.8125 , -11.75
21209717  , -0.5720546 , -6.1700177 , 3.2961242    , 0.081505455 , 0.87909466 , -0.46962672    ,-38.75 , -26.8125 , -2.1875
671387  , 1.4573772 , -7.6273947 , 1.9885708    , -0.18180962 , 0.95152694 , -0.24807668    ,-38.75 , -26.8125 , -2.1875
244141  , 1.4573772 , -7.6273947 , 1.9885708    , -0.1818096 , 0.95152694 , -0.24807666    ,-41.3125 , -21.625 , 5.125
244141  , 3.214402 , -9.084772 , 1.0760075    , -0.33149925 , 0.9369069 , -0.110967994    ,-41.3125 , -21.625 , 5.125
18096925  , 3.214402 , -9.084772 , 1.0760075    , -0.3314993 , 0.936907 , -0.110967994    ,-43.3125 , -14.6875 , 10.5
213623  , 5.47538 , -11.3321295 , -1.56634    , -0.43172106 , 0.8935123 , 0.1235023    ,-43.3125 , -14.6875 , 10.5
37963869  , 5.47538 , -11.3321295 , -1.56634    , -0.43172106 , 0.8935122 , 0.12350227    ,-44.375 , -8.25 , 13.6875
1037598  , 6.469665 , -14.628253 , -6.973618    , -0.37077197 , 0.8383349 , 0.39965317    ,-44.375 , -8.25 , 13.6875
29205323  , 6.469665 , -14.628253 , -6.973618    , -0.370772 , 0.83833486 , 0.3996532    ,-45.375 , -4.5 , 14.4375
213623  , 6.3607025 , -17.461287 , -9.384419    , -0.30552685 , 0.8387269 , 0.45076662    ,-45.375 , -4.5 , 14.4375
29449464  , 6.3607025 , -17.461287 , -9.384419    , -0.3055269 , 0.838727 , 0.45076668    ,-45.625 , -2.8125 , 13.9375
213623  , 7.273266 , -18.278507 , -8.880466    , -0.33697563 , 0.8468564 , 0.41143847    ,-45.625 , -2.8125 , 13.9375
29479981  , 7.273266 , -18.278507 , -8.880466    , -0.33697563 , 0.8468564 , 0.41143838    ,-46.125 , -3.5625 , 12.5
213624  , 7.7772183 , -17.583868 , -5.407278    , -0.38938877 , 0.8803869 , 0.2707309    ,-46.125 , -3.5625 , 12.5
32501221  , 7.7772183 , -17.583868 , -5.407278    , -0.3893888 , 0.8803869 , 0.2707309    ,-46.125 , -6.75 , 9.75
244141  , 6.3198414 , -18.34661 , -0.95342433    , -0.32529545 , 0.9443384 , 0.04907473    ,-46.125 , -6.75 , 9.75
37628175  , 6.3198414 , -18.34661 , -0.95342433    , -0.32529533 , 0.9443381 , 0.04907473    ,-45.125 , -11.1875 , 5.625
213623  , 4.099725 , -18.891422 , 3.3778462    , -0.20891325 , 0.9626667 , -0.17212786    ,-45.125 , -11.1875 , 5.625
38116455  , 4.099725 , -18.891422 , 3.3778462    , -0.20891327 , 0.96266675 , -0.17212787    ,-43.875 , -16.9375 , -0.25
213623  , 0.84446156 , -19.57244 , 7.8589406    , -0.04000631 , 0.9272432 , -0.37231684    ,-43.875 , -16.9375 , -0.25
29876709  , 0.84446156 , -19.57244 , 7.8589406    , -0.040006295 , 0.92724305 , -0.3723168    ,-40.5625 , -22.375 , -8.3125
213623  , 0.23154591 , -19.6133 , 11.032481    , -0.010288864 , 0.87152934 , -0.49023527    ,-40.5625 , -22.375 , -8.3125
29266357  , 0.23154591 , -19.6133 , 11.032481    , -0.010288909 , 0.8715296 , -0.49023533    ,-35.75 , -26.3125 , -16.875
213623  , 0.61291564 , -19.6133 , 14.137921    , -0.02534227 , 0.8109529 , -0.58456194    ,-35.75 , -26.3125 , -16.875
29785156  , 0.61291564 , -19.6133 , 14.137921    , -0.025342226 , 0.81095314 , -0.58456206    ,-29.875 , -27.3125 , -25.9375
244140  , 2.6832085 , -19.6133 , 16.970953    , -0.102904364 , 0.75219417 , -0.65085685    ,-29.875 , -27.3125 , -25.9375
28869629  , 2.6832085 , -19.6133 , 16.970953    , -0.10290432 , 0.7521941 , -0.65085685    ,-23.3125 , -24.625 , -34.6875
4577636  , 2.6832085 , -19.6133 , 19.340895    , -0.09695132 , 0.70867985 , -0.6988371    ,-23.3125 , -24.625 , -34.6875
28015136  , 2.6832085 , -19.6133 , 19.340895    , -0.09695137 , 0.7086799 , -0.69883716    ,-15.9375 , -17.6875 , -40.8125
274658  , 0.6537767 , -19.6133 , 19.340895    , -0.023727775 , 0.71183354 , -0.70194703    ,-15.9375 , -17.6875 , -40.8125
36376953  , 0.6537767 , -19.6133 , 19.340895    , -0.023727797 , 0.7118336 , -0.70194715    ,-8.5625 , -6.75 , -44.5
274658  , 7.5865335 , -15.4046135 , 19.340895    , -0.29332814 , 0.59560883 , -0.7478025    ,-8.5625 , -6.75 , -44.5
42877197  , 7.5865335 , -15.4046135 , 19.340895    , -0.2933281 , 0.59560883 , -0.7478025    ,-4.0 , 3.1875 , -46.1875
366211  , 1.0351465 , -19.15021 , 19.340895    , -0.038004696 , 0.7030868 , -0.7100877    ,-4.0 , 3.1875 , -46.1875
37231447  , 1.0351465 , -19.15021 , 19.340895    , -0.0380047 , 0.7030869 , -0.7100878    ,-1.6875 , 9.375 , -46.1875
518799  , -4.1814466 , -19.6133 , 19.340895    , 0.15008235 , 0.70396936 , -0.6941921    ,-1.6875 , 9.375 , -46.1875
40588380  , -4.1814466 , -19.6133 , 19.340895    , 0.15008236 , 0.7039693 , -0.694192    ,-0.1875 , 9.125 , -45.9375
213623  , -0.29964766 , -19.6133 , 19.340895    , 0.010877658 , 0.711992 , -0.7021033    ,-0.1875 , 9.125 , -45.9375
35980226  , -0.29964766 , -19.6133 , 19.340895    , 0.010877656 , 0.7119919 , -0.7021033    ,0.5625 , 1.9375 , -45.25
305176  , -0.6537767 , -19.6133 , 18.659876    , 0.024142854 , 0.7242856 , -0.6890772    ,0.5625 , 1.9375 , -45.25
40161133  , -0.6537767 , -19.6133 , 18.659876    , 0.02414285 , 0.72428554 , -0.68907714    ,4.375 , -8.0 , -43.0
457763  , -2.7513103 , -19.57244 , 10.691973    , 0.12243553 , 0.8709894 , -0.4758014    ,4.375 , -8.0 , -43.0
79833985  , -2.7513103 , -19.57244 , 10.691973    , 0.12243552 , 0.8709892 , -0.47580135    ,10.5 , -18.125 , -38.875
274658  , -5.09401 , -17.66559 , 7.5865335    , 0.2561203 , 0.88820326 , -0.3814412    ,10.5 , -18.125 , -38.875
244141  , -5.09401 , -17.66559 , 7.5865335    , 0.25612035 , 0.88820344 , -0.38144124    ,16.8125 , -25.5625 , -33.5
244141  , -5.175732 , -15.6634 , 2.982856    , 0.30874306 , 0.93435395 , -0.17793348    ,16.8125 , -25.5625 , -33.5
27282715  , -5.175732 , -15.6634 , 2.982856    , 0.3087431 , 0.93435407 , -0.17793351    ,22.875 , -29.3125 , -27.375
244141  , -5.134871 , -13.906375 , 1.4165162    , 0.34481597 , 0.9338385 , -0.09512164    ,22.875 , -29.3125 , -27.375
40344237  , -5.134871 , -13.906375 , 1.4165162    , 0.3448159 , 0.93383825 , -0.09512162    ,28.0 , -30.8125 , -22.75
335693  , -5.175732 , -12.489859 , 0.23154591    , 0.38277015 , 0.9236848 , -0.017123923    ,28.0 , -30.8125 , -22.75
38696288  , -5.175732 , -12.489859 , 0.23154591    , 0.38277015 , 0.9236847 , -0.017123923    ,31.8125 , -30.8125 , -18.8125
488281  , -5.7886477 , -11.032481 , 0.14982383    , 0.46458608 , 0.8854464 , -0.012024581    ,31.8125 , -30.8125 , -18.8125
39550780  , -5.7886477 , -11.032481 , 0.14982383    , 0.46458608 , 0.88544637 , -0.012024581    ,34.3125 , -30.3125 , -16.625
335694  , -6.3198414 , -10.528529 , 0.46309182    , 0.51429325 , 0.8567861 , -0.037685305    ,34.3125 , -30.3125 , -16.625
39581297  , -6.3198414 , -10.528529 , 0.46309182    , 0.51429325 , 0.856786 , -0.037685268    ,35.625 , -29.3125 , -16.625
366211  , -6.1700177 , -13.252599 , 1.4982382    , 0.41986984 , 0.9018396 , -0.10195513    ,35.625 , -29.3125 , -16.625
39794921  , -6.1700177 , -13.252599 , 1.4982382    , 0.41986987 , 0.9018397 , -0.10195515    ,35.625 , -27.3125 , -18.3125
427246  , -4.2495484 , -17.66559 , 4.399372    , 0.22731483 , 0.94495934 , -0.2353291    ,35.625 , -27.3125 , -18.3125
38177491  , -4.2495484 , -17.66559 , 4.399372    , 0.22731484 , 0.9449594 , -0.23532912    ,34.8125 , -24.375 , -22.5
396729  , -0.14982383 , -19.6133 , 10.269742    , 0.0067671686 , 0.88588357 , -0.46385843    ,34.8125 , -24.375 , -22.5
39916994  , -0.14982383 , -19.6133 , 10.269742    , 0.006767139 , 0.88588345 , -0.46385843    ,32.8125 , -19.375 , -27.625
457764  , 5.47538 , -19.6133 , 17.774553    , -0.20257021 , 0.72562444 , -0.65759724    ,32.8125 , -19.375 , -27.625
38238526  , 5.47538 , -19.6133 , 17.774553    , -0.20257026 , 0.7256247 , -0.6575974    ,28.75 , -12.1875 , -34.0
457764  , 11.264028 , -19.6133 , 19.340895    , -0.37850136 , 0.6590593 , -0.64990574    ,28.75 , -12.1875 , -34.0
39001466  , 11.264028 , -19.6133 , 19.340895    , -0.37850136 , 0.6590593 , -0.6499056    ,24.1875 , -2.0625 , -37.4375
457764  , 17.434046 , -19.6133 , 19.340895    , -0.5348023 , 0.60165256 , -0.5932964    ,24.1875 , -2.0625 , -37.4375
41656495  , 17.434046 , -19.6133 , 19.340895    , -0.5348023 , 0.60165256 , -0.5932963    ,22.5625 , 6.0625 , -39.0
457764  , 19.57244 , -19.6133 , 19.340895    , -0.5792204 , 0.5804296 , -0.57236814    ,22.5625 , 6.0625 , -39.0
36743165  , 19.57244 , -19.6133 , 19.340895    , -0.57922035 , 0.5804295 , -0.5723681    ,20.0 , 6.25 , -39.6875
42785645  , 19.57244 , -19.6133 , 19.340895    , -0.5792204 , 0.5804297 , -0.57236814    ,15.9375 , -1.5625 , -37.0
488282  , 19.57244 , -19.531578 , 19.231932    , -0.58110696 , 0.57989377 , -0.57099724    ,15.9375 , -1.5625 , -37.0
37048340  , 19.57244 , -19.531578 , 19.231932    , -0.581107 , 0.5798938 , -0.5709973    ,4.3125 , -15.1875 , -30.6875
549316  , 19.422615 , -16.821129 , 13.633968    , -0.66773427 , 0.57829726 , -0.46872517    ,4.3125 , -15.1875 , -30.6875
41107177  , 19.422615 , -16.821129 , 13.633968    , -0.66773427 , 0.5782972 , -0.4687251    ,-11.875 , -24.75 , -19.0
244140  , 15.363752 , -15.894946 , 6.973618    , -0.6627939 , 0.6857096 , -0.3008426    ,-11.875 , -24.75 , -19.0
36315917  , 15.363752 , -15.894946 , 6.973618    , -0.662794 , 0.68570983 , -0.30084264    ,-27.375 , -27.1875 , -6.3125
366211  , 8.771504 , -16.276316 , 4.399372    , -0.46152258 , 0.85639656 , -0.23147787    ,-27.375 , -27.1875 , -6.3125
38391112  , 8.771504 , -16.276316 , 4.399372    , -0.4615225 , 0.8563965 , -0.23147786    ,-37.6875 , -26.3125 , 3.75
427246  , 2.9147544 , -19.6133 , 1.3075534    , -0.14667818 , 0.9869933 , -0.06579956    ,-37.6875 , -26.3125 , 3.75
39306640  , 2.9147544 , -19.6133 , 1.3075534    , -0.14667816 , 0.98699325 , -0.06579956    ,-39.375 , -24.8125 , 6.0625
427246  , 2.2201166 , -19.6133 , -2.8330324    , -0.111335255 , 0.9835751 , 0.14207198    ,-39.375 , -24.8125 , 6.0625
38452148  , 2.2201166 , -19.6133 , -2.8330324    , -0.11133523 , 0.98357505 , 0.14207196    ,-38.375 , -25.75 , 1.625
427247  , 6.6331096 , -19.6133 , 8.076866    , -0.29846323 , 0.8825196 , -0.3634265    ,-38.375 , -25.75 , 1.625
39978029  , 6.6331096 , -19.6133 , 8.076866    , -0.29846326 , 0.88251966 , -0.3634265    ,-36.5625 , -25.8125 , -7.3125
427246  , 15.894946 , -19.6133 , 19.231932    , -0.5008429 , 0.6180067 , -0.60598993    ,-36.5625 , -25.8125 , -7.3125
66314700  , 15.894946 , -19.6133 , 19.231932    , -0.500843 , 0.6180068 , -0.60599005    ,-33.0 , -21.8125 , -18.0
274658  , 19.57244 , -2.2201166 , 19.340895    , -0.70899755 , 0.08042213 , -0.7006101    ,-33.0 , -21.8125 , -18.0
1220703  , 19.57244 , -2.2201166 , 19.340895    , -0.70899767 , 0.08042215 , -0.70061016    ,-25.875 , -17.5625 , -28.125
244141  , 19.531578 , -2.9147544 , 19.340895    , -0.7066052 , 0.10544877 , -0.69970673    ,-25.875 , -17.5625 , -28.125
39245606  , 19.531578 , -2.9147544 , 19.340895    , -0.7066052 , 0.10544872 , -0.6997067    ,-15.25 , -14.5625 , -35.9375
213623  , 10.18802 , -19.300034 , 19.340895    , -0.34937274 , 0.66184664 , -0.6632479    ,-15.25 , -14.5625 , -35.9375
29357910  , 10.18802 , -19.300034 , 19.340895    , -0.34937286 , 0.6618467 , -0.66324806    ,-4.625 , -15.1875 , -38.8125
244141  , -5.7886477 , -19.6133 , 19.340895    , 0.20565684 , 0.6968138 , -0.6871358    ,-4.625 , -15.1875 , -38.8125
39642334  , -5.7886477 , -19.6133 , 19.340895    , 0.20565689 , 0.6968139 , -0.68713593    ,4.75 , -19.8125 , -38.1875
305176  , -3.3642259 , -19.272793 , 19.340895    , 0.12228869 , 0.70056075 , -0.7030361    ,4.75 , -19.8125 , -38.1875
39642334  , -3.3642259 , -19.272793 , 19.340895    , 0.122288704 , 0.7005608 , -0.7030362    ,12.9375 , -23.9375 , -34.375
457764  , -2.1792557 , -19.6133 , 19.313654    , 0.07892292 , 0.7103061 , -0.69945425    ,12.9375 , -23.9375 , -34.375
39672852  , -2.1792557 , -19.6133 , 19.313654    , 0.07892291 , 0.7103061 , -0.69945425    ,20.125 , -28.3125 , -27.875
488282  , -6.851035 , -19.6133 , 11.114203    , 0.2907726 , 0.8324304 , -0.4717106    ,20.125 , -28.3125 , -27.875
36590576  , -6.851035 , -19.6133 , 11.114203    , 0.29077262 , 0.8324303 , -0.4717105    ,27.5 , -30.8125 , -20.3125
213624  , -12.9529505 , -18.768839 , 6.1700177    , 0.5482846 , 0.79446495 , -0.26117027    ,27.5 , -30.8125 , -20.3125
39581298  , -12.9529505 , -18.768839 , 6.1700177    , 0.5482845 , 0.7944648 , -0.2611702    ,34.0625 , -31.8125 , -12.25
244141  , -11.073342 , -14.09706 , 5.243834    , 0.59287506 , 0.7547672 , -0.28075883    ,34.0625 , -31.8125 , -12.25
29876708  , -11.073342 , -14.09706 , 5.243834    , 0.5928751 , 0.75476724 , -0.28075883    ,37.625 , -33.25 , -5.125
396728  , -7.6273947 , -7.8589406 , 5.5162406    , 0.6220096 , 0.640892 , -0.44984627    ,37.625 , -33.25 , -5.125
38848875  , -7.6273947 , -7.8589406 , 5.5162406    , 0.6220095 , 0.6408919 , -0.4498461    ,38.875 , -34.0 , 1.0
427246  , -5.6660647 , -5.366417 , 5.053149    , 0.60944086 , 0.5772108 , -0.54351574    ,38.875 , -34.0 , 1.0
39428709  , -5.6660647 , -5.366417 , 5.053149    , 0.6094409 , 0.5772108 , -0.54351586    ,38.625 , -34.75 , 7.3125
427246  , -4.903325 , -5.5571017 , 2.3426998    , 0.63085324 , 0.714967 , -0.30140767    ,38.625 , -34.75 , 7.3125
39154053  , -4.903325 , -5.5571017 , 2.3426998    , 0.6308533 , 0.7149671 , -0.30140767    ,37.875 , -34.75 , 13.1875
427246  , -5.5571017 , -6.6331096 , -0.95342433    , 0.6383319 , 0.76193047 , 0.10951772    ,37.875 , -34.75 , 13.1875
39245607  , -5.5571017 , -6.6331096 , -0.95342433    , 0.6383319 , 0.7619305 , 0.10951772    ,37.625 , -33.0 , 19.0625
427246  , -7.273266 , -8.580819 , -1.0760075    , 0.6436553 , 0.7593686 , 0.09522239    ,37.625 , -33.0 , 19.0625
38879396  , -7.273266 , -8.580819 , -1.0760075    , 0.6436552 , 0.7593684 , 0.09522241    ,37.625 , -30.3125 , 23.6875
457763  , -7.205164 , -10.310603 , -1.7297841    , 0.56746745 , 0.8120471 , 0.13623512    ,37.625 , -30.3125 , 23.6875
38696290  , -7.205164 , -10.310603 , -1.7297841    , 0.5674675 , 0.8120471 , 0.13623512    ,38.625 , -27.0625 , 25.6875
427246  , -5.284695 , -14.941522 , 0.7218784    , 0.33310407 , 0.94179165 , -0.04550133    ,38.625 , -27.0625 , 25.6875
41351319  , -5.284695 , -14.941522 , 0.7218784    , 0.33310404 , 0.9417916 , -0.04550132    ,39.375 , -25.0625 , 25.1875
457764  , 0.50395286 , -19.6133 , -0.0    , -0.025685966 , 0.99967 , 9.313226E-10    ,39.375 , -25.0625 , 25.1875
37109375  , 0.50395286 , -19.6133 , -0.0    , -0.025685966 , 0.99966997 , -9.313226E-10    ,40.9375 , -24.625 , 20.0625
427246  , 3.759216 , -19.6133 , 9.534244    , -0.16987345 , 0.8862964 , -0.43083856    ,40.9375 , -24.625 , 20.0625
40313721  , 3.759216 , -19.6133 , 9.534244    , -0.16987345 , 0.8862962 , -0.4308385    ,40.9375 , -24.875 , 8.8125
244140  , 11.264028 , -19.6133 , 19.231932    , -0.37940282 , 0.6606288 , -0.64778334    ,40.9375 , -24.875 , 8.8125
37139892  , 11.264028 , -19.6133 , 19.231932    , -0.37940276 , 0.6606287 , -0.6477832    ,39.375 , -20.875 , -6.125
701904  , 15.894946 , -19.6133 , 19.340895    , -0.49980128 , 0.61672133 , -0.6081558    ,39.375 , -20.875 , -6.125
38726806  , 15.894946 , -19.6133 , 19.340895    , -0.49980137 , 0.61672145 , -0.6081559    ,35.3125 , -10.5 , -19.3125
427246  , 19.57244 , -19.6133 , 19.340895    , -0.57922035 , 0.5804296 , -0.5723681    ,35.3125 , -10.5 , -19.3125
39642333  , 19.57244 , -19.6133 , 19.340895    , -0.5792203 , 0.58042955 , -0.572368    ,29.0 , 1.4375 , -30.5625
75653073  , 15.4046135 , -19.6133 , 19.340895    , -0.4881007 , 0.62145436 , -0.6128231    ,29.0 , 1.4375 , -30.5625
366211  , 15.4046135 , -19.6133 , 19.340895    , -0.4881007 , 0.6214545 , -0.6128232    ,24.6875 , 9.625 , -36.6875
335693  , 18.659876 , -19.272793 , 19.340895    , -0.5642341 , 0.5827674 , -0.58482665    ,24.6875 , 9.625 , -36.6875
244140  , 18.659876 , -19.272793 , 19.340895    , -0.5642341 , 0.58276737 , -0.58482665    ,21.625 , 10.625 , -38.875
244141  , 19.57244 , -12.408136 , 19.340895    , -0.64842397 , 0.4110746 , -0.640753    ,21.625 , 10.625 , -38.875
22949218  , 19.57244 , -12.408136 , 19.340895    , -0.64842385 , 0.4110745 , -0.64075285    ,18.875 , 1.1875 , -41.0625
244141  , 19.57244 , -14.2877445 , 19.340895    , -0.63127357 , 0.46082532 , -0.6238056    ,18.875 , 1.1875 , -41.0625
36590579  , 19.57244 , -14.2877445 , 19.340895    , -0.63127357 , 0.46082532 , -0.6238055    ,11.0 , -13.1875 , -37.625
244140  , 19.57244 , -13.6748295 , 14.7916975    , -0.69685227 , 0.48687524 , -0.52663994    ,11.0 , -13.1875 , -37.625
42633058  , 19.57244 , -13.6748295 , 14.7916975    , -0.696852 , 0.4868751 , -0.52663976    ,-4.0 , -23.125 , -25.4375
305175  , 16.467001 , -13.33432 , 5.175732    , -0.75495845 , 0.6113352 , -0.23729053    ,-4.0 , -23.125 , -25.4375
36926271  , 16.467001 , -13.33432 , 5.175732    , -0.7549586 , 0.6113353 , -0.23729055    ,-19.5 , -27.0625 , -11.0
457763  , 3.5957718 , -15.595298 , 8.19945    , -0.19995841 , 0.8672439 , -0.4559658    ,-19.5 , -27.0625 , -11.0
39245606  , 3.5957718 , -15.595298 , 8.19945    , -0.19995844 , 0.86724395 , -0.45596582    ,-31.125 , -30.5625 , -0.75
457764  , 12.217452 , -19.231932 , 4.9850473    , -0.52382654 , 0.8245743 , -0.21373525    ,-31.125 , -30.5625 , -0.75
39001465  , 12.217452 , -19.231932 , 4.9850473    , -0.52382654 , 0.82457423 , -0.21373522    ,-33.1875 , -31.5625 , 1.6875
457763  , 19.57244 , -19.6133 , -14.601013    , -0.62491536 , 0.62622 , 0.46618605    ,-33.1875 , -31.5625 , 1.6875
45959473  , 19.57244 , -19.6133 , -14.601013    , -0.6249153 , 0.62621987 , 0.46618593    ,-27.375 , -34.0 , -4.875
457764  , 17.2025 , -19.6133 , 6.4015636    , -0.6403936 , 0.7301399 , -0.23830958    ,-27.375 , -34.0 , -4.875
31494140  , 17.2025 , -19.6133 , 6.4015636    , -0.64039356 , 0.73013985 , -0.23830956    ,-17.9375 , -37.75 , -18.0625
274659  , 9.915613 , -19.6133 , 19.340895    , -0.33869684 , 0.6699498 , -0.66064507    ,-17.9375 , -37.75 , -18.0625
32989501  , 9.915613 , -19.6133 , 19.340895    , -0.3386968 , 0.66994977 , -0.6606449    ,-9.3125 , -34.25 , -29.8125
213623  , 10.079058 , -19.6133 , 19.340895    , -0.34362522 , 0.66867614 , -0.659389    ,-9.3125 , -34.25 , -29.8125
36102295  , 10.079058 , -19.6133 , 19.340895    , -0.34362525 , 0.6686761 , -0.65938896    ,-3.0 , -25.8125 , -37.4375
366211  , 9.152874 , -19.6133 , 19.340895    , -0.3153302 , 0.6757075 , -0.66632277    ,-3.0 , -25.8125 , -37.4375
39825439  , 9.152874 , -19.6133 , 19.340895    , -0.31533018 , 0.67570764 , -0.6663228    ,2.625 , -14.9375 , -44.0
488281  , -6.0474343 , -19.6133 , 19.340895    , 0.21443678 , 0.69547075 , -0.68581146    ,2.625 , -14.9375 , -44.0
39703368  , -6.0474343 , -19.6133 , 19.340895    , 0.21443681 , 0.6954708 , -0.6858115    ,6.125 , -8.0 , -45.25
488282  , -10.18802 , -17.161638 , 19.340895    , 0.36658287 , 0.6175059 , -0.6959194    ,6.125 , -8.0 , -45.25
37231444  , -10.18802 , -17.161638 , 19.340895    , 0.3665828 , 0.61750585 , -0.6959193    ,10.5 , -5.75 , -43.5
213624  , -9.997335 , -17.2025 , 19.340895    , 0.36029238 , 0.61995804 , -0.69702333    ,10.5 , -5.75 , -43.5
39550779  , -9.997335 , -17.2025 , 19.340895    , 0.36029235 , 0.61995804 , -0.69702333    ,16.0625 , -8.25 , -40.3125
274658  , -12.489859 , -19.6133 , 19.340895    , 0.41295886 , 0.648485 , -0.63947827    ,16.0625 , -8.25 , -40.3125
29968263  , -12.489859 , -19.6133 , 19.340895    , 0.41295877 , 0.6484849 , -0.6394782    ,22.625 , -13.9375 , -34.9375
366211  , -10.651112 , -19.109348 , 19.340895    , 0.3647548 , 0.6544129 , -0.6623424    ,22.625 , -13.9375 , -34.9375
38085939  , -10.651112 , -19.109348 , 19.340895    , 0.3647548 , 0.65441304 , -0.66234255    ,29.25 , -19.125 , -26.375
366211  , -7.7772183 , -15.704261 , 18.38747    , 0.30617833 , 0.618255 , -0.72388923    ,29.25 , -19.125 , -26.375
39428713  , -7.7772183 , -15.704261 , 18.38747    , 0.30617827 , 0.61825496 , -0.72388923    ,35.875 , -23.625 , -15.375
396729  , -2.6423476 , -12.408136 , 13.6748295    , 0.14165595 , 0.6651986 , -0.7331059    ,35.875 , -23.625 , -15.375
39764405  , -2.6423476 , -12.408136 , 13.6748295    , 0.14165595 , 0.66519874 , -0.733106    ,39.375 , -25.8125 , -1.9375
396728  , 1.920469 , -10.882658 , 8.471856    , -0.13791975 , 0.7815451 , -0.60841185    ,39.375 , -25.8125 , -1.9375
38757325  , 1.920469 , -10.882658 , 8.471856    , -0.13791974 , 0.7815453 , -0.60841185    ,40.1875 , -25.0625 , 12.0
427246  , 3.8273177 , -10.528529 , 4.862464    , -0.31339693 , 0.86212033 , -0.39815903    ,40.1875 , -25.0625 , 12.0
88073731  , 3.8273177 , -10.528529 , 4.862464    , -0.31339696 , 0.8621205 , -0.39815903    ,39.125 , -20.625 , 23.6875
274659  , 2.8330324 , -12.598822 , 3.8681788    , -0.21016051 , 0.93460804 , -0.28694996    ,39.125 , -20.625 , 23.6875
244140  , 2.8330324 , -12.598822 , 3.8681788    , -0.21016048 , 0.934608 , -0.28694996    ,35.625 , -14.4375 , 33.5
213623  , 1.1849703 , -14.437569 , 3.0237172    , -0.08007462 , 0.9756218 , -0.20432833    ,35.625 , -14.4375 , 33.5
19378662  , 1.1849703 , -14.437569 , 3.0237172    , -0.08007462 , 0.9756218 , -0.20432836    ,32.0625 , -7.75 , 38.625
244141  , 0.88532263 , -14.09706 , 0.8036005    , -0.06257727 , 0.9964226 , -0.056800902    ,32.0625 , -7.75 , 38.625
29113769  , 0.88532263 , -14.09706 , 0.8036005    , -0.062577255 , 0.9964224 , -0.056800894    ,28.5 , -1.5625 , 41.8125
244141  , 1.1849703 , -13.593107 , -0.6537767    , -0.08674546 , 0.99508023 , 0.047859564    ,28.5 , -1.5625 , 41.8125
40191649  , 1.1849703 , -13.593107 , -0.6537767    , -0.08674547 , 0.9950801 , 0.04785956    ,25.9375 , 2.6875 , 43.75
305176  , 1.1849703 , -17.434046 , -3.636633    , -0.06638982 , 0.9767697 , 0.20374806    ,25.9375 , 2.6875 , 43.75
38024902  , 1.1849703 , -17.434046 , -3.636633    , -0.06638981 , 0.9767698 , 0.20374808    ,23.9375 , 5.375 , 44.25
427246  , -1.6889231 , -19.6133 , -3.568531    , 0.08441784 , 0.98033637 , 0.17836674    ,23.9375 , 5.375 , 44.25
39306640  , -1.6889231 , -19.6133 , -3.568531    , 0.08441785 , 0.9803363 , 0.17836674    ,22.375 , 4.625 , 45.5
427246  , -4.440233 , -19.6133 , 1.1849703    , 0.22041899 , 0.9736299 , -0.05882348    ,22.375 , 4.625 , 45.5
39031981  , -4.440233 , -19.6133 , 1.1849703    , 0.22041902 , 0.97363 , -0.058823477    ,20.875 , -1.8125 , 43.75
457763  , 0.10896278 , -19.6133 , 10.991621    , -0.0048463196 , 0.8723408 , -0.48887438    ,20.875 , -1.8125 , 43.75
39123537  , 0.10896278 , -19.6133 , 10.991621    , -0.0048463345 , 0.8723409 , -0.48887444    ,17.5625 , -13.9375 , 36.6875
457763  , 5.706926 , -19.6133 , 18.38747    , -0.20764825 , 0.7136359 , -0.66903365    ,17.5625 , -13.9375 , 36.6875
38757326  , 5.706926 , -19.6133 , 18.38747    , -0.20764822 , 0.7136359 , -0.66903365    ,12.5 , -27.5625 , 24.6875
427246  , 8.349273 , -19.6133 , 19.340895    , -0.29007626 , 0.68141925 , -0.6719551    ,12.5 , -27.5625 , 24.6875
38665773  , 8.349273 , -19.6133 , 19.340895    , -0.2900763 , 0.6814191 , -0.67195493    ,3.375 , -36.25 , 6.875
396729  , 16.739407 , -19.6133 , 19.340895    , -0.51932687 , 0.6084871 , -0.60003597    ,3.375 , -36.25 , 6.875
37872315  , 16.739407 , -19.6133 , 19.340895    , -0.5193268 , 0.6084871 , -0.60003597    ,-6.8125 , -34.5 , -12.0
244141  , 19.57244 , -19.6133 , 19.340895    , -0.5792204 , 0.5804296 , -0.5723682    ,-6.8125 , -34.5 , -12.0
42358399  , 19.57244 , -19.6133 , 19.340895    , -0.57922024 , 0.5804295 , -0.572368    ,-15.6875 , -20.125 , -23.6875
37048340  , 19.57244 , -19.6133 , 19.340895    , -0.5792203 , 0.58042955 , -0.5723681    ,-19.75 , 1.1875 , -25.4375
43914794  , 19.57244 , -19.6133 , 19.340895    , -0.5792204 , 0.5804296 , -0.5723682    ,-17.6875 , 21.25 , -19.3125
549316  , 17.815414 , -19.6133 , 19.340895    , -0.5430768 , 0.59788287 , -0.5895791    ,-17.6875 , 21.25 , -19.3125
36621093  , 17.815414 , -19.6133 , 19.340895    , -0.54307705 , 0.597883 , -0.58957905    ,-11.375 , 36.125 , -8.5625
518799  , 14.750836 , -17.692831 , 19.15021    , -0.49241897 , 0.59062994 , -0.6392808    ,-11.375 , 36.125 , -8.5625
46813965  , 14.750836 , -17.692831 , 19.15021    , -0.49241892 , 0.5906298 , -0.6392807    ,-4.0 , 42.8125 , 1.25
213623  , 16.08563 , -16.43976 , 13.947236    , -0.59800845 , 0.61117375 , -0.5185103    ,-4.0 , 42.8125 , 1.25
39947509  , 16.08563 , -16.43976 , 13.947236    , -0.5980084 , 0.6111738 , -0.5185103    ,1.375 , 44.25 , 5.8125
244141  , 17.161638 , -13.824653 , 16.276316    , -0.62641996 , 0.5046161 , -0.59410465    ,1.375 , 44.25 , 5.8125
30181884  , 17.161638 , -13.824653 , 16.276316    , -0.6264201 , 0.50461614 , -0.5941047    ,6.5 , 43.5 , 9.5
335693  , 19.422615 , -18.578154 , 19.340895    , -0.58655953 , 0.5610569 , -0.5840916    ,6.5 , 43.5 , 9.5
38452147  , 19.422615 , -18.578154 , 19.340895    , -0.5865595 , 0.56105685 , -0.5840915    ,9.75 , 41.75 , 10.6875
396729  , 19.57244 , -19.6133 , 19.340895    , -0.5792204 , 0.5804297 , -0.5723681    ,9.75 , 41.75 , 10.6875
41198730  , 19.57244 , -19.6133 , 19.340895    , -0.57922035 , 0.5804297 , -0.57236814    ,8.75 , 42.5 , 8.625
427246  , 15.785983 , -19.6133 , 19.340895    , -0.49722424 , 0.61777645 , -0.60919625    ,8.75 , 42.5 , 8.625
38818361  , 15.785983 , -19.6133 , 19.340895    , -0.49722427 , 0.6177765 , -0.6091963    ,1.9375 , 43.25 , 3.1875
518799  , 6.782933 , -19.6133 , 19.340895    , -0.23910263 , 0.69138104 , -0.6817786    ,1.9375 , 43.25 , 3.1875
39123536  , 6.782933 , -19.6133 , 19.340895    , -0.2391026 , 0.69138086 , -0.6817785    ,-8.1875 , 40.25 , -6.375
244141  , 4.099725 , -19.6133 , 19.340895    , -0.14721331 , 0.70427626 , -0.69449466    ,-8.1875 , 40.25 , -6.375
46844484  , 4.099725 , -19.6133 , 19.340895    , -0.14721331 , 0.70427644 , -0.6944947    ,-20.125 , 31.625 , -16.875
366211  , 6.701211 , -19.6133 , 18.8097    , -0.2394217 , 0.7007464 , -0.6720353    ,-20.125 , 31.625 , -16.875
31372071  , 6.701211 , -19.6133 , 18.8097    , -0.23942173 , 0.7007464 , -0.67203534    ,-28.75 , 16.6875 , -24.75
274658  , 5.47538 , -19.6133 , 17.733692    , -0.2027717 , 0.72634625 , -0.65673804    ,-28.75 , 16.6875 , -24.75
36895753  , 5.47538 , -19.6133 , 17.733692    , -0.2027717 , 0.7263463 , -0.65673816    ,-31.0 , -3.4375 , -26.9375
305176  , 4.903325 , -19.6133 , 16.739407    , -0.18681097 , 0.74724406 , -0.63775206    ,-31.0 , -3.4375 , -26.9375
42755127  , 4.903325 , -19.6133 , 16.739407    , -0.18681106 , 0.74724424 , -0.6377521    ,-28.0 , -22.0 , -20.625
396729  , 1.920469 , -19.300034 , 10.56939    , -0.086945236 , 0.8737687 , -0.47850704    ,-28.0 , -22.0 , -20.625
37811279  , 1.920469 , -19.300034 , 10.56939    , -0.086945236 , 0.8737687 , -0.47850704    ,-22.625 , -34.125 , -8.625
701904  , 2.4108016 , -17.583868 , 5.7477865    , -0.12922487 , 0.9425382 , -0.30809537    ,-22.625 , -34.125 , -8.625
36987305  , 2.4108016 , -17.583868 , 5.7477865    , -0.12922485 , 0.9425382 , -0.30809537    ,-16.5625 , -40.3125 , 5.0625
244141  , 2.8738933 , -14.669114 , -0.10896278    , -0.19225448 , 0.981318 , 0.007289268    ,-16.5625 , -40.3125 , 5.0625
39459228  , 2.8738933 , -14.669114 , -0.10896278    , -0.19225448 , 0.981318 , 0.007289253    ,-12.75 , -38.875 , 18.25
305176  , 1.56634 , -12.680544 , 1.9885708    , -0.121133044 , 0.980651 , -0.15378632    ,-12.75 , -38.875 , 18.25
39367675  , 1.56634 , -12.680544 , 1.9885708    , -0.121133044 , 0.980651 , -0.15378633    ,-10.1875 , -33.625 , 28.3125
396728  , 1.607201 , -13.1708765 , -2.4108016    , -0.11917722 , 0.97664726 , 0.17876586    ,-10.1875 , -33.625 , 28.3125
39978026  , 1.607201 , -13.1708765 , -2.4108016    , -0.11917721 , 0.9766472 , 0.17876583    ,-8.1875 , -25.6875 , 35.375
396729  , -0.8036005 , -15.935807 , -4.140586    , 0.048748717 , 0.966712 , 0.25117987    ,-8.1875 , -25.6875 , 35.375
39520262  , -0.8036005 , -15.935807 , -4.140586    , 0.048748735 , 0.96671224 , 0.25117993    ,-7.9375 , -17.3125 , 40.25
488281  , -3.9771416 , -16.630445 , -2.4925237    , 0.23015724 , 0.962404 , 0.14424236    ,-7.9375 , -17.3125 , 40.25
42236330  , -3.9771416 , -16.630445 , -2.4925237    , 0.23015726 , 0.9624041 , 0.14424236    ,-10.1875 , -11.0625 , 42.25
3356934  , -3.445948 , -16.930092 , -4.2495484    , 0.19367778 , 0.9515474 , 0.23884377    ,-10.1875 , -11.0625 , 42.25
31372072  , -3.445948 , -16.930092 , -4.2495484    , 0.1936778 , 0.9515474 , 0.23884377    ,-13.5 , -8.375 , 42.25
274658  , -1.56634 , -18.46919 , -4.4810944    , 0.08213864 , 0.9685216 , 0.23498788    ,-13.5 , -8.375 , 42.25
40710450  , -1.56634 , -18.46919 , -4.4810944    , 0.082138665 , 0.96852165 , 0.23498794    ,-17.8125 , -10.8125 , 39.8125
213623  , 0.53119355 , -18.237646 , 3.7864566    , -0.028506473 , 0.97872233 , -0.20319998    ,-17.8125 , -10.8125 , 39.8125
38330079  , 0.53119355 , -18.237646 , 3.7864566    , -0.028506488 , 0.97872233 , -0.20320001    ,-23.4375 , -16.5625 , 33.4375
427246  , 4.903325 , -18.578154 , 14.818938    , -0.20207378 , 0.7656351 , -0.6107119    ,-23.4375 , -16.5625 , 33.4375
40130616  , 4.903325 , -18.578154 , 14.818938    , -0.20207378 , 0.7656352 , -0.61071193    ,-29.0 , -22.25 , 22.6875
549316  , 14.328606 , -19.6133 , 19.340895    , -0.4614788 , 0.63168204 , -0.6229087    ,-29.0 , -22.25 , 22.6875
40039063  , 14.328606 , -19.6133 , 19.340895    , -0.46147883 , 0.63168204 , -0.6229087    ,-34.8125 , -23.75 , 8.75
1220703  , 19.082108 , -19.6133 , 19.340895    , -0.5694557 , 0.5853078 , -0.57717854    ,-34.8125 , -23.75 , 8.75
38177490  , 19.082108 , -19.6133 , 19.340895    , -0.5694557 , 0.5853078 , -0.5771785    ,-39.125 , -18.75 , -6.9375
244141  , 19.57244 , -19.6133 , 19.340895    , -0.5792203 , 0.5804296 , -0.572368    ,-39.125 , -18.75 , -6.9375
35980224  , 19.57244 , -19.6133 , 19.340895    , -0.5792203 , 0.58042955 , -0.5723681    ,-38.875 , -9.875 , -20.8125
305176  , 19.531578 , -16.739407 , 19.340895    , -0.60688686 , 0.52012825 , -0.60096186    ,-38.875 , -9.875 , -20.8125
43212890  , 19.531578 , -16.739407 , 19.340895    , -0.60688674 , 0.52012813 , -0.60096186    ,-35.0625 , -0.4375 , -30.125
335693  , 15.704261 , -19.340895 , 19.340895    , -0.4979174 , 0.6132201 , -0.61322016    ,-35.0625 , -0.4375 , -30.125
37292480  , 15.704261 , -19.340895 , 19.340895    , -0.4979174 , 0.6132201 , -0.6132201    ,-31.5625 , 5.5 , -35.25
518799  , 8.580819 , -18.0061 , 19.340895    , -0.30884635 , 0.648087 , -0.6961299    ,-31.5625 , 5.5 , -35.25
36987304  , 8.580819 , -18.0061 , 19.340895    , -0.30884635 , 0.64808714 , -0.6961299    ,-28.75 , 5.0 , -36.75
213623  , 3.568531 , -16.08563 , 19.340895    , -0.14045067 , 0.6331001 , -0.7612212    ,-28.75 , 5.0 , -36.75
87158201  , 3.568531 , -16.08563 , 19.340895    , -0.14045061 , 0.6331 , -0.76122105    ,-29.25 , -0.1875 , -35.25
305176  , -3.0645783 , -17.434046 , 19.340895    , 0.1168863 , 0.66495293 , -0.7376822    ,-29.25 , -0.1875 , -35.25
427246  , -3.0645783 , -17.434046 , 19.340895    , 0.11688624 , 0.664953 , -0.7376822    ,-30.5 , -8.625 , -31.125
2166749  , -9.575105 , -10.228881 , 19.340895    , 0.40092236 , 0.4282968 , -0.8098288    ,-30.5 , -8.625 , -31.125
23406984  , -9.575105 , -10.228881 , 19.340895    , 0.40092233 , 0.42829683 , -0.80982894    ,-28.25 , -17.625 , -26.1875
274659  , -9.152874 , -7.3141265 , 18.537292    , 0.41737738 , 0.33352926 , -0.8453135    ,-28.25 , -17.625 , -26.1875
37963869  , -9.152874 , -7.3141265 , 18.537292    , 0.41737726 , 0.3335291 , -0.8453132    ,-26.6875 , -26.0 , -20.8125
274658  , -7.246025 , -2.9147544 , 12.53072    , 0.49074072 , 0.1974032 , -0.8486494    ,-26.6875 , -26.0 , -20.8125
39886476  , -7.246025 , -2.9147544 , 12.53072    , 0.49074072 , 0.1974032 , -0.84864926    ,-23.1875 , -32.6875 , -15.875
915527  , -4.944186 , -1.0351465 , 10.56939    , 0.4220584 , 0.08836487 , -0.9022516    ,-23.1875 , -32.6875 , -15.875
39245606  , -4.944186 , -1.0351465 , 10.56939    , 0.42205852 , 0.088364914 , -0.90225184    ,-18.3125 , -37.4375 , -13.6875
518799  , -4.399372 , 0.42223078 , 9.00305    , 0.43865028 , -0.042099565 , -0.89767134    ,-18.3125 , -37.4375 , -13.6875
38757325  , -4.399372 , 0.42223078 , 9.00305    , 0.43865028 , -0.042099565 , -0.8976714    ,-12.0 , -42.125 , -12.25
518799  , -4.399372 , -1.2258313 , 6.742072    , 0.5402471 , 0.1505332 , -0.82793283    ,-12.0 , -42.125 , -12.25
39154053  , -4.399372 , -1.2258313 , 6.742072    , 0.5402471 , 0.15053324 , -0.82793283    ,-3.625 , -44.625 , -12.25
488282  , -6.701211 , -2.6832085 , 2.5606253    , 0.87492836 , 0.35032701 , -0.33432218    ,-3.625 , -44.625 , -12.25
39001464  , -6.701211 , -2.6832085 , 2.5606253    , 0.8749283 , 0.35032701 , -0.33432224    ,4.25 , -46.125 , -12.5
518798  , -8.539958 , -0.3405087 , 1.7978859    , 0.9778056 , 0.03898747 , -0.20585383    ,4.25 , -46.125 , -12.5
39154052  , -8.539958 , -0.3405087 , 1.7978859    , 0.97780573 , 0.038987473 , -0.20585383    ,11.625 , -46.3125 , -12.5
488281  , -7.504812 , 0.08172209 , 4.7943625    , 0.84268016 , -0.009176195 , -0.5383365    ,11.625 , -46.3125 , -12.5
27984619  , -7.504812 , 0.08172209 , 4.7943625    , 0.8426801 , -0.009176191 , -0.5383364    ,17.1875 , -45.125 , -12.9375
244140  , -8.430995 , 1.920469 , 3.8681788    , 0.89002776 , -0.20273653 , -0.4083488    ,17.1875 , -45.125 , -12.9375
29235840  , -8.430995 , 1.920469 , 3.8681788    , 0.89002776 , -0.20273653 , -0.4083488    ,20.75 , -43.875 , -12.5
213623  , -9.425281 , 0.61291564 , 3.9499009    , 0.920632 , -0.059867688 , -0.38581395    ,20.75 , -43.875 , -12.5
40649413  , -9.425281 , 0.61291564 , 3.9499009    , 0.9206319 , -0.059867684 , -0.38581395    ,23.0625 , -42.625 , -12.9375
335693  , -9.084772 , -1.7978859 , 8.008764    , 0.7420016 , 0.1468429 , -0.65411836    ,23.0625 , -42.625 , -12.9375
39703368  , -9.084772 , -1.7978859 , 8.008764    , 0.7420016 , 0.14684291 , -0.6541183    ,25.0625 , -41.375 , -13.4375
396728  , -7.014479 , -3.1463003 , 8.308413    , 0.61967915 , 0.2779532 , -0.73398894    ,25.0625 , -41.375 , -13.4375
38085937  , -7.014479 , -3.1463003 , 8.308413    , 0.6196792 , 0.2779532 , -0.73398894    ,25.3125 , -39.875 , -14.6875
427246  , -4.5900574 , -7.6546354 , 8.662541    , 0.36903763 , 0.61542773 , -0.6964627    ,25.3125 , -39.875 , -14.6875
39520265  , -4.5900574 , -7.6546354 , 8.662541    , 0.36903754 , 0.6154276 , -0.6964626    ,24.3125 , -37.9375 , -17.875
488281  , -6.428804 , -12.639683 , 9.466142    , 0.37705818 , 0.7413349 , -0.5552023    ,24.3125 , -37.9375 , -17.875
38848878  , -6.428804 , -12.639683 , 9.466142    , 0.3770582 , 0.7413349 , -0.5552023    ,24.0625 , -34.4375 , -22.25
488281  , -4.5219555 , -19.6133 , 14.941522    , 0.18039125 , 0.78242004 , -0.59605193    ,24.0625 , -34.4375 , -22.25
37658693  , -4.5219555 , -19.6133 , 14.941522    , 0.18039125 , 0.7824201 , -0.59605193    ,21.5 , -28.5 , -28.625
488281  , -0.23154591 , -19.6133 , 19.340895    , 0.0084056705 , 0.71200895 , -0.70212007    ,21.5 , -28.5 , -28.625
38818360  , -0.23154591 , -19.6133 , 19.340895    , 0.008405656 , 0.71200895 , -0.70211995    ,18.4375 , -20.3125 , -35.4375
488281  , 14.560152 , -19.6133 , 19.340895    , -0.46731776 , 0.6295019 , -0.6207589    ,18.4375 , -20.3125 , -35.4375
39031983  , 14.560152 , -19.6133 , 19.340895    , -0.4673177 , 0.6295018 , -0.6207588    ,14.9375 , -10.875 , -40.8125
488281  , 19.57244 , -19.6133 , 19.340895    , -0.57922035 , 0.58042955 , -0.572368    ,14.9375 , -10.875 , -40.8125
39215088  , 19.57244 , -19.6133 , 19.340895    , -0.5792203 , 0.5804295 , -0.572368    ,10.0625 , -3.5 , -45.25
28930664  , 19.57244 , -19.6133 , 19.340895    , -0.5792203 , 0.58042955 , -0.5723681    ,5.25 , -0.75 , -46.9375
244141  , 19.57244 , -16.780268 , 19.340895    , -0.60728705 , 0.52065253 , -0.6001028    ,5.25 , -0.75 , -46.9375
29449462  , 19.57244 , -16.780268 , 19.340895    , -0.607287 , 0.5206525 , -0.6001028    ,1.9375 , -1.75 , -47.6875
57891845  , 19.57244 , -8.730643 , 19.340895    , -0.67799246 , 0.3024309 , -0.6699717    ,1.9375 , -1.75 , -47.6875
366211  , 19.57244 , -8.730643 , 19.340895    , -0.67799234 , 0.30243087 , -0.6699717    ,0.1875 , -6.6875 , -47.6875
213623  , 19.57244 , -3.7864566 , 15.894946    , -0.7676548 , 0.14850941 , -0.62341905    ,0.1875 , -6.6875 , -47.6875
9796142  , 19.57244 , -3.7864566 , 15.894946    , -0.76765466 , 0.14850938 , -0.623419    ,-1.5625 , -13.125 , -46.6875
244141  , 18.34661 , -3.8681788 , 12.408136    , -0.81599116 , 0.1720427 , -0.5518692    ,-1.5625 , -13.125 , -46.6875
39550780  , 18.34661 , -3.8681788 , 12.408136    , -0.8159911 , 0.1720427 , -0.5518693    ,-3.125 , -19.3125 , -44.75
244141  , 16.467001 , -3.173541 , 10.147159    , -0.8401113 , 0.16190735 , -0.51768637    ,-3.125 , -19.3125 , -44.75
30059813  , 16.467001 , -3.173541 , 10.147159    , -0.84011126 , 0.1619073 , -0.51768637    ,-7.6875 , -25.5 , -38.125
335693  , 18.38747 , 2.5333846 , 7.7363577    , -0.91439414 , -0.12598318 , -0.38472283    ,-7.6875 , -25.5 , -38.125
40283201  , 18.38747 , 2.5333846 , 7.7363577    , -0.91439414 , -0.12598318 , -0.38472283    ,-15.0625 , -31.25 , -28.625
488281  , 17.543009 , 5.09401 , 6.1291566    , -0.9104532 , -0.26437074 , -0.3180931    ,-15.0625 , -31.25 , -28.625
37811280  , 17.543009 , 5.09401 , 6.1291566    , -0.91045314 , -0.26437068 , -0.31809312    ,-22.375 , -33.6875 , -14.1875
488281  , 11.495573 , 0.6537767 , 5.7886477    , -0.89200366 , -0.050730065 , -0.4491725    ,-22.375 , -33.6875 , -14.1875
39520265  , 11.495573 , 0.6537767 , 5.7886477    , -0.8920038 , -0.050730065 , -0.44917253    ,-29.0 , -33.1875 , 1.4375
518799  , 9.043911 , -4.2495484 , 2.3426998    , -0.8811731 , 0.41404518 , -0.22825569    ,-29.0 , -33.1875 , 1.4375
38391115  , 9.043911 , -4.2495484 , 2.3426998    , -0.88117284 , 0.41404513 , -0.22825566    ,-31.8125 , -29.25 , 14.4375
518799  , 7.6273947 , -6.742072 , -1.1849703    , -0.7442269 , 0.65784335 , 0.11562101    ,-31.8125 , -29.25 , 14.4375
39398195  , 7.6273947 , -6.742072 , -1.1849703    , -0.7442269 , 0.65784335 , 0.11562097    ,-32.3125 , -21.8125 , 24.4375
488281  , 7.082581 , -6.0201936 , -4.3312707    , -0.69064474 , 0.587048 , 0.42235583    ,-32.3125 , -21.8125 , 24.4375
38513184  , 7.082581 , -6.0201936 , -4.3312707    , -0.6906446 , 0.58704793 , 0.42235577    ,-32.0625 , -13.125 , 30.0625
488281  , 6.2108784 , -7.7363577 , -3.718355    , -0.58621264 , 0.7301947 , 0.35095623    ,-32.0625 , -13.125 , 30.0625
39367676  , 6.2108784 , -7.7363577 , -3.718355    , -0.5862128 , 0.7301949 , 0.35095635    ,-30.25 , -3.5 , 33.25
488281  , 5.325556 , -9.847511 , -3.405087    , -0.45510983 , 0.8415458 , 0.29099095    ,-30.25 , -3.5 , 33.25
38909912  , 5.325556 , -9.847511 , -3.405087    , -0.4551098 , 0.8415458 , 0.29099095    ,-28.5 , 4.9375 , 35.4375
488281  , 4.9850473 , -12.980191 , -4.140586    , -0.3436081 , 0.8946954 , 0.2854013    ,-28.5 , 4.9375 , 35.4375
38909912  , 4.9850473 , -12.980191 , -4.140586    , -0.343608 , 0.89469516 , 0.28540117    ,-26.1875 , 11.625 , 36.6875
488281  , 4.099725 , -14.941522 , -3.8273177    , -0.25688326 , 0.93621576 , 0.23981462    ,-26.1875 , 11.625 , 36.6875
39764404  , 4.099725 , -14.941522 , -3.8273177    , -0.2568833 , 0.9362157 , 0.23981461    ,-23.1875 , 16.125 , 37.1875
518799  , 4.630918 , -18.278507 , -3.9090397    , -0.24048048 , 0.9491906 , 0.2029938    ,-23.1875 , 16.125 , 37.1875
38970946  , 4.630918 , -18.278507 , -3.9090397    , -0.24048045 , 0.9491906 , 0.20299384    ,-20.625 , 17.8125 , 38.375
244141  , 8.349273 , -19.6133 , -3.0237172    , -0.38779965 , 0.9109813 , 0.14044294    ,-20.625 , 17.8125 , 38.375
27191161  , 8.349273 , -19.6133 , -3.0237172    , -0.38779968 , 0.91098136 , 0.14044294    ,-18.0625 , 17.125 , 39.375
213624  , 10.882658 , -19.6133 , -0.0    , -0.48517883 , 0.87441486 , -7.4505806E-9    ,-18.0625 , 17.125 , 39.375
42907714  , 10.882658 , -19.6133 , -0.0    , -0.4851789 , 0.874415 , 0.0    ,-16.3125 , 13.125 , 40.8125
274658  , 16.358038 , -19.6133 , 3.5276701    , -0.6344753 , 0.76073635 , -0.1368269    ,-16.3125 , 13.125 , 40.8125
36407470  , 16.358038 , -19.6133 , 3.5276701    , -0.6344753 , 0.76073635 , -0.1368269    ,-14.5 , 3.6875 , 40.8125
976563  , 19.57244 , -19.6133 , 15.28203    , -0.6185322 , 0.6198235 , -0.4829458    ,-14.5 , 3.6875 , 40.8125
42175295  , 19.57244 , -19.6133 , 15.28203    , -0.6185322 , 0.6198235 , -0.4829458    ,-13.0 , -9.9375 , 35.6875
427246  , 19.57244 , -19.6133 , 19.340895    , -0.5792205 , 0.5804297 , -0.5723681    ,-13.0 , -9.9375 , 35.6875
36010744  , 19.57244 , -19.6133 , 19.340895    , -0.5792203 , 0.58042955 , -0.5723681    ,-11.75 , -24.3125 , 22.5
427246  , 19.422615 , -19.6133 , 19.340895    , -0.5762627 , 0.58192027 , -0.57383806    ,-11.75 , -24.3125 , 22.5
41900636  , 19.422615 , -19.6133 , 19.340895    , -0.5762626 , 0.5819202 , -0.57383806    ,-10.125 , -33.75 , 3.5625
274658  , 10.991621 , -19.6133 , 19.340895    , -0.37061852 , 0.66132677 , -0.6521417    ,-10.125 , -33.75 , 3.5625
69671632  , 10.991621 , -19.6133 , 19.340895    , -0.37061852 , 0.66132665 , -0.6521416    ,-8.1875 , -32.4375 , -17.1875
244141  , -2.2609777 , -19.000385 , 19.340895    , 0.08310412 , 0.6983751 , -0.7108907    ,-8.1875 , -32.4375 , -17.1875
213623  , -2.2609777 , -19.000385 , 19.340895    , 0.08310416 , 0.6983752 , -0.71089095    ,-7.1875 , -23.5625 , -34.0625
244140  , -2.2201166 , -13.375181 , 19.340895    , 0.0939939 , 0.56627 , -0.81884265    ,-7.1875 , -23.5625 , -34.0625
34362793  , -2.2201166 , -13.375181 , 19.340895    , 0.0939939 , 0.56627 , -0.81884253    ,-6.9375 , -11.875 , -42.625
244140  , -2.1792557 , -12.340035 , 19.340895    , 0.09456311 , 0.5354635 , -0.8392476    ,-6.9375 , -11.875 , -42.625
43304443  , -2.1792557 , -12.340035 , 19.340895    , 0.0945631 , 0.5354636 , -0.8392476    ,-5.875 , -1.5 , -45.0625
244140  , -4.8216033 , -10.337844 , 19.340895    , 0.214731 , 0.46039784 , -0.86135036    ,-5.875 , -1.5 , -45.0625
35736084  , -4.8216033 , -10.337844 , 19.340895    , 0.21473101 , 0.46039784 , -0.86135036    ,-6.6875 , 4.1875 , -43.8125
366211  , -4.2904096 , -2.982856 , 19.340895    , 0.21415263 , 0.14888707 , -0.96538645    ,-6.6875 , 4.1875 , -43.8125
39825439  , -4.2904096 , -2.982856 , 19.340895    , 0.21415263 , 0.14888708 , -0.9653866    ,-9.0 , 9.125 , -41.5625
427246  , -5.8158884 , 1.1168685 , 19.340895    , 0.2875272 , -0.055215992 , -0.9561795    ,-9.0 , 9.125 , -41.5625
37994384  , -5.8158884 , 1.1168685 , 19.340895    , 0.28752717 , -0.055216007 , -0.9561795    ,-10.25 , 13.0625 , -40.5625
244141  , -6.2108784 , 2.5333846 , 19.340895    , 0.3033983 , -0.123754576 , -0.94479305    ,-10.25 , 13.0625 , -40.5625
33111571  , -6.2108784 , 2.5333846 , 19.340895    , 0.30339837 , -0.12375461 , -0.94479334    ,-11.3125 , 15.0625 , -40.125
244140  , -2.4925237 , 1.4165162 , 19.340895    , 0.12748033 , -0.07244785 , -0.9891917    ,-11.3125 , 15.0625 , -40.125
36071776  , -2.4925237 , 1.4165162 , 19.340895    , 0.12748031 , -0.07244784 , -0.98919153    ,-10.0 , 15.5625 , -41.1875
1007080  , 0.92618364 , -1.6480621 , 19.340895    , -0.04766018 , 0.0848071 , -0.99525684    ,-10.0 , 15.5625 , -41.1875
39855955  , 0.92618364 , -1.6480621 , 19.340895    , -0.047660187 , 0.0848071 , -0.9952569    ,-7.25 , 12.0625 , -43.125
457764  , 3.0237172 , -5.706926 , 19.340895    , -0.1482889 , 0.2798785 , -0.9485138    ,-7.25 , 12.0625 , -43.125
39031984  , 3.0237172 , -5.706926 , 19.340895    , -0.14828876 , 0.27987838 , -0.94851375    ,-2.4375 , 5.125 , -43.875
457764  , 8.281172 , -10.651112 , 19.340895    , -0.35117024 , 0.45166957 , -0.8201673    ,-2.4375 , 5.125 , -43.875
36712648  , 8.281172 , -10.651112 , 19.340895    , -0.35117018 , 0.45166948 , -0.8201672    ,3.9375 , -2.875 , -43.5625
244140  , 9.534244 , -13.443283 , 19.041246    , -0.37859568 , 0.5338199 , -0.75610965    ,3.9375 , -2.875 , -43.5625
39337159  , 9.534244 , -13.443283 , 19.041246    , -0.37859568 , 0.5338199 , -0.7561096    ,10.5 , -14.0 , -38.5
274658  , 8.430995 , -11.9450445 , 14.1787815    , -0.4139593 , 0.58649796 , -0.6961738    ,10.5 , -14.0 , -38.5
30517579  , 8.430995 , -11.9450445 , 14.1787815    , -0.41395926 , 0.586498 , -0.6961738    ,16.4375 , -24.75 , -30.4375
488281  , 6.4015636 , -10.501288 , 10.760075    , -0.39174262 , 0.64262456 , -0.658461    ,16.4375 , -24.75 , -30.4375
37445069  , 6.4015636 , -10.501288 , 10.760075    , -0.39174274 , 0.6426248 , -0.6584611    ,20.0 , -32.625 , -19.6875
213623  , 3.486809 , -9.888372 , 9.466142    , -0.24683519 , 0.7000092 , -0.670119    ,20.0 , -32.625 , -19.6875
42236328  , 3.486809 , -9.888372 , 9.466142    , -0.24683522 , 0.70000917 , -0.67011905    ,23.25 , -37.5625 , -6.4375
335693  , -0.38136974 , -9.534244 , 8.539958    , 0.029781967 , 0.744549 , -0.66690314    ,23.25 , -37.5625 , -6.4375
35430908  , -0.38136974 , -9.534244 , 8.539958    , 0.029781982 , 0.74454916 , -0.66690326    ,26.125 , -37.375 , 5.0625
396729  , -2.8738933 , -11.727119 , 4.7535014    , 0.22147511 , 0.90374446 , -0.36632615    ,26.125 , -37.375 , 5.0625
38696289  , -2.8738933 , -11.727119 , 4.7535014    , 0.22147503 , 0.9037442 , -0.36632606    ,28.75 , -32.9375 , 15.125
396729  , -5.09401 , -10.528529 , 6.2108784    , 0.38466024 , 0.79503316 , -0.4689975    ,28.75 , -32.9375 , 15.125
38848877  , -5.09401 , -10.528529 , 6.2108784    , 0.38466024 , 0.7950331 , -0.46899754    ,33.3125 , -24.5625 , 23.1875
457764  , -4.7126403 , -11.372991 , 6.701211    , 0.3362227 , 0.8114047 , -0.47809702    ,33.3125 , -24.5625 , 23.1875
39001464  , -4.7126403 , -11.372991 , 6.701211    , 0.3362227 , 0.8114045 , -0.47809702    ,36.625 , -14.375 , 27.8125
427246  , -3.9771416 , -13.021052 , 4.2495484    , 0.27884945 , 0.91294533 , -0.29794872    ,36.625 , -14.375 , 27.8125
38726805  , -3.9771416 , -13.021052 , 4.2495484    , 0.27884945 , 0.9129455 , -0.29794875    ,38.125 , -2.0 , 29.25
427246  , -3.9090397 , -15.241169 , 4.8216033    , 0.2375354 , 0.9261399 , -0.29298797    ,38.125 , -2.0 , 29.25
39215087  , -3.9090397 , -15.241169 , 4.8216033    , 0.23753542 , 0.92613983 , -0.29298794    ,39.125 , 9.9375 , 28.0625
457764  , -4.5628166 , -19.272793 , 0.23154591    , 0.23036495 , 0.973034 , -0.011690162    ,39.125 , 9.9375 , 28.0625
59417726  , -4.5628166 , -19.272793 , 0.23154591    , 0.23036498 , 0.97303426 , -0.011690162    ,38.125 , 20.3125 , 23.875
274659  , -5.8567495 , -19.6133 , -1.6480621    , 0.2852038 , 0.95510113 , 0.08025503    ,38.125 , 20.3125 , 23.875
8697510  , -5.8567495 , -19.6133 , -1.6480621    , 0.28520378 , 0.95510095 , 0.08025503    ,37.875 , 28.25 , 18.75
305175  , -6.3198414 , -19.6133 , -4.5628166    , 0.2994408 , 0.92929906 , 0.21619111    ,37.875 , 28.25 , 18.75
40863039  , -6.3198414 , -19.6133 , -4.5628166    , 0.29944086 , 0.92929906 , 0.21619111    ,38.625 , 31.5 , 14.125
244141  , -5.175732 , -19.6133 , -4.0180025    , 0.25029126 , 0.9484722 , 0.19430506    ,38.625 , 31.5 , 14.125
36895753  , -5.175732 , -19.6133 , -4.0180025    , 0.2502913 , 0.9484722 , 0.19430506    ,40.1875 , 31.25 , 10.4375
213623  , -0.42223078 , -19.6133 , -0.3405087    , 0.02151955 , 0.9996179 , 0.017354475    ,40.1875 , 31.25 , 10.4375
42541505  , -0.42223078 , -19.6133 , -0.3405087    , 0.021519553 , 0.99961793 , 0.017354477    ,43.4375 , 26.5 , 9.25
335693  , 4.6036777 , -19.6133 , 3.214402    , -0.22565752 , 0.96138114 , -0.15755968    ,43.4375 , 26.5 , 9.25
38360596  , 4.6036777 , -19.6133 , 3.214402    , -0.22565757 , 0.96138114 , -0.1575597    ,46.75 , 17.625 , 7.75
1403809  , 10.337844 , -18.38747 , 7.9679036    , -0.45846125 , 0.8154449 , -0.35335946    ,46.75 , 17.625 , 7.75
39062500  , 10.337844 , -18.38747 , 7.9679036    , -0.45846123 , 0.81544495 , -0.35335946    ,48.5625 , 5.9375 , 4.3125
244141  , 13.143636 , -18.46919 , 15.472715    , -0.47889456 , 0.6729337 , -0.56375563    ,48.5625 , 5.9375 , 4.3125
36468506  , 13.143636 , -18.46919 , 15.472715    , -0.47889453 , 0.67293364 , -0.5637557    ,47.5 , -4.9375 , -2.0
305176  , 15.132206 , -19.6133 , 19.340895    , -0.48148412 , 0.6240659 , -0.6153983    ,47.5 , -4.9375 , -2.0
39550781  , 15.132206 , -19.6133 , 19.340895    , -0.4814841 , 0.6240658 , -0.6153982    ,43.6875 , -13.375 , -12.0625
335694  , 14.2877445 , -19.6133 , 19.340895    , -0.46044213 , 0.6320654 , -0.6232868    ,43.6875 , -13.375 , -12.0625
39916991  , 14.2877445 , -19.6133 , 19.340895    , -0.46044216 , 0.63206553 , -0.6232868    ,36.375 , -16.125 , -23.5625
488281  , 18.155924 , -19.6133 , 19.340895    , -0.55033386 , 0.5945092 , -0.58625215    ,36.375 , -16.125 , -23.5625
37719726  , 18.155924 , -19.6133 , 19.340895    , -0.5503339 , 0.59450924 , -0.5862521    ,25.6875 , -14.3125 , -33.9375
274658  , 19.57244 , -19.6133 , 19.340895    , -0.5792204 , 0.58042955 , -0.5723681    ,25.6875 , -14.3125 , -33.9375
39642333  , 19.57244 , -19.6133 , 19.340895    , -0.57922035 , 0.5804296 , -0.57236814    ,16.8125 , -11.3125 , -40.75
335693  , 19.57244 , -11.563675 , 19.340895    , -0.6557495 , 0.3874261 , -0.6479919    ,16.8125 , -11.3125 , -40.75
39978025  , 19.57244 , -11.563675 , 19.340895    , -0.65574956 , 0.3874262 , -0.64799196    ,8.9375 , -8.625 , -44.9375
427246  , 19.57244 , 4.2904096 , 19.340895    , -0.70280963 , -0.15406056 , -0.69449526    ,8.9375 , -8.625 , -44.9375
38665772  , 19.57244 , 4.2904096 , 19.340895    , -0.70280963 , -0.15406054 , -0.6944952    ,4.625 , -6.875 , -46.125
427246  , 19.422615 , 10.923519 , 19.340895    , -0.6582496 , -0.37020773 , -0.65548    ,4.625 , -6.875 , -46.125
39764406  , 19.422615 , 10.923519 , 19.340895    , -0.6582496 , -0.3702077 , -0.65548    ,2.875 , -6.625 , -46.375
396729  , 15.826844 , 11.536434 , 18.578154    , -0.5862896 , -0.42735568 , -0.6882091    ,2.875 , -6.625 , -46.375
38879396  , 15.826844 , 11.536434 , 18.578154    , -0.5862895 , -0.42735562 , -0.68820906    ,2.875 , -5.875 , -47.375
396729  , 10.460427 , 8.499097 , 13.402422    , -0.5503353 , -0.44714737 , -0.70511705    ,2.875 , -5.875 , -47.375
39245606  , 10.460427 , 8.499097 , 13.402422    , -0.55033535 , -0.4471475 , -0.7051171    ,1.8125 , -5.875 , -47.875
396729  , 7.3549876 , 5.434519 , 12.762266    , -0.4684561 , -0.346137 , -0.8128581    ,1.8125 , -5.875 , -47.875
39154053  , 7.3549876 , 5.434519 , 12.762266    , -0.468456 , -0.34613696 , -0.8128579    ,0.3125 , -6.875 , -48.375
396728  , 6.4015636 , 1.4573772 , 10.119919    , -0.5306762 , -0.12081352 , -0.83892    ,0.3125 , -6.875 , -48.375
39642334  , 6.4015636 , 1.4573772 , 10.119919    , -0.53067625 , -0.12081351 , -0.8389201    ,-1.3125 , -8.6875 , -48.3125
427246  , 4.2495484 , 2.2609777 , 7.7772183    , -0.46461666 , -0.24719988 , -0.850308    ,-1.3125 , -8.6875 , -48.3125
41748047  , 4.2495484 , 2.2609777 , 7.7772183    , -0.4646167 , -0.24719988 , -0.850308    ,-0.8125 , -10.1875 , -47.8125
1190185  , 3.9499009 , 2.7921712 , 6.782933    , -0.47411892 , -0.33515304 , -0.8141767    ,-0.8125 , -10.1875 , -47.8125
36346436  , 3.9499009 , 2.7921712 , 6.782933    , -0.47411898 , -0.33515307 , -0.81417674    ,2.25 , -11.625 , -47.3125
1312256  , -0.7627395 , 5.053149 , 2.4925237    , 0.13414723 , -0.8887254 , -0.43837398    ,2.25 , -11.625 , -47.3125
84777830  , -0.7627395 , 5.053149 , 2.4925237    , 0.13414726 , -0.8887255 , -0.438374    ,5.25 , -12.375 , -47.3125
6988525  , -0.3405087 , 4.0588636 , 5.5162406    , 0.049658153 , -0.59192497 , -0.80446184    ,5.25 , -12.375 , -47.3125
3967285  , -0.3405087 , 4.0588636 , 5.5162406    , 0.04965815 , -0.5919251 , -0.80446184    ,7.3125 , -12.875 , -47.0625
244141  , -0.38136974 , 4.8216033 , 9.043911    , 0.03718503 , -0.47012487 , -0.8818162    ,7.3125 , -12.875 , -47.0625
