75439451  , 3.0237172 , 6.2108784 , 9.915613    , -0.25021267 , -0.51395035 , -0.82051736    ,-8.4375 , 2.0 , -45.625
244141  , 2.6014864 , 4.2495484 , 11.917805    , -0.20139322 , -0.3289774 , -0.92261297    ,-8.4375 , 2.0 , -45.625
38787844  , 2.6014864 , 4.2495484 , 11.917805    , -0.2013932 , -0.32897735 , -0.92261285    ,-9.6875 , 1.75 , -44.625
274658  , 2.5606253 , 2.152015 , 11.958665    , -0.20620878 , -0.17330316 , -0.963039    ,-9.6875 , 1.75 , -44.625
35278322  , 2.5606253 , 2.152015 , 11.958665    , -0.2062088 , -0.17330313 , -0.963039    ,-10.75 , 1.25 , -44.125
244140  , 2.6014864 , 0.6537767 , 11.495573    , -0.22038317 , -0.055384256 , -0.9738397    ,-10.75 , 1.25 , -44.125
29388429  , 2.6014864 , 0.6537767 , 11.495573    , -0.2203832 , -0.05538427 , -0.9738399    ,-12.5 , 1.0 , -43.625
274658  , 3.1463003 , 0.14982383 , 11.223166    , -0.269911 , -0.012852903 , -0.9627993    ,-12.5 , 1.0 , -43.625
66528321  , 3.1463003 , 0.14982383 , 11.223166    , -0.26991102 , -0.012852907 , -0.96279955    ,-13.75 , 0.25 , -42.9375
244140  , 3.214402 , -0.23154591 , 10.991621    , -0.28062758 , 0.020214707 , -0.9596037    ,-13.75 , 0.25 , -42.9375
28350829  , 3.214402 , -0.23154591 , 10.991621    , -0.2806276 , 0.020214692 , -0.9596038    ,-15.3125 , -1.0 , -42.1875
396730  , 3.0645783 , -0.29964766 , 10.378705    , -0.2830798 , 0.027678907 , -0.95869684    ,-15.3125 , -1.0 , -42.1875
34118652  , 3.0645783 , -0.29964766 , 10.378705    , -0.2830798 , 0.0276789 , -0.9586968    ,-17.8125 , -2.0 , -41.1875
213623  , 3.445948 , 0.313268 , 9.656827    , -0.33592713 , -0.030538823 , -0.9413927    ,-17.8125 , -2.0 , -41.1875
28778076  , 3.445948 , 0.313268 , 9.656827    , -0.33592713 , -0.030538835 , -0.94139266    ,-19.875 , -3.0 , -40.0
244141  , 4.372132 , 0.8036005 , 9.425281    , -0.41955006 , -0.07711344 , -0.9044507    ,-19.875 , -3.0 , -40.0
27648926  , 4.372132 , 0.8036005 , 9.425281    , -0.41955015 , -0.07711357 , -0.9044507    ,-22.375 , -3.5 , -38.75
213623  , 5.325556 , 1.4982382 , 10.119919    , -0.46175116 , -0.12990437 , -0.8774455    ,-22.375 , -3.5 , -38.75
58563232  , 5.325556 , 1.4982382 , 10.119919    , -0.46175122 , -0.12990446 , -0.87744546    ,-24.4375 , -3.6875 , -37.75
244140  , 7.4639506 , 2.070293 , 12.762266    , -0.4999665 , -0.13867688 , -0.8548697    ,-24.4375 , -3.6875 , -37.75
33203123  , 7.4639506 , 2.070293 , 12.762266    , -0.49996644 , -0.13867682 , -0.8548696    ,-26.1875 , -4.1875 , -36.5625
274658  , 7.205164 , 2.1111538 , 14.628253    , -0.43820253 , -0.12839586 , -0.8896587    ,-26.1875 , -4.1875 , -36.5625
30578612  , 7.205164 , 2.1111538 , 14.628253    , -0.4382026 , -0.12839584 , -0.8896589    ,-28.0 , -6.1875 , -35.0625
213623  , 6.2789803 , 2.0294318 , 14.246883    , -0.39991242 , -0.12925588 , -0.9073935    ,-28.0 , -6.1875 , -35.0625
35064696  , 6.2789803 , 2.0294318 , 14.246883    , -0.3999124 , -0.12925583 , -0.90739346    ,-29.25 , -9.6875 , -33.125
213623  , 5.134871 , 1.8387469 , 13.375181    , -0.35548985 , -0.12729742 , -0.9259709    ,-29.25 , -9.6875 , -33.125
45196531  , 5.134871 , 1.8387469 , 13.375181    , -0.35548988 , -0.12729745 , -0.9259709    ,-30.25 , -14.625 , -30.6875
244141  , 3.8273177 , 1.607201 , 12.598822    , -0.2885263 , -0.12116049 , -0.9497751    ,-30.25 , -14.625 , -30.6875
22399904  , 3.8273177 , 1.607201 , 12.598822    , -0.28852624 , -0.121160485 , -0.9497751    ,-29.0 , -20.5625 , -26.75
244140  , 2.3426998 , 2.3699405 , 11.645397    , -0.19340682 , -0.19565573 , -0.96141183    ,-29.0 , -20.5625 , -26.75
37719727  , 2.3426998 , 2.3699405 , 11.645397    , -0.19340678 , -0.1956557 , -0.9614117    ,-25.9375 , -27.0 , -22.375
213623  , 0.5720546 , 2.7240696 , 10.882658    , -0.050926305 , -0.2425062 , -0.9688123    ,-25.9375 , -27.0 , -22.375
30609131  , 0.5720546 , 2.7240696 , 10.882658    , -0.050926335 , -0.24250624 , -0.96881247    ,-21.125 , -33.1875 , -17.25
2899170  , -0.23154591 , 4.0588636 , 10.269742    , 0.02096355 , -0.36747897 , -0.9297957    ,-21.125 , -33.1875 , -17.25
88195802  , -0.23154591 , 4.0588636 , 10.269742    , 0.020963557 , -0.36747888 , -0.92979556    ,-14.0 , -38.6875 , -10.625
305176  , -0.95342433 , 2.1111538 , 9.152874    , 0.100982755 , -0.2236047 , -0.96943456    ,-14.0 , -38.6875 , -10.625
26641845  , -0.95342433 , 2.1111538 , 9.152874    , 0.10098277 , -0.22360474 , -0.96943474    ,-5.625 , -42.625 , -3.8125
244140  , -4.2086873 , 1.2666923 , 5.8567495    , 0.5747607 , -0.17298624 , -0.7998288    ,-5.625 , -42.625 , -3.8125
244140  , -4.2086873 , 1.2666923 , 5.8567495    , 0.5747607 , -0.1729862 , -0.79982877    ,4.0 , -43.625 , 3.3125
7690429  , -5.175732 , -0.08172209 , 3.9090397    , 0.79791605 , 0.012598682 , -0.60263664    ,4.0 , -43.625 , 3.3125
21545410  , -5.175732 , -0.08172209 , 3.9090397    , 0.7979161 , 0.012598664 , -0.60263664    ,13.375 , -42.125 , 9.875
213623  , -6.851035 , -1.8387469 , 1.7978859    , 0.93621635 , 0.25127077 , -0.24568701    ,13.375 , -42.125 , 9.875
54901123  , -6.851035 , -1.8387469 , 1.7978859    , 0.93621624 , 0.25127077 , -0.24568693    ,22.0 , -37.1875 , 15.25
305176  , -7.5456724 , -2.8330324 , 0.9942854    , 0.92914706 , 0.34884948 , -0.122432746    ,22.0 , -37.1875 , 15.25
22399902  , -7.5456724 , -2.8330324 , 0.9942854    , 0.9291471 , 0.34884948 , -0.12243274    ,29.125 , -30.5 , 19.1875
244140  , -8.499097 , -4.2495484 , 0.040861044    , 0.8944189 , 0.44720948 , -0.0043000877    ,29.125 , -30.5 , 19.1875
26336669  , -8.499097 , -4.2495484 , 0.040861044    , 0.8944191 , 0.44720954 , -0.0043001026    ,34.1875 , -22.8125 , 21.375
213623  , -8.962189 , -5.9793324 , -0.9125633    , 0.8288877 , 0.55301166 , 0.0844004    ,34.1875 , -22.8125 , 21.375
41961668  , -8.962189 , -5.9793324 , -0.9125633    , 0.8288876 , 0.55301166 , 0.08440043    ,38.0 , -14.625 , 22.625
244140  , -9.656827 , -7.273266 , -2.070293    , 0.7873205 , 0.59298897 , 0.16879085    ,38.0 , -14.625 , 22.625
34698486  , -9.656827 , -7.273266 , -2.070293    , 0.78732055 , 0.59298897 , 0.16879088    ,40.3125 , -7.9375 , 22.125
244141  , -10.079058 , -9.656827 , -3.445948    , 0.7010236 , 0.67165637 , 0.23967427    ,40.3125 , -7.9375 , 22.125
39428710  , -10.079058 , -9.656827 , -3.445948    , 0.7010236 , 0.67165637 , 0.23967423    ,41.8125 , -2.0 , 20.875
213623  , -10.378705 , -12.258313 , -3.486809    , 0.63146234 , 0.74582165 , 0.21214484    ,41.8125 , -2.0 , 20.875
29907226  , -10.378705 , -12.258313 , -3.486809    , 0.6314622 , 0.7458215 , 0.21214479    ,42.8125 , 2.25 , 19.6875
1678466  , -11.495573 , -14.9006605 , -2.5333846    , 0.6053691 , 0.7846846 , 0.13341072    ,42.8125 , 2.25 , 19.6875
23559571  , -11.495573 , -14.9006605 , -2.5333846    , 0.6053691 , 0.78468454 , 0.13341074    ,43.5625 , 4.4375 , 18.1875
244141  , -12.489859 , -17.120777 , -0.6946377    , 0.5890393 , 0.80744 , 0.03276007    ,43.5625 , 4.4375 , 18.1875
34820559  , -12.489859 , -17.120777 , -0.6946377    , 0.5890394 , 0.80744004 , 0.032760084    ,43.875 , 4.6875 , 17.5
274658  , -11.75436 , -19.15021 , 1.3075534    , 0.5222329 , 0.850822 , -0.058093116    ,43.875 , 4.6875 , 17.5
39459229  , -11.75436 , -19.15021 , 1.3075534    , 0.52223283 , 0.8508219 , -0.058093086    ,43.5625 , 2.0 , 17.0
335694  , -9.615966 , -19.6133 , 3.486809    , 0.43471295 , 0.88666654 , -0.15762958    ,43.5625 , 2.0 , 17.0
42053223  , -9.615966 , -19.6133 , 3.486809    , 0.43471292 , 0.88666654 , -0.15762961    ,42.0625 , -4.6875 , 15.25
701905  , -6.851035 , -19.6133 , 7.6954966    , 0.30923364 , 0.88528115 , -0.3473499    ,42.0625 , -4.6875 , 15.25
34942628  , -6.851035 , -19.6133 , 7.6954966    , 0.3092336 , 0.8852811 , -0.34734988    ,38.0 , -13.875 , 10.125
244140  , 0.14982383 , -19.6133 , 16.167353    , -0.0058943396 , 0.7716229 , -0.636053    ,38.0 , -13.875 , 10.125
40130615  , 0.14982383 , -19.6133 , 16.167353    , -0.005894378 , 0.7716228 , -0.63605297    ,30.875 , -23.5625 , 1.125
274659  , 11.536434 , -19.6133 , 19.340895    , -0.38630277 , 0.65676033 , -0.64763874    ,30.875 , -23.5625 , 1.125
39062500  , 11.536434 , -19.6133 , 19.340895    , -0.3863029 , 0.6567605 , -0.6476389    ,20.75 , -30.0 , -11.125
396728  , 19.422615 , -19.6133 , 19.340895    , -0.57626265 , 0.58192015 , -0.57383806    ,20.75 , -30.0 , -11.125
40618896  , 19.422615 , -19.6133 , 19.340895    , -0.57626253 , 0.5819201 , -0.573838    ,8.8125 , -29.25 , -23.8125
457764  , 19.57244 , -19.6133 , 19.340895    , -0.5792203 , 0.5804296 , -0.57236814    ,8.8125 , -29.25 , -23.8125
37872314  , 19.57244 , -19.6133 , 19.340895    , -0.5792204 , 0.5804297 , -0.57236814    ,-2.625 , -21.8125 , -33.375
457763  , 17.434046 , -19.6133 , 19.000385    , -0.5381181 , 0.6053828 , -0.5864647    ,-2.625 , -21.8125 , -33.375
43243407  , 17.434046 , -19.6133 , 19.000385    , -0.5381181 , 0.60538274 , -0.58646464    ,-10.5 , -7.6875 , -38.75
488281  , 17.883516 , -19.6133 , 18.237646    , -0.5553155 , 0.60902846 , -0.5663119    ,-10.5 , -7.6875 , -38.75
37017821  , 17.883516 , -19.6133 , 18.237646    , -0.5553155 , 0.60902834 , -0.56631184    ,-13.75 , 8.9375 , -38.75
549316  , 19.15021 , -18.537292 , 19.340895    , -0.5815303 , 0.56291795 , -0.5873208    ,-13.75 , 8.9375 , -38.75
61431882  , 19.15021 , -18.537292 , 19.340895    , -0.5815304 , 0.56291795 , -0.587321    ,-12.5 , 24.0625 , -34.8125
244140  , 17.079916 , -14.137921 , 19.340895    , -0.5805083 , 0.48051637 , -0.6573539    ,-12.5 , 24.0625 , -34.8125
14282226  , 17.079916 , -14.137921 , 19.340895    , -0.5805082 , 0.48051637 , -0.6573538    ,-7.875 , 34.5625 , -30.8125
244140  , 12.489859 , -12.299174 , 19.340895    , -0.47849417 , 0.47118893 , -0.74096155    ,-7.875 , 34.5625 , -30.8125
43060304  , 12.489859 , -12.299174 , 19.340895    , -0.47849426 , 0.47118902 , -0.74096173    ,-3.3125 , 41.25 , -25.1875
244141  , 11.454713 , -8.539958 , 18.8097    , -0.48493996 , 0.36154264 , -0.7963164    ,-3.3125 , 41.25 , -25.1875
36041261  , 11.454713 , -8.539958 , 18.8097    , -0.48493993 , 0.36154264 , -0.79631644    ,1.75 , 43.5625 , -23.25
305176  , 8.240311 , -7.273266 , 17.965239    , -0.39126495 , 0.34534788 , -0.8530222    ,1.75 , 43.5625 , -23.25
39581300  , 8.240311 , -7.273266 , 17.965239    , -0.39126483 , 0.34534782 , -0.85302204    ,4.5625 , 44.8125 , -23.25
366211  , 6.2789803 , -6.891896 , 15.785983    , -0.3424847 , 0.37591597 , -0.86104083    ,4.5625 , 44.8125 , -23.25
39367676  , 6.2789803 , -6.891896 , 15.785983    , -0.3424848 , 0.375916 , -0.86104083    ,6.375 , 44.3125 , -25.1875
457763  , 4.862464 , -7.1234417 , 15.4046135    , -0.27542007 , 0.4034866 , -0.8725494    ,6.375 , 44.3125 , -25.1875
39916993  , 4.862464 , -7.1234417 , 15.4046135    , -0.27542 , 0.40348652 , -0.87254924    ,6.6875 , 41.1875 , -29.9375
518799  , 3.0645783 , -7.8180795 , 18.38747    , -0.15160537 , 0.38676214 , -0.90963227    ,6.6875 , 41.1875 , -29.9375
39093018  , 3.0645783 , -7.8180795 , 18.38747    , -0.15160537 , 0.38676217 , -0.90963227    ,4.375 , 37.25 , -36.3125
488281  , 3.445948 , -6.510526 , 18.619015    , -0.17209758 , 0.32514882 , -0.9298712    ,4.375 , 37.25 , -36.3125
37536621  , 3.445948 , -6.510526 , 18.619015    , -0.17209762 , 0.32514885 , -0.9298712    ,0.0625 , 30.8125 , -42.9375
274658  , 2.6832085 , -6.742072 , 19.313654    , -0.13005188 , 0.32678008 , -0.9361094    ,0.0625 , 30.8125 , -42.9375
40405273  , 2.6832085 , -6.742072 , 19.313654    , -0.13005188 , 0.3267801 , -0.9361096    ,-5.5 , 20.875 , -47.8125
396729  , 3.568531 , -5.325556 , 17.543009    , -0.19105929 , 0.28513047 , -0.93925333    ,-5.5 , 20.875 , -47.8125
40527343  , 3.568531 , -5.325556 , 17.543009    , -0.19105928 , 0.28513044 , -0.93925333    ,-12.125 , 7.5 , -49.25
2197266  , 2.3699405 , -3.568531 , 13.443283    , -0.1679699 , 0.25292012 , -0.95279455    ,-12.125 , 7.5 , -49.25
35491943  , 2.3699405 , -3.568531 , 13.443283    , -0.16796985 , 0.25292012 , -0.95279455    ,-18.6875 , -7.125 , -44.875
213623  , 0.92618364 , -1.4165162 , 11.304889    , -0.08102477 , 0.12392025 , -0.98897886    ,-18.6875 , -7.125 , -44.875
55847167  , 0.92618364 , -1.4165162 , 11.304889    , -0.08102474 , 0.1239202 , -0.9889786    ,-24.0625 , -20.75 , -35.5625
274658  , -0.7218784 , -2.3699405 , 7.082581    , 0.09620713 , 0.31584978 , -0.94391894    ,-24.0625 , -20.75 , -35.5625
26275634  , -0.7218784 , -2.3699405 , 7.082581    , 0.09620711 , 0.3158498 , -0.94391906    ,-28.375 , -30.1875 , -23.8125
6469726  , -1.0760075 , -2.3699405 , 3.5276701    , 0.24544343 , 0.54059696 , -0.80468166    ,-28.375 , -30.1875 , -23.8125
25817873  , -1.0760075 , -2.3699405 , 3.5276701    , 0.2454434 , 0.5405968 , -0.8046814    ,-31.6875 , -34.625 , -11.875
366210  , -0.0 , -3.0645783 , 1.6480621    , 2.9802322E-8 , 0.8807224 , -0.47363293    ,-31.6875 , -34.625 , -11.875
42114260  , -0.0 , -3.0645783 , 1.6480621    , -1.4901161E-8 , 0.88072234 , -0.4736329    ,-33.9375 , -34.375 , -1.375
244141  , 3.6774938 , -4.0180025 , -1.4165162    , -0.65342355 , 0.71392584 , 0.2516891    ,-33.9375 , -34.375 , -1.375
48095705  , 3.6774938 , -4.0180025 , -1.4165162    , -0.65342367 , 0.7139259 , 0.25168914    ,-36.5 , -30.9375 , 6.9375
427246  , 4.7126403 , -5.284695 , -1.9885708    , -0.64076716 , 0.7185481 , 0.2703815    ,-36.5 , -30.9375 , 6.9375
33325197  , 4.7126403 , -5.284695 , -1.9885708    , -0.6407671 , 0.71854806 , 0.27038148    ,-38.5 , -26.1875 , 13.3125
213623  , 5.012288 , -8.117727 , -3.405087    , -0.4948007 , 0.80136204 , 0.33614177    ,-38.5 , -26.1875 , 13.3125
35888672  , 5.012288 , -8.117727 , -3.405087    , -0.4948007 , 0.8013619 , 0.3361417    ,-40.0625 , -21.25 , 17.25
244141  , 5.5162406 , -10.760075 , -6.0882955    , -0.40746564 , 0.7948096 , 0.44972137    ,-40.0625 , -21.25 , 17.25
39093018  , 5.5162406 , -10.760075 , -6.0882955    , -0.40746576 , 0.7948097 , 0.44972146    ,-41.3125 , -17.8125 , 18.9375
244141  , 6.66035 , -14.137921 , -8.539958    , -0.37398106 , 0.7938495 , 0.47952175    ,-41.3125 , -17.8125 , 18.9375
27801514  , 6.66035 , -14.137921 , -8.539958    , -0.37398112 , 0.7938495 , 0.4795218    ,-41.5625 , -17.3125 , 18.6875
274658  , 8.19945 , -15.935807 , -7.1234417    , -0.42516485 , 0.826317 , 0.36937076    ,-41.5625 , -17.3125 , 18.6875
30822753  , 8.19945 , -15.935807 , -7.1234417    , -0.42516494 , 0.8263172 , 0.36937085    ,-41.3125 , -19.25 , 15.75
244141  , 9.507003 , -16.821129 , -1.3756552    , -0.49079174 , 0.868378 , 0.071017124    ,-41.3125 , -19.25 , 15.75
518798  , 9.507003 , -16.821129 , -1.3756552    , -0.49079162 , 0.86837775 , 0.07101713    ,-40.5625 , -24.0 , 11.375
244140  , 10.732834 , -19.19107 , 6.2108784    , -0.46973372 , 0.8399173 , -0.2718256    ,-40.5625 , -24.0 , 11.375
24017333  , 10.732834 , -19.19107 , 6.2108784    , -0.4697338 , 0.8399175 , -0.27182564    ,-37.75 , -29.6875 , 5.25
244140  , 12.871228 , -19.6133 , 11.836082    , -0.48984203 , 0.7464259 , -0.45044732    ,-37.75 , -29.6875 , 5.25
36895751  , 12.871228 , -19.6133 , 11.836082    , -0.48984215 , 0.74642617 , -0.45044738    ,-32.9375 , -34.875 , -4.0625
305176  , 17.393185 , -19.6133 , 18.34661    , -0.5435894 , 0.61297476 , -0.57338685    ,-32.9375 , -34.875 , -4.0625
42572020  , 17.393185 , -19.6133 , 18.34661    , -0.5435895 , 0.61297476 , -0.5733869    ,-25.5625 , -36.625 , -16.0
335693  , 11.304889 , -19.6133 , 19.340895    , -0.37967688 , 0.65871656 , -0.6495678    ,-25.5625 , -36.625 , -16.0
36376952  , 11.304889 , -19.6133 , 19.340895    , -0.37967694 , 0.65871656 , -0.6495677    ,-19.25 , -30.1875 , -28.25
457764  , -3.6774938 , -19.6133 , 19.340895    , 0.13233231 , 0.70577216 , -0.69596976    ,-19.25 , -30.1875 , -28.25
39428711  , -3.6774938 , -19.6133 , 19.340895    , 0.13233228 , 0.70577216 , -0.6959698    ,-16.1875 , -18.25 , -37.3125
1800537  , -11.114203 , -19.6133 , 19.340895    , 0.37417582 , 0.6603103 , -0.65113944    ,-16.1875 , -18.25 , -37.3125
38452150  , -11.114203 , -19.6133 , 19.340895    , 0.37417585 , 0.66031027 , -0.6511394    ,-15.9375 , -1.1875 , -39.5
396729  , -19.6133 , -19.6133 , 19.340895    , 0.58002317 , 0.58002317 , -0.5719673    ,-15.9375 , -1.1875 , -39.5
37231447  , -19.6133 , -19.6133 , 19.340895    , 0.58002317 , 0.58002317 , -0.5719673    ,-18.4375 , 14.9375 , -35.5625
213623  , -13.865514 , -11.795221 , 19.340895    , 0.52203894 , 0.4440921 , -0.7281879    ,-18.4375 , 14.9375 , -35.5625
40100099  , -13.865514 , -11.795221 , 19.340895    , 0.52203894 , 0.444092 , -0.7281879    ,-21.25 , 24.875 , -29.4375
366211  , -7.7772183 , -10.038197 , 19.340895    , 0.3361377 , 0.43385902 , -0.8359292    ,-21.25 , 24.875 , -29.4375
38940430  , -7.7772183 , -10.038197 , 19.340895    , 0.33613774 , 0.43385905 , -0.8359293    ,-22.5 , 30.0625 , -25.0625
457764  , -5.6660647 , -8.349273 , 19.340895    , 0.25973505 , 0.38273454 , -0.8865956    ,-22.5 , 30.0625 , -25.0625
39154054  , -5.6660647 , -8.349273 , 19.340895    , 0.25973508 , 0.38273457 , -0.88659567    ,-22.75 , 30.5625 , -24.3125
457764  , -1.6480621 , -6.510526 , 19.340895    , 0.080496475 , 0.31799424 , -0.9446692    ,-22.75 , 30.5625 , -24.3125
39642334  , -1.6480621 , -6.510526 , 19.340895    , 0.08049646 , 0.31799427 , -0.94466925    ,-22.5 , 29.3125 , -26.75
427246  , -0.27240697 , -6.66035 , 18.04696    , 0.014159352 , 0.34619552 , -0.9380554    ,-22.5 , 29.3125 , -26.75
38726806  , -0.27240697 , -6.66035 , 18.04696    , 0.014159337 , 0.34619558 , -0.9380555    ,-21.5 , 26.0625 , -30.4375
457763  , 0.7627395 , -6.782933 , 16.86199    , -0.041929245 , 0.37287062 , -0.9269353    ,-21.5 , 26.0625 , -30.4375
38879394  , 0.7627395 , -6.782933 , 16.86199    , -0.041929245 , 0.3728707 , -0.9269356    ,-20.75 , 20.625 , -34.375
518799  , 3.990762 , -5.366417 , 15.704261    , -0.23380263 , 0.31439677 , -0.9200493    ,-20.75 , 20.625 , -34.375
43731688  , 3.990762 , -5.366417 , 15.704261    , -0.2338027 , 0.31439677 , -0.9200495    ,-20.25 , 13.9375 , -38.0
488281  , 5.2165933 , -4.099725 , 14.328606    , -0.33036962 , 0.25963774 , -0.9074383    ,-20.25 , 13.9375 , -38.0
31524657  , 5.2165933 , -4.099725 , 14.328606    , -0.33036962 , 0.25963774 , -0.9074382    ,-20.5 , 5.25 , -40.6875
244140  , 4.630918 , -2.7240696 , 15.091345    , -0.28908557 , 0.17005035 , -0.9420789    ,-20.5 , 5.25 , -40.6875
42297362  , 4.630918 , -2.7240696 , 15.091345    , -0.28908557 , 0.17005032 , -0.9420789    ,-19.75 , -3.875 , -41.6875
244141  , 3.0645783 , -2.3699405 , 15.173067    , -0.1956968 , 0.15133885 , -0.96891654    ,-19.75 , -3.875 , -41.6875
36773681  , 3.0645783 , -2.3699405 , 15.173067    , -0.19569677 , 0.15133885 , -0.96891654    ,-17.1875 , -13.5625 , -41.1875
366211  , 2.1792557 , -0.88532263 , 14.560152    , -0.14775684 , 0.060026225 , -0.9872004    ,-17.1875 , -13.5625 , -41.1875
43090822  , 2.1792557 , -0.88532263 , 14.560152    , -0.14775684 , 0.060026225 , -0.98720044    ,-13.875 , -23.25 , -37.75
427246  , 1.4573772 , 0.313268 , 11.304889    , -0.12780933 , -0.027473036 , -0.99141824    ,-13.875 , -23.25 , -37.75
38421633  , 1.4573772 , 0.313268 , 11.304889    , -0.12780932 , -0.027473034 , -0.9914181    ,-8.8125 , -31.9375 , -31.4375
488281  , 0.9942854 , -0.19068487 , 8.499097    , -0.11616592 , 0.022278398 , -0.99297994    ,-8.8125 , -31.9375 , -31.4375
36071778  , 0.9942854 , -0.19068487 , 8.499097    , -0.11616593 , 0.022278398 , -0.99298    ,-3.0 , -39.125 , -22.125
213623  , -1.0760075 , -0.27240697 , 5.8976107    , 0.17930017 , 0.045392454 , -0.98274666    ,-3.0 , -39.125 , -22.125
61889649  , -1.0760075 , -0.27240697 , 5.8976107    , 0.17930017 , 0.04539245 , -0.9827466    ,2.125 , -44.0625 , -11.375
274659  , -1.56634 , 1.9477097 , 3.1463003    , 0.38980806 , -0.48471785 , -0.7830058    ,2.125 , -44.0625 , -11.375
10894776  , -1.56634 , 1.9477097 , 3.1463003    , 0.38980815 , -0.48471794 , -0.7830059    ,7.9375 , -46.3125 , -0.875
244140  , -2.1111538 , 2.5333846 , 1.6889231    , 0.5698028 , -0.6837634 , -0.4558423    ,7.9375 , -46.3125 , -0.875
36102295  , -2.1111538 , 2.5333846 , 1.6889231    , 0.569803 , -0.68376356 , -0.45584238    ,13.25 , -46.0625 , 7.9375
274659  , -3.0237172 , 2.1111538 , -0.61291564    , 0.80883026 , -0.5647238 , 0.16395207    ,13.25 , -46.0625 , 7.9375
39672851  , -3.0237172 , 2.1111538 , -0.61291564    , 0.8088303 , -0.5647239 , 0.16395208    ,18.3125 , -42.8125 , 14.3125
366211  , -2.7921712 , 1.9477097 , -2.070293    , 0.7007657 , -0.48882684 , 0.51959217    ,18.3125 , -42.8125 , 14.3125
38391113  , -2.7921712 , 1.9477097 , -2.070293    , 0.70076567 , -0.4888268 , 0.5195922    ,24.1875 , -37.625 , 19.9375
366211  , -4.099725 , 0.08172209 , -3.1054392    , 0.7970304 , -0.015887648 , 0.6037306    ,24.1875 , -37.625 , 19.9375
39825439  , -4.099725 , 0.08172209 , -3.1054392    , 0.7970302 , -0.015887648 , 0.6037305    ,29.0 , -30.4375 , 23.5625
427246  , -4.140586 , -4.903325 , -3.214402    , 0.5768677 , 0.68313277 , 0.44783145    ,29.0 , -30.4375 , 23.5625
40313720  , -4.140586 , -4.903325 , -3.214402    , 0.57686776 , 0.68313277 , 0.44783148    ,33.3125 , -21.0 , 26.5
244141  , -5.8976107 , -12.789507 , -5.597963    , 0.38913888 , 0.84388316 , 0.36936736    ,33.3125 , -21.0 , 26.5
38177489  , -5.8976107 , -12.789507 , -5.597963    , 0.3891389 , 0.8438833 , 0.36936742    ,36.875 , -11.8125 , 27.5
366211  , -8.730643 , -19.300034 , -9.234595    , 0.37781438 , 0.83519965 , 0.39962262    ,36.875 , -11.8125 , 27.5
40435789  , -8.730643 , -19.300034 , -9.234595    , 0.37781432 , 0.8351995 , 0.3996226    ,39.125 , -3.875 , 26.3125
488281  , -6.510526 , -19.6133 , -4.3312707    , 0.30834162 , 0.9288955 , 0.20513107    ,39.125 , -3.875 , 26.3125
38085937  , -6.510526 , -19.6133 , -4.3312707    , 0.3083417 , 0.9288955 , 0.20513107    ,41.1875 , -0.9375 , 24.3125
701904  , 6.4015636 , -19.6133 , 2.2201166    , -0.3084991 , 0.94518864 , -0.106990114    ,41.1875 , -0.9375 , 24.3125
39947512  , 6.4015636 , -19.6133 , 2.2201166    , -0.30849904 , 0.9451886 , -0.1069901    ,42.1875 , -5.875 , 17.25
244141  , 18.115063 , -19.6133 , 18.196785    , -0.5606579 , 0.60702807 , -0.5631871    ,42.1875 , -5.875 , 17.25
37994387  , 18.115063 , -19.6133 , 18.196785    , -0.56065786 , 0.607028 , -0.5631871    ,39.125 , -15.3125 , 7.4375
396729  , 19.57244 , -19.422615 , 19.340895    , -0.58111763 , 0.5766692 , -0.57424295    ,39.125 , -15.3125 , 7.4375
42968751  , 19.57244 , -19.422615 , 19.340895    , -0.5811175 , 0.5766692 , -0.57424283    ,30.0 , -26.1875 , -4.75
427246  , 19.57244 , -16.970953 , 19.340895    , -0.6054144 , 0.5249453 , -0.5982523    ,30.0 , -26.1875 , -4.75
35736085  , 19.57244 , -16.970953 , 19.340895    , -0.6054144 , 0.5249453 , -0.5982523    ,15.5625 , -33.625 , -18.6875
457764  , 19.57244 , -19.300034 , 19.340895    , -0.58233726 , 0.57423234 , -0.57544804    ,15.5625 , -33.625 , -18.6875
40405274  , 19.57244 , -19.300034 , 19.340895    , -0.5823373 , 0.57423246 , -0.5754482    ,-1.9375 , -31.1875 , -27.5
213623  , 19.57244 , -19.6133 , 19.340895    , -0.57922035 , 0.5804296 , -0.5723681    ,-1.9375 , -31.1875 , -27.5
36163330  , 19.57244 , -19.6133 , 19.340895    , -0.57922035 , 0.5804297 , -0.57236814    ,-17.25 , -19.5625 , -32.125
46325683  , 19.57244 , -19.6133 , 19.340895    , -0.5792203 , 0.5804296 , -0.5723681    ,-24.5 , -1.625 , -31.875
33294677  , 19.57244 , -19.6133 , 19.340895    , -0.5792203 , 0.5804296 , -0.572368    ,-23.0 , 17.0 , -28.6875
518799  , 19.57244 , -11.604536 , 18.278507    , -0.6706 , 0.3976 , -0.6262667    ,-23.0 , 17.0 , -28.6875
39550781  , 19.57244 , -11.604536 , 18.278507    , -0.67059994 , 0.3976 , -0.6262667    ,-16.875 , 30.875 , -26.0
213623  , 19.57244 , -13.143636 , 12.912089    , -0.72812974 , 0.48896676 , -0.48035282    ,-16.875 , 30.875 , -26.0
27893066  , 19.57244 , -13.143636 , 12.912089    , -0.72812986 , 0.48896682 , -0.48035288    ,-8.25 , 38.8125 , -24.5
244141  , 19.57244 , -11.141444 , 11.454713    , -0.7746238 , 0.440948 , -0.4533463    ,-8.25 , 38.8125 , -24.5
44128416  , 19.57244 , -11.141444 , 11.454713    , -0.7746237 , 0.44094792 , -0.45334625    ,-1.125 , 41.5 , -24.75
244140  , 18.04696 , -8.008764 , 9.00305    , -0.8316587 , 0.36906815 , -0.41488785    ,-1.125 , 41.5 , -24.75
38726806  , 18.04696 , -8.008764 , 9.00305    , -0.83165884 , 0.36906826 , -0.41488796    ,0.8125 , 41.5625 , -26.625
701905  , 12.680544 , -8.662541 , 8.962189    , -0.7131597 , 0.48718533 , -0.5040376    ,0.8125 , 41.5625 , -26.625
35461427  , 12.680544 , -8.662541 , 8.962189    , -0.7131596 , 0.48718527 , -0.5040376    ,0.5625 , 40.5625 , -29.5625
244141  , 11.223166 , -7.6954966 , 12.912089    , -0.5982798 , 0.41022825 , -0.68831223    ,0.5625 , 40.5625 , -29.5625
56732180  , 11.223166 , -7.6954966 , 12.912089    , -0.59827983 , 0.4102283 , -0.68831223    ,-3.25 , 39.125 , -32.0
274658  , 12.14935 , -8.049625 , 14.709975    , -0.58672214 , 0.38873634 , -0.7103811    ,-3.25 , 39.125 , -32.0
15594483  , 12.14935 , -8.049625 , 14.709975    , -0.58672214 , 0.38873628 , -0.71038103    ,-8.8125 , 37.375 , -35.4375
213623  , 13.102775 , -5.597963 , 17.66559    , -0.57732505 , 0.24665341 , -0.7783686    ,-8.8125 , 37.375 , -35.4375
35552980  , 13.102775 , -5.597963 , 17.66559    , -0.5773251 , 0.24665344 , -0.7783686    ,-15.1875 , 33.625 , -38.625
274659  , 12.912089 , -6.3607025 , 19.340895    , -0.5355681 , 0.26382947 , -0.8022224    ,-15.1875 , 33.625 , -38.625
46234131  , 12.912089 , -6.3607025 , 19.340895    , -0.5355681 , 0.26382947 , -0.8022224    ,-22.75 , 26.9375 , -39.625
335693  , 11.454713 , -6.2108784 , 19.340895    , -0.49118188 , 0.26632455 , -0.82934403    ,-22.75 , 26.9375 , -39.625
32165528  , 11.454713 , -6.2108784 , 19.340895    , -0.49118197 , 0.26632446 , -0.82934403    ,-30.125 , 16.0625 , -37.625
366211  , 9.466142 , -5.6252036 , 19.340895    , -0.42533356 , 0.25275216 , -0.86902684    ,-30.125 , 16.0625 , -37.625
38116455  , 9.466142 , -5.6252036 , 19.340895    , -0.42533356 , 0.25275216 , -0.8690268    ,-36.25 , 2.6875 , -31.8125
244141  , 7.7363577 , -4.5900574 , 19.082108    , -0.36671928 , 0.21757823 , -0.90453124    ,-36.25 , 2.6875 , -31.8125
40527343  , 7.7363577 , -4.5900574 , 19.082108    , -0.3667193 , 0.21757817 , -0.90453124    ,-39.25 , -11.6875 , -21.25
335693  , 4.2086873 , -5.012288 , 16.08563    , -0.2423499 , 0.28862387 , -0.92626274    ,-39.25 , -11.6875 , -21.25
38757323  , 4.2086873 , -5.012288 , 16.08563    , -0.2423499 , 0.2886238 , -0.92626274    ,-38.5 , -22.875 , -7.5625
427246  , 0.7627395 , -6.8237944 , 11.836082    , -0.05574146 , 0.4986869 , -0.86498785    ,-38.5 , -22.875 , -7.5625
40283203  , 0.7627395 , -6.8237944 , 11.836082    , -0.05574146 , 0.49868697 , -0.86498797    ,-34.6875 , -29.0625 , 6.875
1190185  , -2.1792557 , -10.800936 , 6.0474343    , 0.17338285 , 0.8593286 , -0.48113737    ,-34.6875 , -29.0625 , 6.875
36529540  , -2.1792557 , -10.800936 , 6.0474343    , 0.17338279 , 0.85932845 , -0.48113728    ,-29.625 , -30.8125 , 20.0625
213623  , -6.0474343 , -15.213928 , -0.19068487    , 0.36935666 , 0.92921484 , 0.01164639    ,-29.625 , -30.8125 , 20.0625
43395994  , -6.0474343 , -15.213928 , -0.19068487    , 0.36935663 , 0.92921484 , 0.011646368    ,-25.3125 , -27.8125 , 28.875
244141  , -7.246025 , -19.272793 , -6.5922484    , 0.33516142 , 0.8914537 , 0.30492124    ,-25.3125 , -27.8125 , 28.875
35888670  , -7.246025 , -19.272793 , -6.5922484    , 0.33516148 , 0.89145386 , 0.3049213    ,-22.25 , -23.375 , 35.1875
427246  , -3.0645783 , -19.6133 , -13.525005    , 0.12758015 , 0.8165131 , 0.56305385    ,-22.25 , -23.375 , 35.1875
42999269  , -3.0645783 , -19.6133 , -13.525005    , 0.12758017 , 0.81651306 , 0.56305385    ,-21.5 , -18.625 , 37.1875
427246  , 8.008764 , -19.57244 , -11.032481    , -0.33576366 , 0.8205652 , 0.46253154    ,-21.5 , -18.625 , 37.1875
35308839  , 8.008764 , -19.57244 , -11.032481    , -0.33576366 , 0.8205652 , 0.4625315    ,-22.75 , -18.125 , 35.6875
671387  , 11.304889 , -19.6133 , -1.7297841    , -0.4979238 , 0.8638679 , 0.076188356    ,-22.75 , -18.125 , 35.6875
42572023  , 11.304889 , -19.6133 , -1.7297841    , -0.4979238 , 0.86386776 , 0.076188326    ,-25.0625 , -21.375 , 30.3125
427246  , 8.281172 , -19.6133 , 5.325556    , -0.3773455 , 0.8937129 , -0.24266788    ,-25.0625 , -21.375 , 30.3125
35461427  , 8.281172 , -19.6133 , 5.325556    , -0.37734553 , 0.893713 , -0.2426679    ,-28.125 , -26.8125 , 15.875
427246  , 4.1814466 , -19.6133 , 18.428331    , -0.15352964 , 0.720139 , -0.67663056    ,-28.125 , -26.8125 , 15.875
38299561  , 4.1814466 , -19.6133 , 18.428331    , -0.15352966 , 0.7201388 , -0.67663044    ,-28.875 , -29.0625 , -2.9375
244141  , -2.7240696 , -19.6133 , 19.340895    , 0.09841357 , 0.70857763 , -0.6987363    ,-28.875 , -29.0625 , -2.9375
39398194  , -2.7240696 , -19.6133 , 19.340895    , 0.09841356 , 0.7085775 , -0.6987362    ,-28.625 , -22.625 , -20.8125
274658  , -8.049625 , -19.6133 , 19.340895    , 0.28049892 , 0.6834492 , -0.673957    ,-28.625 , -22.625 , -20.8125
33538818  , -8.049625 , -19.6133 , 19.340895    , 0.2804989 , 0.68344915 , -0.6739569    ,-26.8125 , -7.5 , -31.0625
396728  , 1.1441092 , -19.6133 , 19.340895    , -0.041499525 , 0.7114207 , -0.70154    ,-26.8125 , -7.5 , -31.0625
35736084  , 1.1441092 , -19.6133 , 19.340895    , -0.04149951 , 0.71142066 , -0.7015399    ,-24.8125 , 10.625 , -30.5625
671387  , -3.8681788 , -19.6133 , 19.340895    , 0.1390644 , 0.70511544 , -0.69532216    ,-24.8125 , 10.625 , -30.5625
38574218  , -3.8681788 , -19.6133 , 19.340895    , 0.13906448 , 0.7051157 , -0.6953224    ,-23.3125 , 26.4375 , -23.5
244141  , 2.2201166 , -19.082108 , 19.340895    , -0.08144127 , 0.6999953 , -0.70948845    ,-23.3125 , 26.4375 , -23.5
39306639  , 2.2201166 , -19.082108 , 19.340895    , -0.0814413 , 0.6999953 , -0.7094885    ,-21.25 , 36.625 , -14.1875
488282  , 8.771504 , -14.246883 , 19.340895    , -0.3429974 , 0.55710447 , -0.7562986    ,-21.25 , 36.625 , -14.1875
366211  , 8.771504 , -14.246883 , 19.340895    , -0.34299737 , 0.55710435 , -0.7562985    ,-19.25 , 40.5625 , -7.3125
427246  , 7.3958488 , -10.501288 , 19.082108    , -0.32152748 , 0.45653352 , -0.8295765    ,-19.25 , 40.5625 , -7.3125
20782470  , 7.3958488 , -10.501288 , 19.082108    , -0.3215275 , 0.45653352 , -0.8295765    ,-16.1875 , 42.5625 , -2.6875
1098633  , 5.325556 , -8.539958 , 17.815414    , -0.2602694 , 0.41736296 , -0.870671    ,-16.1875 , 42.5625 , -2.6875
38238525  , 5.325556 , -8.539958 , 17.815414    , -0.2602694 , 0.41736296 , -0.870671    ,-13.625 , 43.3125 , -0.25
244140  , 2.7240696 , -5.938472 , 13.797412    , -0.17843884 , 0.38899663 , -0.9037926    ,-13.625 , 43.3125 , -0.25
39978029  , 2.7240696 , -5.938472 , 13.797412    , -0.17843884 , 0.38899666 , -0.90379274    ,-11.875 , 43.8125 , 0.0
366211  , 2.8330324 , -7.205164 , 7.8589406    , -0.25680304 , 0.65311915 , -0.7123815    ,-11.875 , 43.8125 , 0.0
38848878  , 2.8330324 , -7.205164 , 7.8589406    , -0.256803 , 0.6531191 , -0.71238136    ,-11.125 , 44.0625 , -1.9375
366211  , 2.0294318 , -8.240311 , 5.5162406    , -0.20050165 , 0.8141175 , -0.5449877    ,-11.125 , 44.0625 , -1.9375
39428712  , 2.0294318 , -8.240311 , 5.5162406    , -0.20050168 , 0.81411743 , -0.54498774    ,-11.625 , 43.5625 , -4.625
427246  , 1.607201 , -8.471856 , 6.0882955    , -0.15225913 , 0.8025862 , -0.5767782    ,-11.625 , 43.5625 , -4.625
40130616  , 1.607201 , -8.471856 , 6.0882955    , -0.15225908 , 0.802586 , -0.57677805    ,-12.625 , 43.3125 , -7.0625
488281  , 1.7297841 , -9.152874 , 6.4015636    , -0.15304397 , 0.80980736 , -0.5663832    ,-12.625 , 43.3125 , -7.0625
40985108  , 1.7297841 , -9.152874 , 6.4015636    , -0.15304387 , 0.8098071 , -0.566383    ,-13.625 , 43.3125 , -9.0625
213623  , 1.920469 , -9.425281 , 5.434519    , -0.17382967 , 0.85312164 , -0.49190107    ,-13.625 , 43.3125 , -9.0625
36102296  , 1.920469 , -9.425281 , 5.434519    , -0.17382972 , 0.85312176 , -0.49190113    ,-14.6875 , 42.8125 , -10.25
305175  , 3.336985 , -8.390134 , 6.510526    , -0.29977074 , 0.7537093 , -0.58485883    ,-14.6875 , 42.8125 , -10.25
31646729  , 3.336985 , -8.390134 , 6.510526    , -0.2997707 , 0.75370926 , -0.5848588    ,-14.9375 , 42.8125 , -11.5
427246  , 5.012288 , -7.3549876 , 8.62168    , -0.40449017 , 0.5935453 , -0.6957671    ,-14.9375 , 42.8125 , -11.5
35949707  , 5.012288 , -7.3549876 , 8.62168    , -0.40449017 , 0.5935453 , -0.69576705    ,-15.1875 , 42.5625 , -11.5
244140  , 6.701211 , -7.1234417 , 12.680544    , -0.41846144 , 0.44482788 , -0.79184467    ,-15.1875 , 42.5625 , -11.5
42358398  , 6.701211 , -7.1234417 , 12.680544    , -0.41846147 , 0.44482794 , -0.7918449    ,-15.4375 , 41.8125 , -12.0
396729  , 8.771504 , -7.04172 , 18.700737    , -0.4019388 , 0.32267445 , -0.85692847    ,-15.4375 , 41.8125 , -12.0
35644531  , 8.771504 , -7.04172 , 18.700737    , -0.40193883 , 0.32267445 , -0.85692847    ,-16.6875 , 40.5625 , -14.1875
366211  , 12.258313 , -9.997335 , 19.340895    , -0.490614 , 0.40012288 , -0.7740798    ,-16.6875 , 40.5625 , -14.1875
41503905  , 12.258313 , -9.997335 , 19.340895    , -0.49061403 , 0.40012294 , -0.77407986    ,-18.1875 , 37.875 , -18.5625
396728  , 14.410328 , -15.745122 , 19.340895    , -0.5002994 , 0.5466409 , -0.6714793    ,-18.1875 , 37.875 , -18.5625
37048338  , 14.410328 , -15.745122 , 19.340895    , -0.5002993 , 0.5466408 , -0.6714793    ,-19.75 , 31.1875 , -25.9375
427246  , 18.496431 , -18.659876 , 19.340895    , -0.5669434 , 0.57195324 , -0.59282744    ,-19.75 , 31.1875 , -25.9375
45684814  , 18.496431 , -18.659876 , 19.340895    , -0.56694335 , 0.5719533 , -0.5928275    ,-20.0 , 20.5 , -33.5
518799  , 19.340895 , -19.6133 , 19.340895    , -0.57463986 , 0.5827333 , -0.5746398    ,-20.0 , 20.5 , -33.5
41778566  , 19.340895 , -19.6133 , 19.340895    , -0.5746398 , 0.5827333 , -0.5746398    ,-15.6875 , 4.125 , -36.6875
518799  , 17.883516 , -19.6133 , 19.340895    , -0.54453814 , 0.59720856 , -0.5889141    ,-15.6875 , 4.125 , -36.6875
40222170  , 17.883516 , -19.6133 , 19.340895    , -0.5445383 , 0.59720874 , -0.5889143    ,-8.5625 , -14.1875 , -33.0
488282  , 12.721405 , -19.6133 , 17.2025    , -0.43829364 , 0.67574173 , -0.59268177    ,-8.5625 , -14.1875 , -33.0
38055421  , 12.721405 , -19.6133 , 17.2025    , -0.4382937 , 0.67574185 , -0.592682    ,0.8125 , -28.8125 , -21.75
244141  , 11.34575 , -18.38747 , 10.147159    , -0.47530872 , 0.77030826 , -0.425096    ,0.8125 , -28.8125 , -21.75
38238526  , 11.34575 , -18.38747 , 10.147159    , -0.47530872 , 0.7703083 , -0.425096    ,10.1875 , -38.25 , -5.625
335694  , 11.264028 , -15.6634 , 3.9499009    , -0.5719756 , 0.79537106 , -0.20057182    ,10.1875 , -38.25 , -5.625
41046142  , 11.264028 , -15.6634 , 3.9499009    , -0.57197547 , 0.79537094 , -0.20057182    ,17.5625 , -37.5 , 11.0
427246  , 7.5865335 , -15.5135765 , -1.2666923    , -0.43813205 , 0.895929 , 0.07315311    ,17.5625 , -37.5 , 11.0
83068847  , 7.5865335 , -15.5135765 , -1.2666923    , -0.4381321 , 0.89592916 , 0.07315312    ,22.625 , -30.8125 , 23.5
274658  , 3.5276701 , -18.891422 , -4.671779    , -0.1783664 , 0.95518994 , 0.23621497    ,22.625 , -30.8125 , 23.5
244141  , 3.5276701 , -18.891422 , -4.671779    , -0.1783664 , 0.95518994 , 0.23621497    ,26.4375 , -21.625 , 30.8125
518799  , 0.84446156 , -19.6133 , -5.434519    , -0.04145655 , 0.96286166 , 0.26679292    ,26.4375 , -21.625 , 30.8125
32501220  , 0.84446156 , -19.6133 , -5.434519    , -0.041456558 , 0.96286213 , 0.26679307    ,29.25 , -12.1875 , 33.75
244140  , -3.6774938 , -19.6133 , -4.399372    , 0.17996682 , 0.95982325 , 0.21529366    ,29.25 , -12.1875 , 33.75
42938231  , -3.6774938 , -19.6133 , -4.399372    , 0.17996684 , 0.9598232 , 0.21529366    ,31.8125 , -6.5 , 33.25
274658  , -6.6331096 , -19.6133 , -2.9556155    , 0.317154 , 0.93778574 , 0.14131913    ,31.8125 , -6.5 , 33.25
35919189  , -6.6331096 , -19.6133 , -2.9556155    , 0.317154 , 0.9377858 , 0.1413191    ,34.3125 , -5.25 , 30.3125
396728  , -6.238119 , -19.6133 , 0.14982383    , 0.30308634 , 0.9529353 , -0.0072793663    ,34.3125 , -5.25 , 30.3125
44342040  , -6.238119 , -19.6133 , 0.14982383    , 0.3030864 , 0.95293546 , -0.0072793663    ,36.375 , -8.5 , 24.6875
366211  , -5.9793324 , -19.6133 , 5.366417    , 0.28210914 , 0.9253694 , -0.25319135    ,36.375 , -8.5 , 24.6875
44189453  , -5.9793324 , -19.6133 , 5.366417    , 0.28210914 , 0.9253694 , -0.25319132    ,37.375 , -15.4375 , 13.9375
457764  , 5.325556 , -19.6133 , 15.595298    , -0.20788741 , 0.7656212 , -0.6087752    ,37.375 , -15.4375 , 13.9375
39733889  , 5.325556 , -19.6133 , 15.595298    , -0.20788738 , 0.7656212 , -0.6087752    ,32.8125 , -21.875 , -2.4375
549316  , 16.04477 , -19.422615 , 19.340895    , -0.5051767 , 0.6115297 , -0.6089567    ,32.8125 , -21.875 , -2.4375
39947511  , 16.04477 , -19.422615 , 19.340895    , -0.5051767 , 0.61152977 , -0.6089567    ,26.4375 , -23.375 , -19.5625
244141  , 19.57244 , -19.272793 , 19.340895    , -0.5826081 , 0.5736886 , -0.5757158    ,26.4375 , -23.375 , -19.5625
37536622  , 19.57244 , -19.272793 , 19.340895    , -0.5826082 , 0.5736888 , -0.5757159    ,16.3125 , -16.9375 , -34.5
274658  , 19.57244 , -17.352324 , 19.340895    , -0.6016585 , 0.533412 , -0.59454083    ,16.3125 , -16.9375 , -34.5
39611817  , 19.57244 , -17.352324 , 19.340895    , -0.6016585 , 0.5334119 , -0.59454083    ,2.875 , -6.75 , -43.0
366211  , 14.601013 , 6.701211 , 19.340895    , -0.5807208 , -0.26652485 , -0.76923835    ,2.875 , -6.75 , -43.0
38848877  , 14.601013 , 6.701211 , 19.340895    , -0.58072096 , -0.2665249 , -0.7692386    ,-6.3125 , 4.625 , -44.75
244141  , 5.09401 , -1.7978859 , 16.630445    , -0.2913228 , 0.1028198 , -0.9510833    ,-6.3125 , 4.625 , -44.75
42572021  , 5.09401 , -1.7978859 , 16.630445    , -0.2913227 , 0.10281978 , -0.951083    ,-14.6875 , 14.8125 , -43.5
213623  , 6.4424243 , -0.27240697 , 17.161638    , -0.35141036 , 0.01485879 , -0.93610364    ,-14.6875 , 14.8125 , -43.5
36499023  , 6.4424243 , -0.27240697 , 17.161638    , -0.35141033 , 0.014858782 , -0.9361036    ,-19.5 , 20.25 , -41.0625
396728  , 5.5571017 , 3.214402 , 19.340895    , -0.27269405 , -0.15773481 , -0.9490824    ,-19.5 , 20.25 , -41.0625
43151855  , 5.5571017 , 3.214402 , 19.340895    , -0.27269408 , -0.15773481 , -0.9490825    ,-20.0 , 24.5 , -38.875
488281  , 4.5219555 , 1.7978859 , 18.34661    , -0.23823586 , -0.094720274 , -0.9665774    ,-20.0 , 24.5 , -38.875
36224365  , 4.5219555 , 1.7978859 , 18.34661    , -0.23823582 , -0.09472027 , -0.9665774    ,-20.5 , 27.6875 , -37.1875
488281  , 4.0588636 , 0.88532263 , 17.120777    , -0.2303871 , -0.050252225 , -0.9718007    ,-20.5 , 27.6875 , -37.1875
37567138  , 4.0588636 , 0.88532263 , 17.120777    , -0.23038708 , -0.050252214 , -0.9718005    ,-20.5 , 29.4375 , -36.1875
244141  , 2.8738933 , -0.95342433 , 15.935807    , -0.17717206 , 0.058777466 , -0.9824234    ,-20.5 , 29.4375 , -36.1875
29602050  , 2.8738933 , -0.95342433 , 15.935807    , -0.17717205 , 0.058777455 , -0.9824233    ,-20.75 , 29.9375 , -36.4375
274658  , 1.4573772 , -1.56634 , 14.015338    , -0.10279365 , 0.110479146 , -0.9885483    ,-20.75 , 29.9375 , -36.4375
30395507  , 1.4573772 , -1.56634 , 14.015338    , -0.10279366 , 0.110479176 , -0.9885484    ,-21.0 , 29.6875 , -37.875
396729  , 2.9556155 , -2.2201166 , 13.184497    , -0.2158502 , 0.16213633 , -0.96287096    ,-21.0 , 29.6875 , -37.875
38879394  , 2.9556155 , -2.2201166 , 13.184497    , -0.21585023 , 0.16213635 , -0.9628711    ,-20.5 , 28.1875 , -40.125
488282  , 3.7864566 , -1.9477097 , 11.645397    , -0.30537322 , 0.15708047 , -0.9391874    ,-20.5 , 28.1875 , -40.125
39001466  , 3.7864566 , -1.9477097 , 11.645397    , -0.30537322 , 0.15708047 , -0.9391874    ,-19.5 , 25.6875 , -42.3125
518799  , 3.255263 , -0.9942854 , 9.697687    , -0.31673166 , 0.0967423 , -0.94356877    ,-19.5 , 25.6875 , -42.3125
39184572  , 3.255263 , -0.9942854 , 9.697687    , -0.3167316 , 0.09674232 , -0.9435688    ,-17.4375 , 22.5 , -44.75
244140  , 2.4108016 , -2.4108016 , 7.246025    , -0.30104744 , 0.30104744 , -0.9048432    ,-17.4375 , 22.5 , -44.75
44616700  , 2.4108016 , -2.4108016 , 7.246025    , -0.3010474 , 0.30104738 , -0.90484303    ,-14.9375 , 19.75 , -46.9375
244140  , 0.6946377 , -0.7218784 , 5.938472    , -0.1153427 , 0.11986595 , -0.98606706    ,-14.9375 , 19.75 , -46.9375
34332277  , 0.6946377 , -0.7218784 , 5.938472    , -0.11534269 , 0.11986594 , -0.98606694    ,-13.125 , 16.8125 , -48.4375
244140  , 1.1441092 , -0.7627395 , 9.534244    , -0.11877114 , 0.07918076 , -0.9897595    ,-13.125 , 16.8125 , -48.4375
54687500  , 1.1441092 , -0.7627395 , 9.534244    , -0.118771136 , 0.079180755 , -0.98975945    ,-11.375 , 13.8125 , -49.625
396730  , 0.88532263 , -1.1849703 , 9.697687    , -0.090248376 , 0.12079398 , -0.98856676    ,-11.375 , 13.8125 , -49.625
42633056  , 0.88532263 , -1.1849703 , 9.697687    , -0.09024836 , 0.12079397 , -0.98856664    ,-10.3125 , 11.3125 , -50.125
305176  , 0.08172209 , -0.08172209 , 8.281172    , -0.00986746 , 0.00986746 , -0.9999026    ,-10.3125 , 11.3125 , -50.125
39550781  , 0.08172209 , -0.08172209 , 8.281172    , -0.0098674605 , 0.00986746 , -0.99990267    ,-9.8125 , 9.125 , -50.375
244141  , 0.5720546 , 0.46309182 , 9.724928    , -0.058655784 , -0.04748325 , -0.99714833    ,-9.8125 , 9.125 , -50.375
39550780  , 0.5720546 , 0.46309182 , 9.724928    , -0.058655787 , -0.047483247 , -0.9971483    ,-9.0625 , 7.375 , -50.625
213623  , 0.88532263 , 0.5720546 , 9.234595    , -0.09525171 , -0.061547257 , -0.9935485    ,-9.0625 , 7.375 , -50.625
