63598633  , 0.61291564 , 5.175732 , 8.240311    , -0.0628618 , -0.53083295 , -0.8451419    ,-17.6875 , -20.0625 , -38.5
335693  , 0.6946377 , 5.134871 , 8.240311    , -0.07136148 , -0.5275153 , -0.84654313    ,-17.6875 , -20.0625 , -38.5
45989990  , 0.6946377 , 5.134871 , 8.240311    , -0.07136148 , -0.52751523 , -0.8465431    ,-17.9375 , -20.0625 , -38.0
213623  , 0.7218784 , 5.175732 , 8.430995    , -0.07277571 , -0.52178806 , -0.8499653    ,-17.9375 , -20.0625 , -38.0
41625976  , 0.7218784 , 5.175732 , 8.430995    , -0.07277569 , -0.52178806 , -0.84996516    ,-18.4375 , -19.8125 , -38.0
6927490  , 0.8036005 , 5.175732 , 8.19945    , -0.082593456 , -0.53195786 , -0.8427332    ,-18.4375 , -19.8125 , -38.0
38696288  , 0.8036005 , 5.175732 , 8.19945    , -0.08259347 , -0.53195786 , -0.8427332    ,-18.4375 , -19.8125 , -38.5
213623  , 0.8036005 , 5.325556 , 8.076866    , -0.082778096 , -0.5485803 , -0.83199006    ,-18.4375 , -19.8125 , -38.5
45837401  , 0.8036005 , 5.325556 , 8.076866    , -0.082778096 , -0.5485803 , -0.83199006    ,-19.25 , -20.0625 , -38.0
244141  , 0.7218784 , 5.053149 , 8.117727    , -0.07528027 , -0.5269619 , -0.846548    ,-19.25 , -20.0625 , -38.0
25970459  , 0.7218784 , 5.053149 , 8.117727    , -0.075280264 , -0.526962 , -0.8465481    ,-19.0 , -20.0625 , -38.25
244141  , 1.1849703 , 5.053149 , 8.349273    , -0.12053388 , -0.51400083 , -0.849279    ,-19.0 , -20.0625 , -38.25
33538819  , 1.1849703 , 5.053149 , 8.349273    , -0.120533876 , -0.5140008 , -0.84927887    ,-18.6875 , -20.0625 , -38.0
213623  , 1.56634 , 5.47538 , 8.308413    , -0.15550068 , -0.5435763 , -0.82482976    ,-18.6875 , -20.0625 , -38.0
31738282  , 1.56634 , 5.47538 , 8.308413    , -0.15550074 , -0.5435764 , -0.82482994    ,-19.0 , -20.0625 , -38.5
213623  , 1.8387469 , 5.9793324 , 7.7772183    , -0.18422638 , -0.59907705 , -0.7792096    ,-19.0 , -20.0625 , -38.5
29724122  , 1.8387469 , 5.9793324 , 7.7772183    , -0.18422636 , -0.5990769 , -0.7792095    ,-18.1875 , -19.3125 , -39.0
244141  , 4.372132 , 7.6273947 , 8.158588    , -0.36452764 , -0.635936 , -0.6802245    ,-18.1875 , -19.3125 , -39.0
28839112  , 4.372132 , 7.6273947 , 8.158588    , -0.36452758 , -0.63593596 , -0.68022436    ,-17.6875 , -19.3125 , -39.0
213623  , 5.7886477 , 10.119919 , 9.084772    , -0.3916489 , -0.68469435 , -0.6146583    ,-17.6875 , -19.3125 , -39.0
31921387  , 5.7886477 , 10.119919 , 9.084772    , -0.39164883 , -0.6846944 , -0.61465836    ,-17.9375 , -19.8125 , -38.75
274659  , 6.469665 , 10.991621 , 10.732834    , -0.3881183 , -0.65939254 , -0.6438678    ,-17.9375 , -19.8125 , -38.75
27404786  , 6.469665 , 10.991621 , 10.732834    , -0.3881183 , -0.65939254 , -0.6438678    ,-17.4375 , -20.5625 , -38.25
213623  , 7.8861814 , 11.645397 , 13.293459    , -0.4074998 , -0.60174847 , -0.6869081    ,-17.4375 , -20.5625 , -38.25
27374268  , 7.8861814 , 11.645397 , 13.293459    , -0.40749973 , -0.60174835 , -0.686908    ,-17.1875 , -21.8125 , -37.75
244141  , 7.9679036 , 12.217452 , 17.161638    , -0.35377094 , -0.54244876 , -0.7619682    ,-17.1875 , -21.8125 , -37.75
22460938  , 7.9679036 , 12.217452 , 17.161638    , -0.3537709 , -0.5424487 , -0.76196814    ,-16.1875 , -23.0625 , -37.5
1403809  , 6.1700177 , 10.56939 , 19.340895    , -0.26957667 , -0.46179152 , -0.84503067    ,-16.1875 , -23.0625 , -37.5
21850586  , 6.1700177 , 10.56939 , 19.340895    , -0.26957664 , -0.46179157 , -0.8450309    ,-13.625 , -25.0 , -37.0625
274658  , 2.9147544 , 7.3958488 , 19.381754    , -0.13913792 , -0.35304624 , -0.9252021    ,-13.625 , -25.0 , -37.0625
36285400  , 2.9147544 , 7.3958488 , 19.381754    , -0.13913795 , -0.35304624 , -0.9252022    ,-9.5625 , -27.75 , -35.3125
274658  , -0.9125633 , 2.2201166 , 19.340895    , 0.046823867 , -0.113914765 , -0.99238634    ,-9.5625 , -27.75 , -35.3125
35461425  , -0.9125633 , 2.2201166 , 19.340895    , 0.046823867 , -0.11391477 , -0.9923864    ,-4.0 , -31.75 , -31.1875
244141  , -2.6014864 , -1.0760075 , 18.768839    , 0.13707328 , 0.056695234 , -0.9889371    ,-4.0 , -31.75 , -31.1875
36407470  , -2.6014864 , -1.0760075 , 18.768839    , 0.1370733 , 0.056695238 , -0.9889371    ,2.125 , -36.6875 , -22.625
213623  , -3.336985 , -2.7240696 , 14.056199    , 0.22698334 , 0.18529253 , -0.9561094    ,2.125 , -36.6875 , -22.625
72540281  , -3.336985 , -2.7240696 , 14.056199    , 0.2269834 , 0.18529257 , -0.95610964    ,9.1875 , -40.125 , -10.625
457763  , -2.1111538 , -4.372132 , 7.668256    , 0.23260719 , 0.48172197 , -0.84488934    ,9.1875 , -40.125 , -10.625
22583007  , -2.1111538 , -4.372132 , 7.668256    , 0.23260713 , 0.48172197 , -0.8448892    ,15.3125 , -41.125 , 4.25
3845215  , -2.982856 , -5.366417 , 5.053149    , 0.37511984 , 0.67487323 , -0.6354772    ,15.3125 , -41.125 , 4.25
23376466  , -2.982856 , -5.366417 , 5.053149    , 0.37511986 , 0.6748732 , -0.63547707    ,20.625 , -37.1875 , 17.5
244141  , -2.982856 , -8.853226 , 1.3075534    , 0.31620568 , 0.93851 , -0.13861072    ,20.625 , -37.1875 , 17.5
26397706  , -2.982856 , -8.853226 , 1.3075534    , 0.31620568 , 0.93851006 , -0.13861074    ,25.6875 , -29.0 , 27.5
244141  , -3.759216 , -10.923519 , -0.3405087    , 0.32526794 , 0.94516265 , 0.02946268    ,25.6875 , -29.0 , 27.5
38879395  , -3.759216 , -10.923519 , -0.3405087    , 0.32526794 , 0.94516265 , 0.029462695    ,29.75 , -18.0625 , 32.625
6347657  , -5.325556 , -13.021052 , -1.334794    , 0.3768649 , 0.9214395 , 0.09445718    ,29.75 , -18.0625 , 32.625
32379151  , -5.325556 , -13.021052 , -1.334794    , 0.3768649 , 0.9214395 , 0.094457194    ,32.8125 , -6.1875 , 33.875
244141  , -6.932757 , -15.472715 , -2.8738933    , 0.40314406 , 0.89974785 , 0.16711867    ,32.8125 , -6.1875 , 33.875
35461427  , -6.932757 , -15.472715 , -2.8738933    , 0.40314406 , 0.8997479 , 0.16711867    ,35.0625 , 3.5 , 32.875
213624  , -8.662541 , -17.774553 , -2.3018389    , 0.43515915 , 0.89289737 , 0.11563195    ,35.0625 , 3.5 , 32.875
33477783  , -8.662541 , -17.774553 , -2.3018389    , 0.4351592 , 0.8928973 , 0.11563192    ,36.125 , 9.9375 , 31.1875
3479005  , -9.302697 , -19.531578 , -0.95342433    , 0.42958993 , 0.9019501 , 0.044028267    ,36.125 , 9.9375 , 31.1875
34912110  , -9.302697 , -19.531578 , -0.95342433    , 0.42959 , 0.9019502 , 0.044028223    ,36.625 , 12.375 , 30.1875
244140  , -8.880466 , -19.6133 , 0.8036005    , 0.41218084 , 0.91033816 , -0.037298575    ,36.625 , 12.375 , 30.1875
32714844  , -8.880466 , -19.6133 , 0.8036005    , 0.41218096 , 0.9103383 , -0.03729859    ,36.875 , 10.1875 , 30.1875
366211  , -8.267551 , -19.6133 , 4.2904096    , 0.3807702 , 0.9033098 , -0.19759902    ,36.875 , 10.1875 , 30.1875
24963379  , -8.267551 , -19.6133 , 4.2904096    , 0.3807702 , 0.9033098 , -0.19759904    ,36.125 , 3.6875 , 29.9375
213623  , -6.5513873 , -19.6133 , 8.19945    , 0.2945126 , 0.88170075 , -0.36859992    ,36.125 , 3.6875 , 29.9375
27954101  , -6.5513873 , -19.6133 , 8.19945    , 0.29451257 , 0.8817008 , -0.36859992    ,34.5625 , -6.4375 , 28.25
244141  , -0.61291564 , -19.6133 , 12.680544    , 0.026233941 , 0.8394846 , -0.5427501    ,34.5625 , -6.4375 , 28.25
32531738  , -0.61291564 , -19.6133 , 12.680544    , 0.02623389 , 0.83948433 , -0.54275    ,28.75 , -19.8125 , 22.625
213623  , 12.721405 , -19.6133 , 18.891422    , -0.42324772 , 0.6525446 , -0.6285274    ,28.75 , -19.8125 , 22.625
37597655  , 12.721405 , -19.6133 , 18.891422    , -0.4232477 , 0.6525446 , -0.6285274    ,17.5625 , -32.0 , 13.3125
335694  , 19.57244 , -19.6133 , 19.340895    , -0.5792203 , 0.58042955 , -0.5723681    ,17.5625 , -32.0 , 13.3125
39550780  , 19.57244 , -19.6133 , 19.340895    , -0.57922035 , 0.58042955 , -0.5723681    ,-0.6875 , -36.4375 , 3.5625
40039061  , 19.57244 , -19.6133 , 19.340895    , -0.57922035 , 0.58042955 , -0.57236814    ,-20.0 , -29.0 , -3.3125
579834  , 19.57244 , -19.6133 , 19.041246    , -0.5821598 , 0.5833752 , -0.5663601    ,-20.0 , -29.0 , -3.3125
40344238  , 19.57244 , -19.6133 , 19.041246    , -0.5821597 , 0.5833751 , -0.56636    ,-31.4375 , -9.6875 , -5.25
488282  , 19.57244 , -19.6133 , 12.489859    , -0.6439702 , 0.6453146 , -0.4109399    ,-31.4375 , -9.6875 , -5.25
27984620  , 19.57244 , -19.6133 , 12.489859    , -0.64397013 , 0.64531446 , -0.41093987    ,-34.1875 , 12.375 , -4.5
244141  , 19.57244 , -19.6133 , 3.9090397    , -0.69944286 , 0.7009031 , -0.13969386    ,-34.1875 , 12.375 , -4.5
37628176  , 19.57244 , -19.6133 , 3.9090397    , -0.69944274 , 0.700903 , -0.13969389    ,-27.0625 , 30.75 , -1.5625
244141  , 19.57244 , -19.6133 , -2.070293    , -0.70440555 , 0.7058761 , 0.07450917    ,-27.0625 , 30.75 , -1.5625
39764405  , 19.57244 , -19.6133 , -2.070293    , -0.70440567 , 0.70587623 , 0.07450918    ,-14.125 , 41.125 , -0.125
3723144  , 19.57244 , -18.959524 , 2.152015    , -0.71603423 , 0.69361144 , -0.078728884    ,-14.125 , 41.125 , -0.125
35491944  , 19.57244 , -18.959524 , 2.152015    , -0.7160343 , 0.69361156 , -0.0787289    ,-3.5 , 43.125 , 0.125
396729  , 19.57244 , -16.970953 , 1.607201    , -0.754083 , 0.6538535 , -0.06192191    ,-3.5 , 43.125 , 0.125
38970948  , 19.57244 , -16.970953 , 1.607201    , -0.7540831 , 0.65385365 , -0.061921917    ,3.625 , 43.125 , 0.875
427246  , 19.57244 , -13.33432 , 11.141444    , -0.74781567 , 0.50947225 , -0.42568767    ,3.625 , 43.125 , 0.875
39978028  , 19.57244 , -13.33432 , 11.141444    , -0.74781555 , 0.5094721 , -0.42568767    ,7.375 , 43.0625 , -1.4375
62072754  , 19.381754 , -15.132206 , 17.352324    , -0.6440085 , 0.5028063 , -0.57657546    ,7.375 , 43.0625 , -1.4375
274659  , 19.381754 , -15.132206 , 17.352324    , -0.6440085 , 0.5028063 , -0.57657546    ,5.0625 , 42.8125 , -5.125
1098632  , 15.785983 , -19.6133 , 17.583868    , -0.51404303 , 0.63867295 , -0.5725879    ,5.0625 , 42.8125 , -5.125
4577637  , 15.785983 , -19.6133 , 17.583868    , -0.51404303 , 0.6386729 , -0.57258797    ,-1.25 , 42.8125 , -11.0
244141  , 11.727119 , -19.6133 , 19.340895    , -0.39171502 , 0.6551331 , -0.6460341    ,-1.25 , 42.8125 , -11.0
29144287  , 11.727119 , -19.6133 , 19.340895    , -0.39171496 , 0.65513307 , -0.646034    ,-9.625 , 41.0625 , -18.8125
244140  , 10.119919 , -19.6133 , 19.340895    , -0.34485298 , 0.66835564 , -0.659073    ,-9.625 , 41.0625 , -18.8125
39031981  , 10.119919 , -19.6133 , 19.340895    , -0.3448529 , 0.6683556 , -0.65907294    ,-19.3125 , 35.125 , -26.375
213623  , 8.390134 , -19.6133 , 19.340895    , -0.29137567 , 0.68113804 , -0.6716778    ,-19.3125 , 35.125 , -26.375
33416747  , 8.390134 , -19.6133 , 19.340895    , -0.2913757 , 0.68113804 , -0.6716778    ,-28.1875 , 24.75 , -31.8125
366211  , 4.2904096 , -16.276316 , 17.692831    , -0.17568864 , 0.6665013 , -0.7245064    ,-28.1875 , 24.75 , -31.8125
36285400  , 4.2904096 , -16.276316 , 17.692831    , -0.17568853 , 0.66650105 , -0.7245062    ,-35.5625 , 10.625 , -32.0
457764  , 3.8681788 , -12.408136 , 14.369467    , -0.1996438 , 0.6404066 , -0.7416344    ,-35.5625 , 10.625 , -32.0
38909911  , 3.8681788 , -12.408136 , 14.369467    , -0.19964378 , 0.64040667 , -0.7416344    ,-39.875 , -4.75 , -27.625
427246  , 2.3426998 , -9.656827 , 11.536434    , -0.15386157 , 0.63423157 , -0.75767857    ,-39.875 , -4.75 , -27.625
37902834  , 2.3426998 , -9.656827 , 11.536434    , -0.15386154 , 0.63423175 , -0.75767875    ,-40.875 , -17.875 , -18.3125
427246  , 1.920469 , -6.3607025 , 4.944186    , -0.23188438 , 0.76801425 , -0.59697896    ,-40.875 , -17.875 , -18.3125
37292482  , 1.920469 , -6.3607025 , 4.944186    , -0.23188432 , 0.7680141 , -0.59697884    ,-39.5625 , -27.0625 , -7.3125
213623  , 2.152015 , -5.7477865 , 1.1441092    , -0.34469888 , 0.9206513 , -0.18325764    ,-39.5625 , -27.0625 , -7.3125
39489748  , 2.152015 , -5.7477865 , 1.1441092    , -0.34469897 , 0.92065156 , -0.18325768    ,-36.8125 , -31.5625 , 3.9375
305175  , 1.1849703 , -4.3312707 , -1.2666923    , -0.25397593 , 0.9283257 , 0.27149147    ,-36.8125 , -31.5625 , 3.9375
49713136  , 1.1849703 , -4.3312707 , -1.2666923    , -0.25397587 , 0.92832565 , 0.27149147    ,-34.25 , -32.25 , 13.6875
396728  , 1.9477097 , -4.5900574 , -2.9556155    , -0.3360225 , 0.79188526 , 0.5099083    ,-34.25 , -32.25 , 13.6875
35308838  , 1.9477097 , -4.5900574 , -2.9556155    , -0.33602247 , 0.79188526 , 0.50990826    ,-32.25 , -30.0625 , 22.25
213623  , 4.099725 , -10.882658 , -6.891896    , -0.30327737 , 0.80504525 , 0.5098284    ,-32.25 , -30.0625 , 22.25
57647705  , 4.099725 , -10.882658 , -6.891896    , -0.30327743 , 0.80504525 , 0.50982845    ,-30.4375 , -26.3125 , 29.3125
305176  , 2.6014864 , -16.08563 , -10.923519    , -0.1326118 , 0.8199715 , 0.55683076    ,-30.4375 , -26.3125 , 29.3125
34667969  , 2.6014864 , -16.08563 , -10.923519    , -0.13261186 , 0.8199717 , 0.5568309    ,-29.6875 , -23.625 , 32.75
244141  , 2.3699405 , -19.6133 , -10.269742    , -0.10643861 , 0.88087124 , 0.46123394    ,-29.6875 , -23.625 , 32.75
36468505  , 2.3699405 , -19.6133 , -10.269742    , -0.10643861 , 0.8808712 , 0.46123394    ,-29.4375 , -22.875 , 34.0
366211  , 7.3141265 , -19.6133 , -9.656827    , -0.3172769 , 0.8507985 , 0.41890013    ,-29.4375 , -22.875 , 34.0
30914306  , 7.3141265 , -19.6133 , -9.656827    , -0.31727695 , 0.85079837 , 0.4189001    ,-28.6875 , -25.5625 , 30.3125
213623  , 10.95076 , -19.6133 , 2.3426998    , -0.48486543 , 0.8684156 , -0.1037274    ,-28.6875 , -25.5625 , 30.3125
42785644  , 10.95076 , -19.6133 , 2.3426998    , -0.48486552 , 0.8684157 , -0.103727415    ,-28.6875 , -30.8125 , 20.8125
244140  , 13.0619135 , -19.6133 , 16.739407    , -0.4518901 , 0.678542 , -0.57911676    ,-28.6875 , -30.8125 , 20.8125
33874510  , 13.0619135 , -19.6133 , 16.739407    , -0.4518901 , 0.6785419 , -0.57911664    ,-25.625 , -34.25 , 3.1875
305176  , 13.211738 , -19.6133 , 19.340895    , -0.43246296 , 0.6420068 , -0.6330901    ,-25.625 , -34.25 , 3.1875
32440185  , 13.211738 , -19.6133 , 19.340895    , -0.43246293 , 0.6420068 , -0.6330901    ,-20.3125 , -30.5625 , -15.625
3143311  , 4.903325 , -19.6133 , 19.272793    , -0.17554869 , 0.7021946 , -0.69000375    ,-20.3125 , -30.5625 , -15.625
33508300  , 4.903325 , -19.6133 , 19.272793    , -0.17554863 , 0.7021946 , -0.6900038    ,-16.75 , -20.875 , -31.5625
5706787  , 1.7978859 , -19.6133 , 19.000385    , -0.06569645 , 0.7166885 , -0.69429207    ,-16.75 , -20.875 , -31.5625
16540529  , 1.7978859 , -19.6133 , 19.000385    , -0.06569645 , 0.71668845 , -0.694292    ,-15.0 , -7.5 , -40.8125
1922607  , 6.4424243 , -19.6133 , 19.340895    , -0.22773756 , 0.69332373 , -0.6836943    ,-15.0 , -7.5 , -40.8125
83831790  , 6.4424243 , -19.6133 , 19.340895    , -0.22773755 , 0.6933238 , -0.68369424    ,-15.5 , 5.625 , -40.8125
274658  , 8.049625 , -19.6133 , 19.340895    , -0.2804989 , 0.6834491 , -0.6739569    ,-15.5 , 5.625 , -40.8125
8209229  , 8.049625 , -19.6133 , 19.340895    , -0.28049892 , 0.683449 , -0.67395675    ,-19.0625 , 13.8125 , -38.625
244140  , 7.3141265 , -19.6133 , 19.340895    , -0.25663638 , 0.6881869 , -0.67862874    ,-19.0625 , 13.8125 , -38.625
1190185  , 7.3141265 , -19.6133 , 19.340895    , -0.25663635 , 0.68818676 , -0.6786287    ,-21.8125 , 17.5625 , -36.6875
274659  , 3.336985 , -19.381754 , 19.340895    , -0.12097691 , 0.70265365 , -0.7011724    ,-21.8125 , 17.5625 , -36.6875
28045655  , 3.336985 , -19.381754 , 19.340895    , -0.120976925 , 0.7026535 , -0.7011723    ,-22.5625 , 17.5625 , -36.4375
213623  , 3.8681788 , -14.396708 , 19.340895    , -0.15840715 , 0.5895647 , -0.79203594    ,-22.5625 , 17.5625 , -36.4375
36315919  , 3.8681788 , -14.396708 , 19.340895    , -0.15840717 , 0.5895646 , -0.79203576    ,-24.125 , 13.0625 , -37.4375
213624  , 4.903325 , -9.343558 , 19.340895    , -0.22255337 , 0.4240878 , -0.8778494    ,-24.125 , 13.0625 , -37.4375
39581299  , 4.903325 , -9.343558 , 19.340895    , -0.22255336 , 0.4240878 , -0.87784934    ,-23.875 , 4.375 , -38.375
305176  , 2.7240696 , -15.050485 , 19.340895    , -0.110474855 , 0.61037374 , -0.78437173    ,-23.875 , 4.375 , -38.375
41412353  , 2.7240696 , -15.050485 , 19.340895    , -0.110474885 , 0.61037374 , -0.78437173    ,-21.5625 , -7.75 , -37.1875
732422  , 0.3405087 , -17.2025 , 19.231932    , -0.013195306 , 0.6666288 , -0.74527293    ,-21.5625 , -7.75 , -37.1875
34515381  , 0.3405087 , -17.2025 , 19.231932    , -0.013195336 , 0.6666287 , -0.74527293    ,-17.0 , -20.125 , -33.5
274658  , 0.8036005 , -15.241169 , 12.871228    , -0.040250137 , 0.76338845 , -0.64468455    ,-17.0 , -20.125 , -33.5
29754639  , 0.8036005 , -15.241169 , 12.871228    , -0.040250145 , 0.7633884 , -0.64468455    ,-10.125 , -30.8125 , -28.625
274659  , 2.6832085 , -14.601013 , 14.437569    , -0.12957184 , 0.7050812 , -0.69718856    ,-10.125 , -30.8125 , -28.625
29876708  , 2.6832085 , -14.601013 , 14.437569    , -0.1295718 , 0.70508105 , -0.6971883    ,-2.5625 , -38.0 , -23.25
396729  , 0.8036005 , -12.762266 , 12.340035    , -0.04522054 , 0.7181634 , -0.6944035    ,-2.5625 , -38.0 , -23.25
39306640  , 0.8036005 , -12.762266 , 12.340035    , -0.045220535 , 0.71816343 , -0.6944036    ,4.8125 , -40.9375 , -20.8125
396729  , -1.8387469 , -9.275456 , 5.9793324    , 0.16435246 , 0.8290668 , -0.5344499    ,4.8125 , -40.9375 , -20.8125
30242920  , -1.8387469 , -9.275456 , 5.9793324    , 0.16435245 , 0.82906675 , -0.5344498    ,10.9375 , -41.1875 , -20.5625
488281  , -3.9090397 , -5.366417 , 8.117727    , 0.3727521 , 0.51172245 , -0.77407765    ,10.9375 , -41.1875 , -20.5625
38482665  , -3.9090397 , -5.366417 , 8.117727    , 0.37275207 , 0.5117224 , -0.77407753    ,16.5 , -39.6875 , -20.8125
488282  , -3.2961242 , -4.372132 , 9.043911    , 0.3117716 , 0.41354826 , -0.85543936    ,16.5 , -39.6875 , -20.8125
38360597  , -3.2961242 , -4.372132 , 9.043911    , 0.31177157 , 0.41354826 , -0.8554394    ,21.8125 , -37.75 , -20.8125
488281  , -3.9771416 , -2.9147544 , 5.134871    , 0.5586648 , 0.4094324 , -0.7212897    ,21.8125 , -37.75 , -20.8125
40618898  , -3.9771416 , -2.9147544 , 5.134871    , 0.55866474 , 0.4094324 , -0.72128975    ,26.625 , -35.5 , -19.8125
488281  , -6.66035 , -1.8387469 , 4.8216033    , 0.7904989 , 0.21823588 , -0.5722631    ,26.625 , -35.5 , -19.8125
37323000  , -6.66035 , -1.8387469 , 4.8216033    , 0.7904987 , 0.21823582 , -0.5722629    ,30.9375 , -33.5 , -18.8125
488281  , -9.466142 , -3.0237172 , 0.9942854    , 0.9478506 , 0.30276665 , -0.09955841    ,30.9375 , -33.5 , -18.8125
39520265  , -9.466142 , -3.0237172 , 0.9942854    , 0.94785035 , 0.3027666 , -0.09955838    ,34.0 , -31.3125 , -17.625
518799  , -9.384419 , -3.9090397 , 1.920469    , 0.9070729 , 0.37783733 , -0.18562737    ,34.0 , -31.3125 , -17.625
38299562  , -9.384419 , -3.9090397 , 1.920469    , 0.90707284 , 0.3778373 , -0.18562739    ,35.5625 , -29.8125 , -17.375
549317  , -11.3321295 , -2.7240696 , 2.2609777    , 0.9545078 , 0.22944897 , -0.19044265    ,35.5625 , -29.8125 , -17.375
39367676  , -11.3321295 , -2.7240696 , 2.2609777    , 0.9545077 , 0.22944894 , -0.19044267    ,36.0625 , -27.5625 , -18.0625
488281  , -9.152874 , -5.434519 , 3.8681788    , 0.8081495 , 0.4798388 , -0.3415394    ,36.0625 , -27.5625 , -18.0625
38452148  , -9.152874 , -5.434519 , 3.8681788    , 0.8081494 , 0.47983873 , -0.34153932    ,35.5625 , -26.3125 , -20.0625
488281  , -7.014479 , -8.580819 , 6.0474343    , 0.55557746 , 0.6796385 , -0.47898337    ,35.5625 , -26.3125 , -20.0625
39123534  , -7.014479 , -8.580819 , 6.0474343    , 0.5555776 , 0.67963856 , -0.4789834    ,33.75 , -25.3125 , -23.0
488281  , -2.7921712 , -13.0619135 , 8.390134    , 0.17701632 , 0.8280909 , -0.5319124    ,33.75 , -25.3125 , -23.0
38848876  , -2.7921712 , -13.0619135 , 8.390134    , 0.1770163 , 0.8280909 , -0.5319124    ,30.9375 , -23.875 , -26.875
488282  , 1.607201 , -17.815414 , 9.915613    , -0.078583404 , 0.8710768 , -0.48481953    ,30.9375 , -23.875 , -26.875
59936522  , 1.607201 , -17.815414 , 9.915613    , -0.078583345 , 0.87107664 , -0.48481944    ,25.625 , -23.375 , -31.3125
274658  , 10.269742 , -19.6133 , 12.789507    , -0.40166444 , 0.7671046 , -0.5002162    ,25.625 , -23.375 , -31.3125
7934570  , 10.269742 , -19.6133 , 12.789507    , -0.40166456 , 0.7671048 , -0.50021625    ,18.0 , -21.125 , -35.6875
244141  , 18.659876 , -19.6133 , 15.554437    , -0.59765154 , 0.62818843 , -0.49818838    ,18.0 , -21.125 , -35.6875
29205321  , 18.659876 , -19.6133 , 15.554437    , -0.5976516 , 0.6281886 , -0.49818844    ,8.875 , -16.9375 , -40.125
244140  , 19.57244 , -19.6133 , 18.578154    , -0.5866985 , 0.58792335 , -0.55689406    ,8.875 , -16.9375 , -40.125
29388426  , 19.57244 , -19.6133 , 18.578154    , -0.58669853 , 0.5879234 , -0.55689406    ,0.25 , -9.75 , -43.25
274659  , 19.57244 , -19.6133 , 19.340895    , -0.57922035 , 0.5804297 , -0.5723681    ,0.25 , -9.75 , -43.25
39916992  , 19.57244 , -19.6133 , 19.340895    , -0.57922035 , 0.58042955 , -0.5723681    ,-5.5625 , 0.4375 , -44.0
30975343  , 19.57244 , -19.6133 , 19.340895    , -0.5792204 , 0.58042973 , -0.57236814    ,-8.875 , 9.125 , -44.25
762939  , 19.57244 , -19.6133 , 17.270601    , -0.5994585 , 0.60071 , -0.5289586    ,-8.875 , 9.125 , -44.25
38543702  , 19.57244 , -19.6133 , 17.270601    , -0.5994584 , 0.6007099 , -0.52895844    ,-12.1875 , 11.8125 , -43.5
213623  , 19.57244 , -19.6133 , 19.340895    , -0.5792203 , 0.58042955 , -0.572368    ,-12.1875 , 11.8125 , -43.5
27770997  , 19.57244 , -19.6133 , 19.340895    , -0.57922035 , 0.5804297 , -0.572368    ,-15.0 , 9.375 , -42.8125
244140  , 19.57244 , -16.017529 , 9.697687    , -0.72258604 , 0.5913439 , -0.35802454    ,-15.0 , 9.375 , -42.8125
29693605  , 19.57244 , -16.017529 , 9.697687    , -0.7225862 , 0.59134394 , -0.3580246    ,-18.25 , 1.6875 , -42.8125
274658  , 19.57244 , -11.9450445 , -2.3699405    , -0.8490669 , 0.51818484 , 0.10280978    ,-18.25 , 1.6875 , -42.8125
29541016  , 19.57244 , -11.9450445 , -2.3699405    , -0.84906703 , 0.51818496 , 0.1028098    ,-22.6875 , -7.375 , -41.4375
549316  , 19.57244 , -7.04172 , 5.7477865    , -0.9069646 , 0.3263053 , -0.26634586    ,-22.6875 , -7.375 , -41.4375
30029297  , 19.57244 , -7.04172 , 5.7477865    , -0.90696454 , 0.32630527 , -0.2663459    ,-25.5625 , -14.875 , -38.3125
396729  , 19.504337 , -3.5957718 , 5.6660647    , -0.9455955 , 0.17432767 , -0.27469814    ,-25.5625 , -14.875 , -38.3125
38665772  , 19.504337 , -3.5957718 , 5.6660647    , -0.94559544 , 0.17432766 , -0.27469814    ,-28.375 , -22.8125 , -31.75
488281  , 17.692831 , -2.6832085 , -4.944186    , -0.9529907 , 0.14452592 , 0.2663092    ,-28.375 , -22.8125 , -31.75
39459229  , 17.692831 , -2.6832085 , -4.944186    , -0.9529909 , 0.14452592 , 0.2663092    ,-30.875 , -29.75 , -21.1875
488281  , 12.176591 , 1.7297841 , -6.2789803    , -0.88178974 , -0.1252654 , 0.45470366    ,-30.875 , -29.75 , -21.1875
38421631  , 12.176591 , 1.7297841 , -6.2789803    , -0.8817898 , -0.12526548 , 0.4547037    ,-30.5 , -35.75 , -9.9375
488281  , 9.765789 , 0.46309182 , -3.5957718    , -0.9374824 , -0.04445523 , 0.34518182    ,-30.5 , -35.75 , -9.9375
39123535  , 9.765789 , 0.46309182 , -3.5957718    , -0.93748236 , -0.04445523 , 0.3451818    ,-28.125 , -39.9375 , 0.8125
518799  , 8.662541 , 0.14982383 , -4.8216033    , -0.87366843 , -0.015110612 , 0.48628718    ,-28.125 , -39.9375 , 0.8125
38909911  , 8.662541 , 0.14982383 , -4.8216033    , -0.8736684 , -0.015110617 , 0.48628712    ,-24.0625 , -40.625 , 11.875
518799  , 5.8976107 , -5.243834 , -4.630918    , -0.6445379 , 0.573088 , 0.50610363    ,-24.0625 , -40.625 , 11.875
38696288  , 5.8976107 , -5.243834 , -4.630918    , -0.6445379 , 0.573088 , 0.50610363    ,-20.0 , -39.1875 , 19.9375
2288818  , 3.1463003 , -12.067628 , -9.534244    , -0.20042622 , 0.76873434 , 0.60735226    ,-20.0 , -39.1875 , 19.9375
37170409  , 3.1463003 , -12.067628 , -9.534244    , -0.20042624 , 0.76873446 , 0.6073522    ,-18.4375 , -35.25 , 26.625
488281  , 2.7240696 , -18.496431 , -9.956474    , -0.12860402 , 0.8732215 , 0.47004783    ,-18.4375 , -35.25 , 26.625
39459231  , 2.7240696 , -18.496431 , -9.956474    , -0.12860408 , 0.87322164 , 0.47004792    ,-19.4375 , -31.5625 , 30.8125
488281  , 8.812365 , -17.352324 , -11.3321295    , -0.3913021 , 0.7705085 , 0.50318915    ,-19.4375 , -31.5625 , 30.8125
39367678  , 8.812365 , -17.352324 , -11.3321295    , -0.39130217 , 0.7705085 , 0.5031892    ,-22.6875 , -28.8125 , 31.0625
488281  , 12.340035 , -19.531578 , -9.00305    , -0.49767348 , 0.78770834 , 0.36309287    ,-22.6875 , -28.8125 , 31.0625
38421632  , 12.340035 , -19.531578 , -9.00305    , -0.49767354 , 0.78770834 , 0.3630929    ,-28.0 , -26.0 , 28.9375
488282  , 18.918663 , -19.6133 , -3.568531    , -0.6883695 , 0.7136444 , 0.12984362    ,-28.0 , -26.0 , 28.9375
38635255  , 18.918663 , -19.6133 , -3.568531    , -0.68836945 , 0.7136444 , 0.12984361    ,-33.0625 , -23.3125 , 26.0
488282  , 19.57244 , -19.6133 , 6.6331096    , -0.68695945 , 0.68839353 , -0.23281088    ,-33.0625 , -23.3125 , 26.0
60974122  , 19.57244 , -19.6133 , 6.6331096    , -0.68695956 , 0.68839365 , -0.2328109    ,-37.0625 , -17.6875 , 23.5625
274658  , 19.57244 , -19.6133 , 17.011814    , -0.6019685 , 0.6032252 , -0.52321416    ,-37.0625 , -17.6875 , 23.5625
6988525  , 19.57244 , -19.6133 , 17.011814    , -0.6019685 , 0.6032252 , -0.5232141    ,-40.6875 , -10.375 , 21.6875
1068115  , 19.57244 , -19.504337 , 18.428331    , -0.58930063 , 0.58725023 , -0.5548531    ,-40.6875 , -10.375 , 21.6875
38391114  , 19.57244 , -19.504337 , 18.428331    , -0.5893007 , 0.5872502 , -0.5548531    ,-41.6875 , -2.1875 , 20.9375
274658  , 19.57244 , -14.941522 , 17.815414    , -0.643984 , 0.49161488 , -0.5861735    ,-41.6875 , -2.1875 , 20.9375
29510498  , 19.57244 , -14.941522 , 17.815414    , -0.6439841 , 0.49161482 , -0.58617336    ,-41.1875 , 5.0 , 19.75
305175  , 19.57244 , -5.9793324 , 19.272793    , -0.69623584 , 0.21269837 , -0.68557674    ,-41.1875 , 5.0 , 19.75
29998779  , 19.57244 , -5.9793324 , 19.272793    , -0.6962358 , 0.21269831 , -0.6855766    ,-40.6875 , 10.6875 , 19.5
335694  , 19.57244 , -1.1441092 , 15.472715    , -0.7836538 , 0.045808583 , -0.6195064    ,-40.6875 , 10.6875 , 19.5
38787841  , 19.57244 , -1.1441092 , 15.472715    , -0.7836538 , 0.0458086 , -0.61950636    ,-39.9375 , 13.9375 , 19.75
396729  , 19.57244 , 3.3778462 , 14.09706    , -0.8035965 , -0.13868612 , -0.57879084    ,-39.9375 , 13.9375 , 19.75
39459228  , 19.57244 , 3.3778462 , 14.09706    , -0.8035963 , -0.13868609 , -0.5787907    ,-39.9375 , 13.4375 , 19.75
427246  , 19.57244 , 4.2904096 , 8.471856    , -0.8996941 , -0.19721898 , -0.38942918    ,-39.9375 , 13.4375 , 19.75
29724120  , 19.57244 , 4.2904096 , 8.471856    , -0.8996942 , -0.197219 , -0.3894292    ,-41.1875 , 10.6875 , 20.5
488281  , 19.57244 , 4.399372 , 5.6660647    , -0.9389241 , -0.21104553 , -0.271811    ,-41.1875 , 10.6875 , 20.5
38452147  , 19.57244 , 4.399372 , 5.6660647    , -0.9389242 , -0.2110456 , -0.27181104    ,-41.5 , 6.4375 , 21.4375
213623  , 18.850561 , 5.597963 , 5.175732    , -0.9270492 , -0.27530146 , -0.25453663    ,-41.5 , 6.4375 , 21.4375
28808593  , 18.850561 , 5.597963 , 5.175732    , -0.9270493 , -0.2753015 , -0.25453663    ,-41.0 , -0.75 , 22.4375
274658  , 15.023244 , 5.09401 , 5.434519    , -0.8959234 , -0.30378544 , -0.32409197    ,-41.0 , -0.75 , 22.4375
29785158  , 15.023244 , 5.09401 , 5.434519    , -0.89592326 , -0.30378538 , -0.3240919    ,-39.1875 , -8.1875 , 23.1875
274658  , 11.727119 , 5.8976107 , 6.8237944    , -0.7926782 , -0.39864075 , -0.46124473    ,-39.1875 , -8.1875 , 23.1875
39428713  , 11.727119 , 5.8976107 , 6.8237944    , -0.79267836 , -0.39864078 , -0.46124488    ,-35.375 , -15.875 , 23.1875
366211  , 9.084772 , 6.1700177 , 7.246025    , -0.6904888 , -0.46895266 , -0.55073464    ,-35.375 , -15.875 , 23.1875
29846192  , 9.084772 , 6.1700177 , 7.246025    , -0.69048876 , -0.46895263 , -0.55073464    ,-30.5625 , -25.0 , 22.9375
488281  , 5.366417 , 4.9850473 , 4.7535014    , -0.61458087 , -0.5709051 , -0.54438764    ,-30.5625 , -25.0 , 22.9375
39093019  , 5.366417 , 4.9850473 , 4.7535014    , -0.6145808 , -0.570905 , -0.5443876    ,-24.375 , -31.5625 , 22.0625
488281  , 2.7921712 , 4.099725 , 4.099725    , -0.43389088 , -0.6370788 , -0.6370788    ,-24.375 , -31.5625 , 22.0625
38940431  , 2.7921712 , 4.099725 , 4.099725    , -0.43389088 , -0.6370788 , -0.6370788    ,-16.0 , -37.75 , 21.0625
488281  , 0.23154591 , 2.8330324 , 3.173541    , -0.054348335 , -0.6649679 , -0.7448919    ,-16.0 , -37.75 , 21.0625
38818360  , 0.23154591 , 2.8330324 , 3.173541    , -0.05434834 , -0.6649679 , -0.74489194    ,-6.375 , -41.875 , 20.0625
488281  , -3.405087 , 0.61291564 , 2.3426998    , 0.8149377 , -0.14668879 , -0.56067723    ,-6.375 , -41.875 , 20.0625
39062500  , -3.405087 , 0.61291564 , 2.3426998    , 0.8149378 , -0.14668879 , -0.5606772    ,5.0625 , -41.4375 , 18.5625
488281  , -4.903325 , 0.3405087 , 0.95342433    , 0.9793427 , -0.06800992 , -0.19042777    ,5.0625 , -41.4375 , 18.5625
38818359  , -4.903325 , 0.3405087 , 0.95342433    , 0.9793426 , -0.06800991 , -0.19042774    ,16.0 , -39.6875 , 17.375
488281  , -5.6660647 , -2.2609777 , -0.8036005    , 0.9208296 , 0.36744636 , 0.13059843    ,16.0 , -39.6875 , 17.375
39154052  , -5.6660647 , -2.2609777 , -0.8036005    , 0.92082953 , 0.36744636 , 0.13059843    ,25.875 , -34.25 , 16.125
488282  , -6.238119 , -4.7126403 , -1.0351465    , 0.7910013 , 0.59756875 , 0.13125789    ,25.875 , -34.25 , 16.125
38818358  , -6.238119 , -4.7126403 , -1.0351465    , 0.79100126 , 0.59756863 , 0.13125785    ,34.0625 , -27.8125 , 15.4375
488282  , -7.8589406 , -8.267551 , 0.040861044    , 0.68896466 , 0.7247861 , -0.0035821348    ,34.0625 , -27.8125 , 15.4375
39093016  , -7.8589406 , -8.267551 , 0.040861044    , 0.6889646 , 0.7247861 , -0.0035821497    ,39.875 , -20.6875 , 13.75
488281  , -8.62168 , -12.176591 , 2.152015    , 0.5719464 , 0.8077726 , -0.14276071    ,39.875 , -20.6875 , 13.75
38818359  , -8.62168 , -12.176591 , 2.152015    , 0.5719463 , 0.8077726 , -0.14276071    ,43.625 , -14.5 , 11.0625
76110841  , -8.349273 , -17.120777 , 4.9850473    , 0.4240439 , 0.8695321 , -0.2531812    ,43.625 , -14.5 , 11.0625
305176  , -8.349273 , -17.120777 , 4.9850473    , 0.4240439 , 0.8695321 , -0.2531812    ,45.4375 , -11.25 , 5.9375
213623  , -9.765789 , -19.6133 , 9.343558    , 0.40999654 , 0.82342404 , -0.39227012    ,45.4375 , -11.25 , 5.9375
213623  , -9.765789 , -19.6133 , 9.343558    , 0.4099965 , 0.823424 , -0.39227003    ,45.1875 , -10.625 , 0.625
244141  , -5.012288 , -19.6133 , 13.906375    , 0.2040837 , 0.79858834 , -0.56622136    ,45.1875 , -10.625 , 0.625
21545411  , -5.012288 , -19.6133 , 13.906375    , 0.20408374 , 0.7985884 , -0.5662214    ,41.375 , -15.75 , -5.5
244141  , 9.112013 , -19.6133 , 18.34661    , -0.32129434 , 0.69157517 , -0.64691097    ,41.375 , -15.75 , -5.5
29754640  , 9.112013 , -19.6133 , 18.34661    , -0.3212943 , 0.69157517 , -0.64691097    ,32.0 , -23.875 , -11.4375
213623  , 19.109348 , -19.6133 , 19.340895    , -0.57000464 , 0.5850368 , -0.5769114    ,32.0 , -23.875 , -11.4375
38970949  , 19.109348 , -19.6133 , 19.340895    , -0.5700046 , 0.58503675 , -0.5769113    ,15.25 , -30.8125 , -14.375
244140  , 19.57244 , -19.6133 , 17.583868    , -0.5964119 , 0.597657 , -0.53581613    ,15.25 , -30.8125 , -14.375
29785156  , 19.57244 , -19.6133 , 17.583868    , -0.5964119 , 0.59765697 , -0.5358161    ,-5.5 , -31.375 , -15.75
366211  , 19.57244 , -19.6133 , 8.19945    , -0.677335 , 0.6787491 , -0.28375483    ,-5.5 , -31.375 , -15.75
30120850  , 19.57244 , -19.6133 , 8.19945    , -0.67733485 , 0.67874897 , -0.28375477    ,-24.3125 , -21.9375 , -14.8125
488282  , 19.57244 , -19.6133 , -5.175732    , -0.6943593 , 0.69580895 , 0.18361631    ,-24.3125 , -21.9375 , -14.8125
38513184  , 19.57244 , -19.6133 , -5.175732    , -0.6943594 , 0.695809 , 0.18361625    ,-36.0 , -6.625 , -12.4375
488281  , 19.57244 , -19.6133 , -15.554437    , -0.6159539 , 0.61723983 , 0.48950547    ,-36.0 , -6.625 , -12.4375
39306640  , 19.57244 , -19.6133 , -15.554437    , -0.61595386 , 0.6172397 , 0.48950547    ,-37.75 , 12.625 , -9.3125
488281  , 19.531578 , -19.57244 , 3.1054392    , -0.7019545 , 0.703423 , -0.111607835    ,-37.75 , 12.625 , -9.3125
38604736  , 19.531578 , -19.57244 , 3.1054392    , -0.7019543 , 0.7034228 , -0.11160776    ,-32.0 , 28.0625 , -9.0
488281  , 18.891422 , -19.6133 , 3.1054392    , -0.68926084 , 0.7155988 , -0.113303185    ,-32.0 , 28.0625 , -9.0
37963866  , 18.891422 , -19.6133 , 3.1054392    , -0.68926096 , 0.7155989 , -0.113303185    ,-23.5 , 37.5 , -10.75
488281  , 16.930092 , -17.461287 , -5.09401    , -0.6813186 , 0.7026954 , 0.2049985    ,-23.5 , 37.5 , -10.75
38757323  , 16.930092 , -17.461287 , -5.09401    , -0.6813185 , 0.70269537 , 0.2049985    ,-15.125 , 41.9375 , -14.5625
488281  , 14.056199 , -16.467001 , -6.5513873    , -0.6214088 , 0.7279876 , 0.2896295    ,-15.125 , 41.9375 , -14.5625
38940429  , 14.056199 , -16.467001 , -6.5513873    , -0.6214087 , 0.7279876 , 0.2896295    ,-9.0 , 41.6875 , -20.5625
518799  , 14.246883 , -15.826844 , -9.997335    , -0.6056149 , 0.67277676 , 0.4249726    ,-9.0 , 41.6875 , -20.5625
38970946  , 14.246883 , -15.826844 , -9.997335    , -0.60561496 , 0.6727768 , 0.42497265    ,-4.4375 , 40.9375 , -24.9375
488281  , 16.548723 , -14.137921 , -10.651112    , -0.6829301 , 0.58344144 , 0.4395484    ,-4.4375 , 40.9375 , -24.9375
38848876  , 16.548723 , -14.137921 , -10.651112    , -0.68293 , 0.58344144 , 0.4395483    ,-2.4375 , 39.1875 , -26.625
488281  , 19.531578 , -13.484144 , -9.888372    , -0.7596417 , 0.52443886 , 0.38458848    ,-2.4375 , 39.1875 , -26.625
39154054  , 19.531578 , -13.484144 , -9.888372    , -0.7596416 , 0.5244388 , 0.38458842    ,-3.5625 , 39.25 , -26.25
488281  , 19.57244 , -17.733692 , -8.921328    , -0.70208764 , 0.6361295 , 0.32001907    ,-3.5625 , 39.25 , -26.25
39886476  , 19.57244 , -17.733692 , -8.921328    , -0.70208776 , 0.63612956 , 0.32001913    ,-6.875 , 40.5 , -22.3125
488282  , 19.57244 , -19.6133 , -3.3642259    , -0.70121944 , 0.7026833 , 0.12052974    ,-6.875 , 40.5 , -22.3125
38024903  , 19.57244 , -19.6133 , -3.3642259    , -0.7012195 , 0.7026834 , 0.12052971    ,-14.75 , 39.8125 , -15.9375
488282  , 19.57244 , -19.6133 , 10.56939    , -0.65998393 , 0.6613618 , -0.35640055    ,-14.75 , 39.8125 , -15.9375
38879395  , 19.57244 , -19.6133 , 10.56939    , -0.6599842 , 0.661362 , -0.35640055    ,-24.5 , 36.125 , -8.75
488281  , 19.57244 , -19.6133 , 13.715691    , -0.633057 , 0.63437855 , -0.4436245    ,-24.5 , 36.125 , -8.75
38879395  , 19.57244 , -19.6133 , 13.715691    , -0.6330569 , 0.63437855 , -0.44362447    ,-34.1875 , 26.5 , -1.875
488281  , 19.57244 , -19.6133 , 15.704261    , -0.6145303 , 0.6158134 , -0.4930783    ,-34.1875 , 26.5 , -1.875
38787842  , 19.57244 , -19.6133 , 15.704261    , -0.61453056 , 0.6158135 , -0.4930785    ,-41.3125 , 12.1875 , 4.5
457763  , 19.340895 , -19.6133 , 15.6634    , -0.61036456 , 0.6189612 , -0.4943093    ,-41.3125 , 12.1875 , 4.5
70678710  , 19.340895 , -19.6133 , 15.6634    , -0.6103646 , 0.6189613 , -0.49430934    ,-41.375 , -3.9375 , 9.6875
244140  , 14.628253 , -18.959524 , 14.601013    , -0.52156055 , 0.67598915 , -0.52058935    ,-41.375 , -3.9375 , 9.6875
244140  , 14.628253 , -18.959524 , 14.601013    , -0.5215605 , 0.675989 , -0.52058923    ,-36.5625 , -18.8125 , 14.6875
213623  , 8.853226 , -14.056199 , 12.408136    , -0.4269811 , 0.67791456 , -0.5984304    ,-36.5625 , -18.8125 , 14.6875
26611328  , 8.853226 , -14.056199 , 12.408136    , -0.42698112 , 0.6779146 , -0.5984304    ,-27.9375 , -29.5 , 18.8125
213623  , 4.1814466 , -9.275456 , 11.645397    , -0.2703996 , 0.59981143 , -0.7530673    ,-27.9375 , -29.5 , 18.8125
38513183  , 4.1814466 , -9.275456 , 11.645397    , -0.27039957 , 0.5998114 , -0.75306726    ,-17.5 , -35.4375 , 21.75
213623  , 0.92618364 , -6.0474343 , 9.507003    , -0.08192393 , 0.534915 , -0.8409249    ,-17.5 , -35.4375 , 21.75
30090331  , 0.92618364 , -6.0474343 , 9.507003    , -0.08192389 , 0.5349149 , -0.84092486    ,-7.9375 , -38.5 , 24.0
396729  , -1.6889231 , -2.9147544 , 7.668256    , 0.20164841 , 0.34800616 , -0.9155489    ,-7.9375 , -38.5 , 24.0
39581298  , -1.6889231 , -2.9147544 , 7.668256    , 0.20164844 , 0.3480061 , -0.91554886    ,0.1875 , -38.0 , 25.5
488282  , -1.8387469 , -1.4165162 , 5.597963    , 0.30341902 , 0.23374508 , -0.92374253    ,0.1875 , -38.0 , 25.5
38543700  , -1.8387469 , -1.4165162 , 5.597963    , 0.30341908 , 0.23374505 , -0.92374253    ,8.375 , -36.0 , 26.75
488281  , -2.8738933 , -2.1383946 , 2.8330324    , 0.629265 , 0.46822095 , -0.6203182    ,8.375 , -36.0 , 26.75
39093020  , -2.8738933 , -2.1383946 , 2.8330324    , 0.62926507 , 0.46822092 , -0.62031823    ,15.0 , -32.5 , 28.25
488281  , -3.486809 , -2.3018389 , 0.88532263    , 0.81642175 , 0.53896594 , -0.20729464    ,15.0 , -32.5 , 28.25
39123537  , -3.486809 , -2.3018389 , 0.88532263    , 0.8164218 , 0.538966 , -0.20729458    ,19.625 , -27.375 , 29.625
488281  , -4.2904096 , -3.1054392 , -0.53119355    , 0.80602473 , 0.58340836 , 0.09979351    ,19.625 , -27.375 , 29.625
38726807  , -4.2904096 , -3.1054392 , -0.53119355    , 0.8060249 , 0.5834085 , 0.09979351    ,23.9375 , -21.6875 , 31.125
518798  , -5.706926 , -5.243834 , -1.8387469    , 0.7164633 , 0.65832543 , 0.23084146    ,23.9375 , -21.6875 , 31.125
39459229  , -5.706926 , -5.243834 , -1.8387469    , 0.71646345 , 0.65832555 , 0.23084143    ,26.375 , -14.625 , 32.875
488281  , -6.851035 , -6.3198414 , -2.1383946    , 0.71641517 , 0.66086805 , 0.22361268    ,26.375 , -14.625 , 32.875
37658692  , -6.851035 , -6.3198414 , -2.1383946    , 0.7164153 , 0.66086817 , 0.22361271    ,27.6875 , -8.1875 , 34.8125
244141  , -8.499097 , -7.9270425 , -2.6014864    , 0.7136296 , 0.66559684 , 0.21843474    ,27.6875 , -8.1875 , 34.8125
30334473  , -8.499097 , -7.9270425 , -2.6014864    , 0.71362954 , 0.66559684 , 0.21843469    ,28.0625 , -2.25 , 36.3125
335693  , -10.419566 , -10.95076 , -3.2961242    , 0.67349136 , 0.70782626 , 0.21305217    ,28.0625 , -2.25 , 36.3125
40161133  , -10.419566 , -10.95076 , -3.2961242    , 0.6734915 , 0.7078263 , 0.2130522    ,27.5625 , 3.5 , 37.0625
488281  , -11.141444 , -13.565866 , -4.140586    , 0.6177227 , 0.75214154 , 0.22956932    ,27.5625 , 3.5 , 37.0625
37933349  , -11.141444 , -13.565866 , -4.140586    , 0.6177225 , 0.75214136 , 0.22956926    ,25.75 , 7.4375 , 37.75
488281  , -10.691973 , -15.6634 , -5.053149    , 0.5447757 , 0.79807895 , 0.2574672    ,25.75 , 7.4375 , 37.75
39123534  , -10.691973 , -15.6634 , -5.053149    , 0.5447757 , 0.79807913 , 0.25746727    ,24.1875 , 10.3125 , 37.9375
488281  , -9.275456 , -15.894946 , -3.9771416    , 0.49263638 , 0.84420955 , 0.21123323    ,24.1875 , 10.3125 , 37.9375
39123534  , -9.275456 , -15.894946 , -3.9771416    , 0.49263638 , 0.84420955 , 0.21123323    ,23.1875 , 11.75 , 38.1875
518799  , -7.9270425 , -15.091345 , -2.982856    , 0.45806196 , 0.8720492 , 0.17236349    ,23.1875 , 11.75 , 38.1875
38726805  , -7.9270425 , -15.091345 , -2.982856    , 0.45806193 , 0.8720492 , 0.17236355    ,21.75 , 9.0625 , 39.0625
518799  , -4.5219555 , -12.9529505 , -0.6537767    , 0.329225 , 0.9430511 , 0.047598787    ,21.75 , 9.0625 , 39.0625
38696287  , -4.5219555 , -12.9529505 , -0.6537767    , 0.32922494 , 0.94305086 , 0.04759877    ,21.0 , 4.5625 , 39.8125
488281  , -2.1383946 , -12.53072 , 2.6832085    , 0.16459355 , 0.96449727 , -0.20652822    ,21.0 , 4.5625 , 39.8125
39245605  , -2.1383946 , -12.53072 , 2.6832085    , 0.16459358 , 0.9644973 , -0.20652823    ,19.25 , -1.625 , 40.75
488281  , -0.46309182 , -15.6634 , 4.944186    , 0.028182775 , 0.95324147 , -0.3008927    ,19.25 , -1.625 , 40.75
39062502  , -0.46309182 , -15.6634 , 4.944186    , 0.028182797 , 0.95324147 , -0.30089274    ,15.4375 , -10.625 , 40.625
488281  , 3.9499009 , -19.504337 , 6.701211    , -0.18810605 , 0.9288547 , -0.31913164    ,15.4375 , -10.625 , 40.625
38940431  , 3.9499009 , -19.504337 , 6.701211    , -0.18810607 , 0.92885476 , -0.31913167    ,9.0 , -19.0 , 38.5625
488281  , 14.1787815 , -19.6133 , 10.337844    , -0.5387666 , 0.74526787 , -0.3928183    ,9.0 , -19.0 , 38.5625
57556154  , 14.1787815 , -19.6133 , 10.337844    , -0.5387667 , 0.745268 , -0.39281833    ,-2.4375 , -24.5 , 36.125
244140  , 19.531578 , -19.6133 , 11.34575    , -0.6529087 , 0.6556405 , -0.37926987    ,-2.4375 , -24.5 , 36.125
9735107  , 19.531578 , -19.6133 , 11.34575    , -0.6529087 , 0.65564054 , -0.37926987    ,-15.3125 , -22.5625 , 33.25
213623  , 19.57244 , -19.6133 , 7.082581    , -0.68436575 , 0.6857945 , -0.24764802    ,-15.3125 , -22.5625 , 33.25
29357910  , 19.57244 , -19.6133 , 7.082581    , -0.6843659 , 0.6857946 , -0.24764806    ,-27.0625 , -14.6875 , 29.8125
885010  , 19.57244 , -19.6133 , 3.568531    , -0.700583 , 0.70204556 , -0.12773326    ,-27.0625 , -14.6875 , 29.8125
38879395  , 19.57244 , -19.6133 , 3.568531    , -0.70058286 , 0.7020454 , -0.12773326    ,-35.125 , -1.375 , 26.75
244140  , 19.57244 , -18.537292 , 8.689782    , -0.6910305 , 0.6544832 , -0.30680406    ,-35.125 , -1.375 , 26.75
30090332  , 19.57244 , -18.537292 , 8.689782    , -0.69103044 , 0.6544833 , -0.30680406    ,-37.9375 , 11.75 , 20.4375
396728  , 19.57244 , -18.46919 , 12.258313    , -0.66187435 , 0.6245662 , -0.41453508    ,-37.9375 , 11.75 , 20.4375
39398193  , 19.57244 , -18.46919 , 12.258313    , -0.6618745 , 0.6245663 , -0.41453516    ,-38.4375 , 20.4375 , 14.3125
488281  , 19.463476 , -19.6133 , 11.413852    , -0.6510346 , 0.65604603 , -0.38178238    ,-38.4375 , 20.4375 , 14.3125
39062499  , 19.463476 , -19.6133 , 11.413852    , -0.6510346 , 0.6560461 , -0.3817824    ,-36.75 , 26.875 , 10.5625
488281  , 15.826844 , -19.6133 , 19.231932    , -0.49923283 , 0.6186706 , -0.60664093    ,-36.75 , 26.875 , 10.5625
38909911  , 15.826844 , -19.6133 , 19.231932    , -0.49923277 , 0.6186706 , -0.6066409    ,-34.9375 , 30.4375 , 8.4375
488282  , 14.519291 , -18.578154 , 19.340895    , -0.47609916 , 0.6091925 , -0.63420343    ,-34.9375 , 30.4375 , 8.4375
39093016  , 14.519291 , -18.578154 , 19.340895    , -0.4760992 , 0.6091926 , -0.63420343    ,-32.125 , 33.0 , 8.625
488281  , 13.102775 , -12.067628 , 16.698545    , -0.53664213 , 0.49424627 , -0.68391186    ,-32.125 , 33.0 , 8.625
38757324  , 13.102775 , -12.067628 , 16.698545    , -0.5366424 , 0.4942465 , -0.68391216    ,-29.5625 , 35.25 , 9.375
488281  , 17.393185 , -4.099725 , 17.774553    , -0.69008327 , 0.16265863 , -0.70521426    ,-29.5625 , 35.25 , 9.375
42175292  , 17.393185 , -4.099725 , 17.774553    , -0.69008327 , 0.16265865 , -0.7052144    ,-29.0625 , 36.25 , 5.6875
518799  , 11.836082 , -3.568531 , 13.906375    , -0.63611454 , 0.19178598 , -0.7473797    ,-29.0625 , 36.25 , 5.6875
37445070  , 11.836082 , -3.568531 , 13.906375    , -0.63611454 , 0.19178592 , -0.74737966    ,-29.3125 , 36.5 , 2.0
488281  , -0.50395286 , -8.771504 , 5.012288    , 0.04982157 , 0.86716497 , -0.4955228    ,-29.3125 , 36.5 , 2.0
39520266  , -0.50395286 , -8.771504 , 5.012288    , 0.0498216 , 0.86716497 , -0.4955228    ,-30.3125 , 36.25 , -0.6875
244141  , -0.42223078 , -7.9270425 , 9.152874    , 0.034849763 , 0.6542759 , -0.75545263    ,-30.3125 , 36.25 , -0.6875
36163332  , -0.42223078 , -7.9270425 , 9.152874    , 0.034849748 , 0.65427595 , -0.75545263    ,-30.8125 , 35.75 , -3.125
305175  , -0.0 , -8.689782 , 8.240311    , 0.0 , 0.7256238 , -0.6880915    ,-30.8125 , 35.75 , -3.125
40252686  , -0.0 , -8.689782 , 8.240311    , -1.4901161E-8 , 0.7256237 , -0.6880915    ,-30.5625 , 36.0 , -2.125
396728  , -0.50395286 , -8.349273 , 6.6331096    , 0.047207326 , 0.78211 , -0.62134993    ,-30.5625 , 36.0 , -2.125
38970947  , -0.50395286 , -8.349273 , 6.6331096    , 0.04720731 , 0.7821098 , -0.62134993    ,-30.0625 , 36.25 , -1.625
396728  , -1.1849703 , -9.493382 , 8.076866    , 0.09464198 , 0.7582239 , -0.6450887    ,-30.0625 , 36.25 , -1.625
39398194  , -1.1849703 , -9.493382 , 8.076866    , 0.09464198 , 0.7582239 , -0.6450887    ,-29.0625 , 36.5 , -1.375
427246  , -0.10896278 , -11.264028 , 12.176591    , 0.0065688044 , 0.6790494 , -0.7340631    ,-29.0625 , 36.5 , -1.375
38970948  , -0.10896278 , -11.264028 , 12.176591    , 0.0065687746 , 0.6790494 , -0.7340631    ,-28.0625 , 37.0 , -1.875
396729  , 5.284695 , -12.598822 , 17.161638    , -0.24091625 , 0.5743493 , -0.78235686    ,-28.0625 , 37.0 , -1.875
39001465  , 5.284695 , -12.598822 , 17.161638    , -0.24091624 , 0.5743492 , -0.7823568    ,-27.3125 , 37.5 , -3.125
488281  , 11.413852 , -13.525005 , 17.079916    , -0.46406773 , 0.5499036 , -0.6944402    ,-27.3125 , 37.5 , -3.125
41107177  , 11.413852 , -13.525005 , 17.079916    , -0.46406776 , 0.5499037 , -0.69444025    ,-27.0 , 37.75 , -6.3125
701904  , 10.56939 , -18.891422 , 19.381754    , -0.36375952 , 0.6501731 , -0.6670486    ,-27.0 , 37.75 , -6.3125
40618896  , 10.56939 , -18.891422 , 19.381754    , -0.36375943 , 0.6501732 , -0.6670486    ,-27.3125 , 36.5 , -12.1875
549317  , 9.084772 , -19.57244 , 19.340895    , -0.3135135 , 0.67544055 , -0.66745    ,-27.3125 , 36.5 , -12.1875
