76293943  , -1.7297841 , 2.6423476 , -6.1291566    , 0.250876 , -0.38322797 , 0.88893086    ,-0.25 , -39.6875 , 27.6875
274658  , -2.1111538 , 3.5276701 , -6.66035    , 0.2697276 , -0.45070612 , 0.8509471    ,-0.25 , -39.6875 , 27.6875
31890868  , -2.1111538 , 3.5276701 , -6.66035    , 0.2697276 , -0.45070612 , 0.850947    ,-0.25 , -38.5 , 29.625
244141  , -2.3426998 , 3.718355 , -7.04172    , 0.282232 , -0.44796127 , 0.84833694    ,-0.25 , -38.5 , 29.625
28167724  , -2.3426998 , 3.718355 , -7.04172    , 0.28223205 , -0.44796133 , 0.84833705    ,-0.0 , -37.0 , 31.125
244140  , -2.2609777 , 3.6774938 , -7.246025    , 0.26806292 , -0.4360059 , 0.8590932    ,-0.0 , -37.0 , 31.125
32989501  , -2.2609777 , 3.6774938 , -7.246025    , 0.2680629 , -0.4360059 , 0.8590932    ,0.25 , -36.0 , 32.3125
335693  , -1.9885708 , 3.8681788 , -7.4639506    , 0.23019233 , -0.44777137 , 0.8640095    ,0.25 , -36.0 , 32.3125
39215090  , -1.9885708 , 3.8681788 , -7.4639506    , 0.23019227 , -0.44777137 , 0.8640095    ,0.75 , -35.0 , 33.0625
274659  , -2.2609777 , 3.990762 , -7.8589406    , 0.24847242 , -0.43856877 , 0.8636662    ,0.75 , -35.0 , 33.0625
37689210  , -2.2609777 , 3.990762 , -7.8589406    , 0.2484724 , -0.43856877 , 0.86366606    ,1.0 , -34.0 , 34.0625
244140  , -2.4108016 , 4.0588636 , -8.117727    , 0.2567243 , -0.43222505 , 0.8644501    ,1.0 , -34.0 , 34.0625
34881593  , -2.4108016 , 4.0588636 , -8.117727    , 0.2567243 , -0.43222505 , 0.8644501    ,1.5 , -33.75 , 34.0625
4730224  , -2.3699405 , 4.140586 , -8.158588    , 0.25075775 , -0.43810546 , 0.86324066    ,1.5 , -33.75 , 34.0625
39733888  , -2.3699405 , 4.140586 , -8.158588    , 0.2507577 , -0.43810546 , 0.8632406    ,1.5 , -33.5 , 34.3125
8666992  , -1.9885708 , 4.7535014 , -7.7363577    , 0.21393442 , -0.51139104 , 0.83229256    ,1.5 , -33.5 , 34.3125
29357910  , -1.9885708 , 4.7535014 , -7.7363577    , 0.2139344 , -0.5113911 , 0.8322928    ,2.0 , -33.5 , 34.75
52642823  , -1.8387469 , 5.597963 , -6.973618    , 0.20140503 , -0.6131665 , 0.7638474    ,2.0 , -33.5 , 34.75
23986816  , -1.8387469 , 5.597963 , -6.973618    , 0.20140508 , -0.6131666 , 0.7638474    ,2.0 , -33.25 , 35.25
366211  , -1.6889231 , 6.5922484 , -5.407278    , 0.19431034 , -0.75843716 , 0.62210643    ,2.0 , -33.25 , 35.25
244141  , -1.6889231 , 6.5922484 , -5.407278    , 0.19431037 , -0.7584372 , 0.62210655    ,1.5 , -32.75 , 35.5
244140  , -1.607201 , 7.668256 , -3.568531    , 0.18668239 , -0.8906967 , 0.41449827    ,1.5 , -32.75 , 35.5
30303954  , -1.607201 , 7.668256 , -3.568531    , 0.18668245 , -0.8906967 , 0.4144983    ,1.75 , -31.3125 , 35.75
2258300  , -1.7570249 , 7.205164 , -3.568531    , 0.21348545 , -0.8754559 , 0.4335906    ,1.75 , -31.3125 , 35.75
27832030  , -1.7570249 , 7.205164 , -3.568531    , 0.21348548 , -0.8754559 , 0.43359065    ,1.5 , -28.5625 , 37.25
244140  , -2.2201166 , 4.372132 , -4.399372    , 0.337005 , -0.66367245 , 0.66780734    ,1.5 , -28.5625 , 37.25
45013427  , -2.2201166 , 4.372132 , -4.399372    , 0.33700496 , -0.6636724 , 0.66780734    ,2.0 , -25.3125 , 39.1875
244140  , -2.4108016 , 0.92618364 , -5.8158884    , 0.37884745 , -0.14554591 , 0.91394264    ,2.0 , -25.3125 , 39.1875
22918701  , -2.4108016 , 0.92618364 , -5.8158884    , 0.37884742 , -0.1455459 , 0.91394246    ,2.5625 , -20.875 , 41.875
305176  , -1.6889231 , -2.4925237 , -7.246025    , 0.21524112 , 0.3176542 , 0.9234538    ,2.5625 , -20.875 , 41.875
34118652  , -1.6889231 , -2.4925237 , -7.246025    , 0.21524113 , 0.3176543 , 0.9234539    ,1.75 , -15.4375 , 44.8125
427246  , -0.7218784 , -7.082581 , -10.106298    , 0.058394518 , 0.5729274 , 0.81752324    ,1.75 , -15.4375 , 44.8125
41564941  , -0.7218784 , -7.082581 , -10.106298    , 0.05839451 , 0.5729274 , 0.81752324    ,1.25 , -10.25 , 46.5
213623  , -0.50395286 , -9.847511 , -12.721405    , 0.03131038 , 0.61182183 , 0.79037565    ,1.25 , -10.25 , 46.5
20721437  , -0.50395286 , -9.847511 , -12.721405    , 0.03131039 , 0.61182195 , 0.7903757    ,0.25 , -5.0 , 46.75
244141  , -0.61291564 , -11.536434 , -13.593107    , 0.034357775 , 0.64668965 , 0.76197916    ,0.25 , -5.0 , 46.75
52795412  , -0.61291564 , -11.536434 , -13.593107    , 0.034357768 , 0.64668953 , 0.761979    ,-0.75 , -1.3125 , 47.0
6713866  , -0.10896278 , -12.367276 , -13.402422    , 0.0059748385 , 0.67814404 , 0.7349048    ,-0.75 , -1.3125 , 47.0
18310548  , -0.10896278 , -12.367276 , -13.402422    , 0.0059748385 , 0.678144 , 0.7349049    ,-1.5 , 0.4375 , 46.75
274658  , 0.313268 , -12.871228 , -14.015338    , -0.016460538 , 0.6763134 , 0.73643017    ,-1.5 , 0.4375 , 46.75
23956300  , 0.313268 , -12.871228 , -14.015338    , -0.016460536 , 0.6763133 , 0.73643005    ,-2.5625 , -0.3125 , 46.75
213624  , 2.070293 , -16.507862 , -15.826844    , -0.09015903 , 0.71889967 , 0.68924206    ,-2.5625 , -0.3125 , 46.75
44464111  , 2.070293 , -16.507862 , -15.826844    , -0.09015904 , 0.7188997 , 0.6892421    ,-3.8125 , -4.25 , 46.5
274658  , 2.3018389 , -18.38747 , -14.601013    , -0.097568184 , 0.7793909 , 0.6188941    ,-3.8125 , -4.25 , 46.5
36071778  , 2.3018389 , -18.38747 , -14.601013    , -0.09756822 , 0.7793912 , 0.6188942    ,-4.0625 , -11.1875 , 43.3125
213623  , -2.2609777 , -18.38747 , -7.082581    , 0.113997005 , 0.92708415 , 0.3570991    ,-4.0625 , -11.1875 , 43.3125
35003661  , -2.2609777 , -18.38747 , -7.082581    , 0.11399701 , 0.92708415 , 0.35709915    ,-2.5625 , -21.125 , 37.9375
244140  , -6.3607025 , -18.659876 , 0.040861044    , 0.3226451 , 0.94651777 , -0.0020726658    ,-2.5625 , -21.125 , 37.9375
39672851  , -6.3607025 , -18.659876 , 0.040861044    , 0.32264513 , 0.9465177 , -0.002072662    ,1.5 , -30.8125 , 29.625
7293701  , -6.5513873 , -19.57244 , 5.134871    , 0.308026 , 0.92023563 , -0.24142577    ,1.5 , -30.8125 , 29.625
37139892  , -6.5513873 , -19.57244 , 5.134871    , 0.308026 , 0.92023563 , -0.24142577    ,8.375 , -38.0 , 17.9375
9307862  , -5.366417 , -19.6133 , 10.882658    , 0.23268287 , 0.85041463 , -0.471862    ,8.375 , -38.0 , 17.9375
25085449  , -5.366417 , -19.6133 , 10.882658    , 0.23268293 , 0.8504147 , -0.47186208    ,16.0 , -39.6875 , 4.0
274658  , -4.7535014 , -19.6133 , 16.507862    , 0.18231697 , 0.75225353 , -0.6331467    ,16.0 , -39.6875 , 4.0
37536619  , -4.7535014 , -19.6133 , 16.507862    , 0.18231705 , 0.75225353 , -0.63314676    ,22.3125 , -35.25 , -11.4375
213623  , -5.434519 , -19.6133 , 16.970953    , 0.20507924 , 0.74013567 , -0.64042294    ,22.3125 , -35.25 , -11.4375
17059326  , -5.434519 , -19.6133 , 16.970953    , 0.20507929 , 0.74013567 , -0.640423    ,24.875 , -24.375 , -25.625
244141  , -3.636633 , -19.6133 , 19.15021    , 0.13151392 , 0.7092885 , -0.6925414    ,24.875 , -24.375 , -25.625
20263671  , -3.636633 , -19.6133 , 19.15021    , 0.13151391 , 0.7092885 , -0.6925414    ,23.625 , -9.75 , -34.6875
213623  , -0.14982383 , -19.6133 , 19.340895    , 0.005439058 , 0.7120236 , -0.7021344    ,23.625 , -9.75 , -34.6875
56365965  , -0.14982383 , -19.6133 , 19.340895    , 0.005439073 , 0.71202374 , -0.7021345    ,18.5 , 6.875 , -36.625
274658  , -7.3958488 , -19.6133 , 19.340895    , 0.25931197 , 0.6876781 , -0.67812705    ,18.5 , 6.875 , -36.625
11505127  , -7.3958488 , -19.6133 , 19.340895    , 0.2593119 , 0.687678 , -0.67812693    ,11.6875 , 22.0 , -33.6875
213623  , -7.6546354 , -19.504337 , 19.340895    , 0.26844615 , 0.6840122 , -0.6782803    ,11.6875 , 22.0 , -33.6875
36346437  , -7.6546354 , -19.504337 , 19.340895    , 0.26844612 , 0.684012 , -0.6782801    ,5.5625 , 32.375 , -27.0625
244141  , -6.428804 , -17.120777 , 19.340895    , 0.24152039 , 0.64320165 , -0.7266081    ,5.5625 , 32.375 , -27.0625
44097902  , -6.428804 , -17.120777 , 19.340895    , 0.24152046 , 0.64320177 , -0.7266082    ,-0.0 , 39.3125 , -20.5
457764  , -7.7363577 , -13.293459 , 19.340895    , 0.3130724 , 0.5379554 , -0.7826811    ,-0.0 , 39.3125 , -20.5
35491944  , -7.7363577 , -13.293459 , 19.340895    , 0.31307238 , 0.5379554 , -0.782681    ,-3.5625 , 42.0625 , -16.3125
1403808  , -6.701211 , -9.656827 , 19.340895    , 0.29608777 , 0.42667937 , -0.8545624    ,-3.5625 , 42.0625 , -16.3125
35675050  , -6.701211 , -9.656827 , 19.340895    , 0.29608783 , 0.42667946 , -0.8545625    ,-4.5625 , 43.5625 , -14.125
244141  , -6.3607025 , -9.956474 , 19.340895    , 0.2806514 , 0.43930656 , -0.8533725    ,-4.5625 , 43.5625 , -14.125
39367676  , -6.3607025 , -9.956474 , 19.340895    , 0.28065133 , 0.43930647 , -0.85337234    ,-4.8125 , 43.5625 , -16.0625
335693  , -8.730643 , -13.102775 , 19.313654    , 0.35037005 , 0.5258284 , -0.7750777    ,-4.8125 , 43.5625 , -16.0625
35369873  , -8.730643 , -13.102775 , 19.313654    , 0.3503701 , 0.5258285 , -0.77507776    ,-4.8125 , 42.3125 , -21.6875
427246  , -11.141444 , -16.276316 , 19.340895    , 0.40331548 , 0.58919567 , -0.70013213    ,-4.8125 , 42.3125 , -21.6875
32958984  , -11.141444 , -16.276316 , 19.340895    , 0.4033155 , 0.58919567 , -0.70013213    ,-6.0625 , 38.375 , -29.5
427246  , -7.504812 , -17.052675 , 18.496431    , 0.28586206 , 0.6495451 , -0.70453846    ,-6.0625 , 38.375 , -29.5
41351317  , -7.504812 , -17.052675 , 18.496431    , 0.28586206 , 0.649545 , -0.70453846    ,-8.875 , 31.1875 , -37.125
244140  , -4.630918 , -14.396708 , 17.161638    , 0.20245096 , 0.62938446 , -0.7502595    ,-8.875 , 31.1875 , -37.125
36468505  , -4.630918 , -14.396708 , 17.161638    , 0.20245096 , 0.6293842 , -0.75025946    ,-13.6875 , 21.0 , -42.25
305176  , -2.4108016 , -10.882658 , 13.824653    , 0.13575463 , 0.6128132 , -0.7784798    ,-13.6875 , 21.0 , -42.25
39245605  , -2.4108016 , -10.882658 , 13.824653    , 0.13575462 , 0.6128131 , -0.7784797    ,-19.8125 , 8.875 , -43.4375
335694  , -1.2666923 , -8.539958 , 9.847511    , 0.09672256 , 0.65209734 , -0.75194    ,-19.8125 , 8.875 , -43.4375
38513183  , -1.2666923 , -8.539958 , 9.847511    , 0.09672253 , 0.65209734 , -0.75194    ,-25.875 , -3.0625 , -39.8125
396728  , -0.9125633 , -6.973618 , 7.014479    , 0.09187074 , 0.70205665 , -0.7061702    ,-25.875 , -3.0625 , -39.8125
39093016  , -0.9125633 , -6.973618 , 7.014479    , 0.09187068 , 0.7020566 , -0.7061702    ,-31.1875 , -13.1875 , -32.9375
366211  , -0.5720546 , -6.2108784 , 5.597963    , 0.068257004 , 0.7410756 , -0.6679432    ,-31.1875 , -13.1875 , -32.9375
39916994  , -0.5720546 , -6.2108784 , 5.597963    , 0.068256944 , 0.7410755 , -0.6679431    ,-36.0625 , -19.375 , -24.125
366211  , -0.040861044 , -5.134871 , 4.140586    , 0.0061944127 , 0.7784306 , -0.6277001    ,-36.0625 , -19.375 , -24.125
39337159  , -0.040861044 , -5.134871 , 4.140586    , 0.006194383 , 0.77843076 , -0.6277001    ,-39.3125 , -22.375 , -14.375
396729  , 1.0760075 , -5.325556 , 2.5606253    , -0.17914525 , 0.8866555 , -0.42632025    ,-39.3125 , -22.375 , -14.375
38604738  , 1.0760075 , -5.325556 , 2.5606253    , -0.17914523 , 0.88665557 , -0.4263203    ,-41.625 , -21.875 , -5.0625
396729  , 2.3699405 , -5.202973 , 3.6774938    , -0.3486281 , 0.76537895 , -0.5409747    ,-41.625 , -21.875 , -5.0625
39337159  , 2.3699405 , -5.202973 , 3.6774938    , -0.34862816 , 0.765379 , -0.5409747    ,-43.625 , -18.875 , 3.0
396728  , 3.173541 , -8.853226 , 2.4925237    , -0.32617638 , 0.90993404 , -0.25618142    ,-43.625 , -18.875 , 3.0
39550782  , 3.173541 , -8.853226 , 2.4925237    , -0.32617635 , 0.90993404 , -0.25618142    ,-44.4375 , -14.6875 , 9.375
396728  , 4.862464 , -11.413852 , -1.6480621    , -0.388518 , 0.91198343 , 0.13168259    ,-44.4375 , -14.6875 , 9.375
38330078  , 4.862464 , -11.413852 , -1.6480621    , -0.38851795 , 0.9119833 , 0.13168256    ,-44.9375 , -9.0 , 13.5
427246  , 4.862464 , -19.19107 , -14.015338    , -0.20046152 , 0.7911773 , 0.5778009    ,-44.9375 , -9.0 , 13.5
41717529  , 4.862464 , -19.19107 , -14.015338    , -0.20046154 , 0.79117745 , 0.577801    ,-44.4375 , -4.25 , 16.1875
488282  , 7.43671 , -19.6133 , -16.467001    , -0.27886936 , 0.7354794 , 0.61749625    ,-44.4375 , -4.25 , 16.1875
48706054  , 7.43671 , -19.6133 , -16.467001    , -0.27886933 , 0.7354796 , 0.6174964    ,-44.9375 , -3.5625 , 15.25
213623  , 8.308413 , -19.6133 , -9.234595    , -0.35787225 , 0.8448131 , 0.39776617    ,-44.9375 , -3.5625 , 15.25
74584959  , 8.308413 , -19.6133 , -9.234595    , -0.3578723 , 0.84481317 , 0.3977662    ,-44.6875 , -6.5 , 11.0625
244140  , 8.689782 , -19.6133 , -6.469665    , -0.3878245 , 0.8753406 , 0.2887408    ,-44.6875 , -6.5 , 11.0625
15960693  , 8.689782 , -19.6133 , -6.469665    , -0.38782442 , 0.87534034 , 0.28874075    ,-42.375 , -14.1875 , 2.5
1647949  , 3.7864566 , -19.6133 , -0.95342433    , -0.18933992 , 0.9807535 , 0.047675516    ,-42.375 , -14.1875 , 2.5
30822753  , 3.7864566 , -19.6133 , -0.95342433    , -0.18933995 , 0.9807536 , 0.047675513    ,-38.3125 , -20.875 , -10.4375
2471923  , -2.982856 , -19.6133 , 7.205164    , 0.14132261 , 0.9292445 , -0.34136832    ,-38.3125 , -20.875 , -10.4375
36865233  , -2.982856 , -19.6133 , 7.205164    , 0.14132261 , 0.92924464 , -0.34136838    ,-31.5 , -22.875 , -24.125
274659  , -7.5456724 , -19.6133 , 12.571581    , 0.30813727 , 0.80093443 , -0.5133767    ,-31.5 , -22.875 , -24.125
36529541  , -7.5456724 , -19.6133 , 12.571581    , 0.30813727 , 0.80093443 , -0.5133767    ,-24.375 , -19.125 , -35.625
335693  , -16.507862 , -19.6133 , 17.24336    , 0.53431505 , 0.6348297 , -0.55812114    ,-24.375 , -19.125 , -35.625
32104493  , -16.507862 , -19.6133 , 17.24336    , 0.534315 , 0.63482964 , -0.5581211    ,-18.0 , -8.5 , -41.75
244140  , -19.57244 , -19.6133 , 18.46919    , 0.58776546 , 0.58899254 , -0.5546346    ,-18.0 , -8.5 , -41.75
29449464  , -19.57244 , -19.6133 , 18.46919    , 0.5877656 , 0.58899254 , -0.55463475    ,-13.1875 , 4.125 , -42.75
427246  , -15.132206 , -19.6133 , 19.340895    , 0.48148412 , 0.62406576 , -0.6153982    ,-13.1875 , 4.125 , -42.75
29571533  , -15.132206 , -19.6133 , 19.340895    , 0.48148403 , 0.62406576 , -0.6153981    ,-10.9375 , 16.0625 , -39.8125
335693  , -11.223166 , -19.504337 , 19.340895    , 0.37823644 , 0.6573235 , -0.6518153    ,-10.9375 , 16.0625 , -39.8125
26702882  , -11.223166 , -19.504337 , 19.340895    , 0.37823635 , 0.65732336 , -0.6518151    ,-10.125 , 25.4375 , -35.125
366211  , -6.932757 , -14.206022 , 19.340895    , 0.27754474 , 0.5687213 , -0.7742899    ,-10.125 , 25.4375 , -35.125
52978516  , -6.932757 , -14.206022 , 19.340895    , 0.2775447 , 0.5687213 , -0.77428985    ,-11.1875 , 31.4375 , -30.25
244141  , -5.6660647 , -11.073342 , 19.340895    , 0.24639873 , 0.4815437 , -0.8410727    ,-11.1875 , 31.4375 , -30.25
61553955  , -5.6660647 , -11.073342 , 19.340895    , 0.24639873 , 0.48154366 , -0.8410727    ,-13.4375 , 33.625 , -26.375
305176  , -1.4165162 , -6.2108784 , 19.340895    , 0.06956323 , 0.30500805 , -0.94980586    ,-13.4375 , 33.625 , -26.375
53375244  , -1.4165162 , -6.2108784 , 19.340895    , 0.06956324 , 0.305008 , -0.94980574    ,-15.5 , 33.125 , -25.375
2136230  , 3.405087 , -6.973618 , 19.340895    , -0.16339368 , 0.3346302 , -0.92807597    ,-15.5 , 33.125 , -25.375
27587890  , 3.405087 , -6.973618 , 19.340895    , -0.16339365 , 0.33463016 , -0.9280759    ,-18.0 , 29.9375 , -26.8125
244141  , 8.117727 , -10.691973 , 19.313654    , -0.3451282 , 0.45457312 , -0.8211271    ,-18.0 , 29.9375 , -26.8125
42968748  , 8.117727 , -10.691973 , 19.313654    , -0.34512812 , 0.45457315 , -0.8211272    ,-21.0625 , 23.0 , -30.25
213623  , 11.141444 , -9.80665 , 16.930092    , -0.49484274 , 0.43555862 , -0.7519435    ,-21.0625 , 23.0 , -30.25
37261962  , 11.141444 , -9.80665 , 16.930092    , -0.49484307 , 0.43555868 , -0.75194365    ,-24.625 , 12.8125 , -32.1875
274658  , 12.680544 , -8.158588 , 17.62473    , -0.54670244 , 0.3517452 , -0.75986314    ,-24.625 , 12.8125 , -32.1875
48522947  , 12.680544 , -8.158588 , 17.62473    , -0.5467023 , 0.3517451 , -0.75986326    ,-28.1875 , 0.1875 , -29.75
244141  , 7.8180795 , -4.372132 , 12.680544    , -0.50357115 , 0.2816138 , -0.8167678    ,-28.1875 , 0.1875 , -29.75
29083252  , 7.8180795 , -4.372132 , 12.680544    , -0.5035712 , 0.28161386 , -0.8167679    ,-29.9375 , -12.9375 , -23.1875
213623  , 5.175732 , -0.27240697 , 8.430995    , -0.52297705 , 0.027525127 , -0.8519021    ,-29.9375 , -12.9375 , -23.1875
44158937  , 5.175732 , -0.27240697 , 8.430995    , -0.5229771 , 0.027525127 , -0.8519021    ,-29.6875 , -24.625 , -12.1875
366210  , 2.2201166 , 2.3426998 , 11.141444    , -0.19139723 , -0.20196518 , -0.96050876    ,-29.6875 , -24.625 , -12.1875
36499025  , 2.2201166 , 2.3426998 , 11.141444    , -0.19139719 , -0.20196514 , -0.9605086    ,-26.125 , -33.0 , -1.1875
457764  , 4.2904096 , 4.0180025 , 6.4015636    , -0.4936661 , -0.46232226 , -0.73658127    ,-26.125 , -33.0 , -1.1875
39031983  , 4.2904096 , 4.0180025 , 6.4015636    , -0.49366623 , -0.46232235 , -0.7365814    ,-19.8125 , -37.25 , 10.3125
488281  , 1.9885708 , 3.0237172 , 4.0588636    , -0.36568174 , -0.5560366 , -0.7463915    ,-19.8125 , -37.25 , 10.3125
37139893  , 1.9885708 , 3.0237172 , 4.0588636    , -0.36568177 , -0.5560366 , -0.7463915    ,-12.4375 , -38.75 , 19.625
244141  , 1.1168685 , 0.313268 , 0.23154591    , -0.94421434 , -0.2648406 , -0.19575174    ,-12.4375 , -38.75 , 19.625
33416748  , 1.1168685 , 0.313268 , 0.23154591    , -0.9442142 , -0.2648406 , -0.19575176    ,-4.8125 , -37.75 , 25.75
7263184  , -0.9942854 , -0.27240697 , 0.95342433    , 0.7080708 , 0.19399199 , -0.67897195    ,-4.8125 , -37.75 , 25.75
244140  , -0.9942854 , -0.27240697 , 0.95342433    , 0.7080707 , 0.19399197 , -0.6789719    ,2.0 , -35.75 , 30.875
3143311  , -2.7921712 , -2.0294318 , 0.040861044    , 0.80884993 , 0.5878959 , -0.011836857    ,2.0 , -35.75 , 30.875
274658  , -2.7921712 , -2.0294318 , 0.040861044    , 0.80884993 , 0.58789575 , -0.0118368715    ,7.375 , -33.25 , 32.8125
518798  , -4.2086873 , -2.8738933 , -1.2666923    , 0.8014465 , 0.54726607 , 0.24121207    ,7.375 , -33.25 , 32.8125
32897950  , -4.2086873 , -2.8738933 , -1.2666923    , 0.80144656 , 0.54726607 , 0.24121208    ,11.9375 , -31.0625 , 34.0625
244141  , -5.8976107 , -4.7535014 , -2.3426998    , 0.7438215 , 0.5995236 , 0.2954672    ,11.9375 , -31.0625 , 34.0625
45928954  , -5.8976107 , -4.7535014 , -2.3426998    , 0.7438215 , 0.59952366 , 0.2954672    ,16.5 , -28.8125 , 35.5
488281  , -9.724928 , -8.049625 , -3.214402    , 0.74652016 , 0.61791795 , 0.24674894    ,16.5 , -28.8125 , 35.5
34240721  , -9.724928 , -8.049625 , -3.214402    , 0.7465201 , 0.6179179 , 0.24674897    ,19.5625 , -26.0625 , 35.75
427246  , -12.53072 , -11.563675 , -5.597963    , 0.6982288 , 0.64434373 , 0.31192613    ,19.5625 , -26.0625 , 35.75
37811278  , -12.53072 , -11.563675 , -5.597963    , 0.6982287 , 0.6443437 , 0.31192613    ,21.5625 , -25.8125 , 36.25
427246  , -14.47843 , -14.206022 , -5.053149    , 0.69262075 , 0.67958933 , 0.24173309    ,21.5625 , -25.8125 , 36.25
40802000  , -14.47843 , -14.206022 , -5.053149    , 0.6926209 , 0.6795894 , 0.24173316    ,21.8125 , -26.5625 , 35.25
213623  , -12.067628 , -15.091345 , -1.7570249    , 0.6219572 , 0.7777975 , 0.09055588    ,21.8125 , -26.5625 , 35.25
37078857  , -12.067628 , -15.091345 , -1.7570249    , 0.6219573 , 0.77779764 , 0.09055583    ,19.0625 , -30.0625 , 32.0625
244140  , -8.580819 , -16.739407 , 2.9147544    , 0.45078987 , 0.879398 , -0.15312548    ,19.0625 , -30.0625 , 32.0625
29418947  , -8.580819 , -16.739407 , 2.9147544    , 0.45078996 , 0.8793981 , -0.15312548    ,13.6875 , -35.25 , 28.4375
244141  , -3.718355 , -19.109348 , 8.308413    , 0.17567119 , 0.9028084 , -0.39252543    ,13.6875 , -35.25 , 28.4375
33264161  , -3.718355 , -19.109348 , 8.308413    , 0.17567122 , 0.90280855 , -0.39252543    ,4.8125 , -38.5 , 23.3125
213623  , 1.8387469 , -19.6133 , 11.686258    , -0.080277696 , 0.8562954 , -0.5102094    ,4.8125 , -38.5 , 23.3125
35919191  , 1.8387469 , -19.6133 , 11.686258    , -0.08027771 , 0.85629547 , -0.5102094    ,-7.125 , -39.4375 , 18.375
244141  , 10.038197 , -19.6133 , 13.715691    , -0.38678113 , 0.7557188 , -0.5284784    ,-7.125 , -39.4375 , 18.375
32287599  , 10.038197 , -19.6133 , 13.715691    , -0.38678116 , 0.75571895 , -0.52847844    ,-20.0625 , -33.75 , 13.5
213623  , 16.208214 , -19.6133 , 17.24336    , -0.52733105 , 0.6381148 , -0.5610093    ,-20.0625 , -33.75 , 13.5
36499025  , 16.208214 , -19.6133 , 17.24336    , -0.527331 , 0.63811475 , -0.5610092    ,-31.1875 , -21.875 , 8.375
305176  , 19.231932 , -19.6133 , 18.537292    , -0.58034486 , 0.59185314 , -0.55938333    ,-31.1875 , -21.875 , 8.375
31097412  , 19.231932 , -19.6133 , 18.537292    , -0.58034503 , 0.5918532 , -0.55938345    ,-35.5625 , -4.5 , 4.1875
305176  , 19.57244 , -19.6133 , 10.378705    , -0.66148794 , 0.6628689 , -0.3507682    ,-35.5625 , -4.5 , 4.1875
29815674  , 19.57244 , -19.6133 , 10.378705    , -0.661488 , 0.662869 , -0.35076818    ,-31.75 , 14.8125 , 1.5
366211  , 19.57244 , -18.687117 , 12.789507    , -0.6539204 , 0.62434155 , -0.42730075    ,-31.75 , 14.8125 , 1.5
27465821  , 19.57244 , -18.687117 , 12.789507    , -0.6539203 , 0.6243414 , -0.42730072    ,-23.375 , 29.9375 , -0.6875
213623  , 19.57244 , -18.04696 , 5.9793324    , -0.717307 , 0.6614001 , -0.21913561    ,-23.375 , 29.9375 , -0.6875
29296875  , 19.57244 , -18.04696 , 5.9793324    , -0.7173071 , 0.6614001 , -0.21913558    ,-13.6875 , 39.8125 , -1.875
244140  , 19.504337 , -19.6133 , 0.08172209    , -0.7051313 , 0.7090705 , -0.002954457    ,-13.6875 , 39.8125 , -1.875
29388427  , 19.504337 , -19.6133 , 0.08172209    , -0.7051313 , 0.70907056 , -0.002954457    ,-6.375 , 43.8125 , -2.375
213623  , 18.087822 , -19.6133 , -1.3075534    , -0.6771282 , 0.73423535 , 0.048949033    ,-6.375 , 43.8125 , -2.375
32592773  , 18.087822 , -19.6133 , -1.3075534    , -0.67712814 , 0.73423535 , 0.048949026    ,-2.8125 , 44.8125 , -2.625
274658  , 18.087822 , -19.6133 , 3.5276701    , -0.67209166 , 0.72877395 , -0.13107812    ,-2.8125 , 44.8125 , -2.625
36254882  , 18.087822 , -19.6133 , 3.5276701    , -0.6720915 , 0.72877395 , -0.1310781    ,-1.25 , 44.5625 , -0.1875
305176  , 18.8097 , -16.04477 , 9.425281    , -0.7109017 , 0.60640275 , -0.35622302    ,-1.25 , 44.5625 , -0.1875
42846678  , 18.8097 , -16.04477 , 9.425281    , -0.7109016 , 0.6064027 , -0.35622296    ,-1.25 , 43.8125 , 3.75
396729  , 17.120777 , -9.00305 , 11.114203    , -0.7674306 , 0.4035573 , -0.49818873    ,-1.25 , 43.8125 , 3.75
71899414  , 17.120777 , -9.00305 , 11.114203    , -0.7674304 , 0.4035573 , -0.49818873    ,-4.8125 , 42.5625 , 8.625
244140  , 11.536434 , -5.134871 , 12.340035    , -0.653402 , 0.29082945 , -0.69891655    ,-4.8125 , 42.5625 , 8.625
6652833  , 11.536434 , -5.134871 , 12.340035    , -0.6534019 , 0.29082948 , -0.69891644    ,-12.125 , 40.3125 , 12.1875
274658  , 7.8861814 , -5.134871 , 12.830367    , -0.49562657 , 0.32271367 , -0.8063562    ,-12.125 , 40.3125 , 12.1875
36041262  , 7.8861814 , -5.134871 , 12.830367    , -0.4956266 , 0.32271373 , -0.8063562    ,-20.75 , 37.5 , 12.3125
274658  , 4.4810944 , -8.158588 , 12.53072    , -0.28707173 , 0.5226626 , -0.80275387    ,-20.75 , 37.5 , 12.3125
39489747  , 4.4810944 , -8.158588 , 12.53072    , -0.2870717 , 0.52266246 , -0.8027537    ,-29.5625 , 33.5 , 8.3125
274658  , 1.7297841 , -8.962189 , 15.976667    , -0.09400909 , 0.48707056 , -0.86828834    ,-29.5625 , 33.5 , 8.3125
43182374  , 1.7297841 , -8.962189 , 15.976667    , -0.0940091 , 0.48707065 , -0.8682885    ,-34.375 , 28.8125 , 0.5
366211  , -2.1111538 , -12.408136 , 14.437569    , 0.11022203 , 0.64782107 , -0.75377643    ,-34.375 , 28.8125 , 0.5
36376954  , -2.1111538 , -12.408136 , 14.437569    , 0.11022204 , 0.647821 , -0.7537763    ,-36.4375 , 22.4375 , -10.6875
457764  , -6.891896 , -19.000385 , 14.9006605    , 0.2744616 , 0.7566678 , -0.59340113    ,-36.4375 , 22.4375 , -10.6875
38970948  , -6.891896 , -19.000385 , 14.9006605    , 0.27446157 , 0.7566678 , -0.59340113    ,-35.1875 , 15.5 , -21.8125
457764  , -7.273266 , -19.6133 , 12.762266    , 0.2968167 , 0.8004046 , -0.5208188    ,-35.1875 , 15.5 , -21.8125
38482666  , -7.273266 , -19.6133 , 12.762266    , 0.29681665 , 0.80040455 , -0.52081877    ,-30.5625 , 11.125 , -31.1875
427246  , 10.269742 , -19.6133 , 19.340895    , -0.34933943 , 0.6671734 , -0.6579071    ,-30.5625 , 11.125 , -31.1875
39550781  , 10.269742 , -19.6133 , 19.340895    , -0.34933943 , 0.6671734 , -0.6579072    ,-22.125 , 8.6875 , -38.125
427246  , 19.57244 , -19.6133 , 19.340895    , -0.5792204 , 0.5804297 , -0.57236814    ,-22.125 , 8.6875 , -38.125
38116454  , 19.57244 , -19.6133 , 19.340895    , -0.5792204 , 0.5804296 , -0.5723681    ,-11.25 , 8.4375 , -41.8125
42968749  , 19.57244 , -19.6133 , 19.340895    , -0.5792204 , 0.5804297 , -0.5723681    ,-0.0625 , 7.0 , -43.6875
38208006  , 19.57244 , -19.6133 , 19.340895    , -0.57922024 , 0.58042943 , -0.572368    ,9.3125 , 1.5625 , -43.4375
793457  , 19.57244 , -19.6133 , 14.1787815    , -0.6288222 , 0.63013506 , -0.4555351    ,9.3125 , 1.5625 , -43.4375
49835203  , 19.57244 , -19.6133 , 14.1787815    , -0.62882227 , 0.63013506 , -0.45553517    ,11.0625 , -9.375 , -41.0
274658  , 15.28203 , -18.8097 , 8.921328    , -0.5917513 , 0.7283498 , -0.34545195    ,11.0625 , -9.375 , -41.0
35644531  , 15.28203 , -18.8097 , 8.921328    , -0.5917513 , 0.72834986 , -0.34545195    ,6.5625 , -21.125 , -37.5
305175  , 11.182305 , -16.630445 , 5.7477865    , -0.5363647 , 0.7976874 , -0.2756954    ,6.5625 , -21.125 , -37.5
40039064  , 11.182305 , -16.630445 , 5.7477865    , -0.53636473 , 0.7976873 , -0.27569532    ,-3.125 , -29.6875 , -32.8125
366211  , 12.367276 , -16.970953 , 3.990762    , -0.5785872 , 0.79396427 , -0.18670268    ,-3.125 , -29.6875 , -32.8125
37994387  , 12.367276 , -16.970953 , 3.990762    , -0.57858706 , 0.79396415 , -0.18670268    ,-15.5 , -33.8125 , -27.625
457764  , 14.015338 , -17.052675 , 5.7477865    , -0.6144592 , 0.7476219 , -0.25199395    ,-15.5 , -33.8125 , -27.625
39184571  , 14.015338 , -17.052675 , 5.7477865    , -0.6144594 , 0.7476221 , -0.25199398    ,-26.3125 , -32.125 , -22.875
518799  , 16.317177 , -19.57244 , 6.2108784    , -0.62212914 , 0.74624336 , -0.23680371    ,-26.3125 , -32.125 , -22.875
39520265  , 16.317177 , -19.57244 , 6.2108784    , -0.6221291 , 0.7462433 , -0.23680371    ,-33.4375 , -28.6875 , -20.1875
518799  , 18.428331 , -19.422615 , 0.040861044    , -0.6882942 , 0.7254304 , -0.0015262067    ,-33.4375 , -28.6875 , -20.1875
38330079  , 18.428331 , -19.422615 , 0.040861044    , -0.6882941 , 0.72543037 , -0.0015261471    ,-33.4375 , -28.0 , -19.625
244141  , 19.57244 , -19.6133 , -3.1463003    , -0.70185876 , 0.70332396 , 0.11282489    ,-33.4375 , -28.0 , -19.625
40130615  , 19.57244 , -19.6133 , -3.1463003    , -0.70185864 , 0.70332396 , 0.11282486    ,-27.625 , -29.0 , -22.0625
244141  , 19.272793 , -19.6133 , 15.595298    , -0.6096619 , 0.6204333 , -0.49333057    ,-27.625 , -29.0 , -22.0625
38330078  , 19.272793 , -19.6133 , 15.595298    , -0.6096619 , 0.62043333 , -0.49333066    ,-13.875 , -28.9375 , -27.125
366211  , 11.645397 , -19.6133 , 19.340895    , -0.38940045 , 0.6558323 , -0.64672357    ,-13.875 , -28.9375 , -27.125
39947509  , 11.645397 , -19.6133 , 19.340895    , -0.3894004 , 0.65583223 , -0.64672357    ,1.8125 , -22.0 , -31.3125
457763  , -1.1168685 , -19.6133 , 19.109348    , 0.040752497 , 0.71565366 , -0.69726527    ,1.8125 , -22.0 , -31.3125
39916991  , -1.1168685 , -19.6133 , 19.109348    , 0.040752515 , 0.71565366 , -0.6972654    ,11.875 , -9.125 , -35.0
457763  , -19.6133 , -19.6133 , 0.92618364    , 0.70671284 , 0.70671284 , -0.03337255    ,11.875 , -9.125 , -35.0
71228025  , -19.6133 , -19.6133 , 0.92618364    , 0.7067129 , 0.7067129 , -0.03337255    ,16.9375 , 3.75 , -37.4375
274658  , -16.507862 , -13.988097 , 8.158588    , 0.7138713 , 0.60490584 , -0.35281262    ,16.9375 , 3.75 , -37.4375
5493165  , -16.507862 , -13.988097 , 8.158588    , 0.71387124 , 0.6049057 , -0.35281256    ,14.375 , 14.4375 , -38.6875
244140  , -12.789507 , -7.3141265 , 16.821129    , 0.5719536 , 0.3270917 , -0.75224996    ,14.375 , 14.4375 , -38.6875
42938230  , -12.789507 , -7.3141265 , 16.821129    , 0.57195365 , 0.32709166 , -0.75224996    ,8.1875 , 18.5625 , -40.4375
244140  , -14.560152 , -13.211738 , 19.19107    , 0.5299525 , 0.48087367 , -0.6985062    ,8.1875 , 18.5625 , -40.4375
36468508  , -14.560152 , -13.211738 , 19.19107    , 0.5299524 , 0.48087358 , -0.69850606    ,2.875 , 18.9375 , -42.6875
366211  , -14.859799 , -7.9270425 , 19.340895    , 0.5794178 , 0.30909356 , -0.754146    ,2.875 , 18.9375 , -42.6875
38848879  , -14.859799 , -7.9270425 , 19.340895    , 0.5794177 , 0.30909362 , -0.7541459    ,0.3125 , 17.75 , -43.375
1892090  , -10.228881 , -8.771504 , 19.340895    , 0.43394187 , 0.3721153 , -0.82050264    ,0.3125 , 17.75 , -43.375
37841798  , -10.228881 , -8.771504 , 19.340895    , 0.43394187 , 0.37211525 , -0.8205027    ,-0.1875 , 13.25 , -44.625
488281  , -6.0201936 , -5.7886477 , 19.340895    , 0.2857632 , 0.27477232 , -0.91806287    ,-0.1875 , 13.25 , -44.625
39245606  , -6.0201936 , -5.7886477 , 19.340895    , 0.2857632 , 0.27477232 , -0.9180629    ,1.125 , 4.8125 , -44.375
457763  , -2.4516625 , -3.6774938 , 19.340895    , 0.12357499 , 0.18536247 , -0.9748694    ,1.125 , 4.8125 , -44.375
39001466  , -2.4516625 , -3.6774938 , 19.340895    , 0.12357495 , 0.18536244 , -0.97486925    ,5.0625 , -6.3125 , -41.875
457764  , -0.9942854 , -4.0180025 , 19.313654    , 0.050337903 , 0.20342031 , -0.97779673    ,5.0625 , -6.3125 , -41.875
38116455  , -0.9942854 , -4.0180025 , 19.313654    , 0.050337914 , 0.20342031 , -0.97779673    ,8.9375 , -18.3125 , -36.3125
244141  , -1.0351465 , -2.3426998 , 19.041246    , 0.053878173 , 0.12193479 , -0.9910747    ,8.9375 , -18.3125 , -36.3125
39886474  , -1.0351465 , -2.3426998 , 19.041246    , 0.053878162 , 0.1219348 , -0.99107474    ,13.8125 , -28.5 , -26.8125
305176  , -2.6423476 , -4.9850473 , 14.601013    , 0.16880572 , 0.3184685 , -0.93278205    ,13.8125 , -28.5 , -26.8125
39459228  , -2.6423476 , -4.9850473 , 14.601013    , 0.16880572 , 0.31846848 , -0.93278205    ,19.4375 , -34.9375 , -15.8125
427246  , -3.214402 , -8.240311 , 11.958665    , 0.21610439 , 0.5539965 , -0.8039816    ,19.4375 , -34.9375 , -15.8125
53131102  , -3.214402 , -8.240311 , 11.958665    , 0.21610445 , 0.5539966 , -0.8039818    ,23.9375 , -37.3125 , -3.5
457764  , -4.140586 , -10.106298 , 7.3141265    , 0.3150049 , 0.7688606 , -0.5564395    ,23.9375 , -37.3125 , -3.5
38421630  , -4.140586 , -10.106298 , 7.3141265    , 0.31500494 , 0.7688608 , -0.55643964    ,28.25 , -36.0625 , 9.0
549316  , -3.0237172 , -9.697687 , 3.1054392    , 0.28465933 , 0.9129615 , -0.29235286    ,28.25 , -36.0625 , 9.0
38238524  , -3.0237172 , -9.697687 , 3.1054392    , 0.28465936 , 0.91296154 , -0.29235286    ,30.5 , -31.875 , 18.75
213623  , -1.607201 , -9.888372 , 0.6946377    , 0.16004492 , 0.9846832 , -0.06917196    ,30.5 , -31.875 , 18.75
36468505  , -1.607201 , -9.888372 , 0.6946377    , 0.16004494 , 0.9846833 , -0.06917198    ,31.0 , -26.625 , 26.375
213623  , -0.7627395 , -13.252599 , -1.0351465    , 0.057284962 , 0.99532616 , 0.07774387    ,31.0 , -26.625 , 26.375
43762206  , -0.7627395 , -13.252599 , -1.0351465    , 0.057284966 , 0.99532616 , 0.07774388    ,31.5625 , -21.4375 , 30.5
366211  , -3.8681788 , -16.780268 , -0.27240697    , 0.2246003 , 0.97432244 , 0.01581692    ,31.5625 , -21.4375 , 30.5
37872316  , -3.8681788 , -16.780268 , -0.27240697    , 0.22460032 , 0.9743224 , 0.015816927    ,31.25 , -17.75 , 31.75
732422  , -6.851035 , -19.504337 , -3.5957718    , 0.3265044 , 0.92953146 , 0.1713661    ,31.25 , -17.75 , 31.75
35217287  , -6.851035 , -19.504337 , -3.5957718    , 0.3265044 , 0.9295314 , 0.17136613    ,32.0625 , -17.0 , 30.5
274658  , -6.3607025 , -19.6133 , 1.6889231    , 0.30745888 , 0.9480531 , -0.08163793    ,32.0625 , -17.0 , 30.5
39611818  , -6.3607025 , -19.6133 , 1.6889231    , 0.30745885 , 0.94805306 , -0.081637904    ,32.0625 , -20.1875 , 23.625
305176  , 7.6954966 , -19.6133 , 15.431854    , -0.2946662 , 0.7510076 , -0.59089696    ,32.0625 , -20.1875 , 23.625
33264161  , 7.6954966 , -19.6133 , 15.431854    , -0.2946662 , 0.7510076 , -0.59089696    ,27.75 , -25.375 , 10.4375
335693  , 17.079916 , -19.6133 , 19.340895    , -0.52697843 , 0.6051427 , -0.596738    ,27.75 , -25.375 , 10.4375
35858155  , 17.079916 , -19.6133 , 19.340895    , -0.52697843 , 0.60514265 , -0.596738    ,19.875 , -28.125 , -7.625
427246  , 17.502148 , -19.6133 , 19.340895    , -0.5362914 , 0.6009802 , -0.59263337    ,19.875 , -28.125 , -7.625
87066650  , 17.502148 , -19.6133 , 19.340895    , -0.5362914 , 0.60098016 , -0.59263337    ,12.625 , -22.875 , -25.6875
274659  , 19.422615 , -19.6133 , 19.340895    , -0.5762627 , 0.5819202 , -0.57383806    ,12.625 , -22.875 , -25.6875
213623  , 19.422615 , -19.6133 , 19.340895    , -0.5762626 , 0.5819202 , -0.57383806    ,1.9375 , -10.6875 , -38.125
213623  , 19.57244 , -19.504337 , 19.340895    , -0.58030444 , 0.57828534 , -0.5734395    ,1.9375 , -10.6875 , -38.125
24169921  , 19.57244 , -19.504337 , 19.340895    , -0.58030444 , 0.5782853 , -0.57343936    ,-3.375 , 5.125 , -43.75
244140  , 19.57244 , -18.237646 , 19.340895    , -0.59289676 , 0.5524627 , -0.5858827    ,-3.375 , 5.125 , -43.75
33782959  , 19.57244 , -18.237646 , 19.340895    , -0.59289676 , 0.55246264 , -0.5858827    ,-2.125 , 18.0 , -44.75
274659  , 19.57244 , -19.6133 , 19.340895    , -0.5792203 , 0.5804297 , -0.5723681    ,-2.125 , 18.0 , -44.75
39733886  , 19.57244 , -19.6133 , 19.340895    , -0.5792204 , 0.5804296 , -0.57236814    ,0.9375 , 21.5 , -45.75
274658  , 18.891422 , -19.6133 , 19.340895    , -0.5655919 , 0.5872042 , -0.5790486    ,0.9375 , 21.5 , -45.75
29357909  , 18.891422 , -19.6133 , 19.340895    , -0.56559175 , 0.5872042 , -0.57904863    ,8.5625 , 18.0 , -46.1875
244141  , 17.474907 , -18.8097 , 18.115063    , -0.55613875 , 0.5986185 , -0.5765116    ,8.5625 , 18.0 , -46.1875
32562255  , 17.474907 , -18.8097 , 18.115063    , -0.55613875 , 0.5986185 , -0.5765117    ,14.375 , 10.375 , -47.1875
213623  , 14.246883 , -13.293459 , 11.141444    , -0.634719 , 0.59224266 , -0.49636728    ,14.375 , 10.375 , -47.1875
36285399  , 14.246883 , -13.293459 , 11.141444    , -0.634719 , 0.59224254 , -0.49636722    ,17.1875 , 1.1875 , -47.6875
244141  , 9.152874 , -9.80665 , 7.014479    , -0.6046431 , 0.64783186 , -0.4633798    ,17.1875 , 1.1875 , -47.6875
32196046  , 9.152874 , -9.80665 , 7.014479    , -0.604643 , 0.6478318 , -0.46337968    ,17.1875 , -7.0 , -46.6875
274658  , 7.8861814 , -16.358038 , 7.164303    , -0.4039659 , 0.8379327 , -0.366988    ,17.1875 , -7.0 , -46.6875
37261964  , 7.8861814 , -16.358038 , 7.164303    , -0.40396595 , 0.8379328 , -0.366988    ,17.9375 , -13.9375 , -43.5
213623  , 16.930092 , -19.6133 , 9.466142    , -0.61374867 , 0.7110201 , -0.34316593    ,17.9375 , -13.9375 , -43.5
43090822  , 16.930092 , -19.6133 , 9.466142    , -0.61374855 , 0.7110202 , -0.343166    ,22.25 , -19.875 , -37.1875
213623  , 19.57244 , -19.6133 , 9.534244    , -0.6679337 , 0.6693282 , -0.32536787    ,22.25 , -19.875 , -37.1875
36437990  , 19.57244 , -19.6133 , 9.534244    , -0.66793394 , 0.6693284 , -0.325368    ,29.125 , -18.625 , -31.8125
213624  , 16.249075 , -19.6133 , 19.272793    , -0.50873977 , 0.6140699 , -0.60340893    ,29.125 , -18.625 , -31.8125
28961182  , 16.249075 , -19.6133 , 19.272793    , -0.5087398 , 0.6140698 , -0.60340893    ,31.9375 , -10.9375 , -30.0625
244140  , 16.698545 , -19.6133 , 19.340895    , -0.51840013 , 0.6088876 , -0.6004309    ,31.9375 , -10.9375 , -30.0625
30334473  , 16.698545 , -19.6133 , 19.340895    , -0.51840013 , 0.60888755 , -0.6004308    ,27.875 , 0.9375 , -31.3125
244141  , 14.09706 , -19.6133 , 19.340895    , -0.45557922 , 0.6338494 , -0.62504596    ,27.875 , 0.9375 , -31.3125
39398193  , 14.09706 , -19.6133 , 19.340895    , -0.4555793 , 0.6338495 , -0.62504613    ,17.6875 , 13.8125 , -35.4375
244141  , -0.3405087 , -19.6133 , 19.340895    , 0.012360737 , 0.71197987 , -0.70209134    ,17.6875 , 13.8125 , -35.4375
28564453  , -0.3405087 , -19.6133 , 19.340895    , 0.0123607665 , 0.71197975 , -0.7020913    ,5.5 , 19.5 , -39.875
213623  , -4.3312707 , -19.6133 , 19.340895    , 0.15533234 , 0.7033917 , -0.6936224    ,5.5 , 19.5 , -39.875
29113769  , -4.3312707 , -19.6133 , 19.340895    , 0.15533231 , 0.70339173 , -0.6936224    ,-1.0625 , 18.25 , -41.5625
244141  , 3.8273177 , -19.15021 , 19.340895    , -0.13924892 , 0.69674027 , -0.7036779    ,-1.0625 , 18.25 , -41.5625
40588378  , 3.8273177 , -19.15021 , 19.340895    , -0.13924895 , 0.6967403 , -0.7036781    ,-1.8125 , 12.8125 , -43.0
427246  , 3.255263 , -18.768839 , 19.313654    , -0.120000124 , 0.69188344 , -0.7119671    ,-1.8125 , 12.8125 , -43.0
38269042  , 3.255263 , -18.768839 , 19.313654    , -0.12000009 , 0.6918833 , -0.7119671    ,1.9375 , 4.625 , -44.0
244141  , 2.070293 , -14.1787815 , 19.340895    , -0.086009175 , 0.5890496 , -0.80350673    ,1.9375 , 4.625 , -44.0
37994383  , 2.070293 , -14.1787815 , 19.340895    , -0.08600919 , 0.5890496 , -0.8035067    ,7.8125 , -2.5625 , -43.0
366211  , 3.2961242 , -12.067628 , 19.041246    , -0.14467525 , 0.5296789 , -0.8357688    ,7.8125 , -2.5625 , -43.0
39703367  , 3.2961242 , -12.067628 , 19.041246    , -0.14467528 , 0.52967894 , -0.83576876    ,14.375 , -10.5 , -39.625
366211  , 2.3426998 , -11.114203 , 16.86199    , -0.115229204 , 0.5466689 , -0.82938254    ,14.375 , -10.5 , -39.625
38146971  , 2.3426998 , -11.114203 , 16.86199    , -0.115229234 , 0.54666895 , -0.82938254    ,21.75 , -17.1875 , -32.75
366210  , -0.0 , -15.622539 , 9.575105    , 1.4901161E-8 , 0.8526013 , -0.52256215    ,21.75 , -17.1875 , -32.75
61340334  , -0.0 , -15.622539 , 9.575105    , -2.9802322E-8 , 0.8526013 , -0.5225621    ,28.375 , -22.125 , -24.4375
244141  , -2.2201166 , -14.09706 , 3.759216    , 0.15043853 , 0.95523846 , -0.25473025    ,28.375 , -22.125 , -24.4375
18157959  , -2.2201166 , -14.09706 , 3.759216    , 0.15043852 , 0.95523846 , -0.25473028    ,32.1875 , -27.3125 , -14.9375
305176  , -2.1383946 , -13.443283 , 1.6480621    , 0.15595402 , 0.9804242 , -0.120193854    ,32.1875 , -27.3125 , -14.9375
39978028  , -2.1383946 , -13.443283 , 1.6480621    , 0.155954 , 0.9804242 , -0.12019386    ,34.1875 , -29.8125 , -5.625
274658  , -2.5606253 , -13.021052 , 0.313268    , 0.1929033 , 0.9809339 , -0.02359987    ,34.1875 , -29.8125 , -5.625
38726807  , -2.5606253 , -13.021052 , 0.313268    , 0.19290334 , 0.980934 , -0.02359988    ,34.9375 , -31.0625 , 1.0
457764  , -3.336985 , -12.489859 , -1.0760075    , 0.2572322 , 0.96278334 , 0.08294425    ,34.9375 , -31.0625 , 1.0
41870118  , -3.336985 , -12.489859 , -1.0760075    , 0.25723222 , 0.9627835 , 0.08294427    ,34.1875 , -31.8125 , 6.125
396728  , -5.134871 , -15.009624 , -0.95342433    , 0.32310462 , 0.9444597 , 0.059992906    ,34.1875 , -31.8125 , 6.125
35919189  , -5.134871 , -15.009624 , -0.95342433    , 0.3231047 , 0.9444599 , 0.059992913    ,33.9375 , -31.5625 , 8.0625
427246  , -5.284695 , -19.340895 , -0.53119355    , 0.26348475 , 0.9642998 , 0.026484294    ,33.9375 , -31.5625 , 8.0625
43273926  , -5.284695 , -19.340895 , -0.53119355    , 0.2634848 , 0.9643 , 0.026484303    ,31.9375 , -32.5 , 5.125
427246  , -4.440233 , -19.6133 , 7.7772183    , 0.20593697 , 0.90966034 , -0.36070558    ,31.9375 , -32.5 , 5.125
35369873  , -4.440233 , -19.6133 , 7.7772183    , 0.20593694 , 0.9096601 , -0.3607055    ,26.0625 , -33.75 , -4.375
457763  , -0.50395286 , -19.6133 , 19.340895    , 0.018292278 , 0.71191514 , -0.70202744    ,26.0625 , -33.75 , -4.375
39398193  , -0.50395286 , -19.6133 , 19.340895    , 0.018292278 , 0.711915 , -0.7020274    ,18.1875 , -29.8125 , -18.5625
427246  , 0.9942854 , -19.6133 , 19.340895    , -0.036072657 , 0.71157074 , -0.7016878    ,18.1875 , -29.8125 , -18.5625
39794921  , 0.9942854 , -19.6133 , 19.340895    , -0.036072657 , 0.7115707 , -0.7016879    ,10.875 , -23.875 , -32.0
396729  , 12.14935 , -19.6133 , 19.340895    , -0.4035554 , 0.65147954 , -0.6424312    ,10.875 , -23.875 , -32.0
38848876  , 12.14935 , -19.6133 , 19.340895    , -0.40355527 , 0.6514793 , -0.642431    ,1.4375 , -18.125 , -41.8125
457764  , 19.57244 , -19.6133 , 19.340895    , -0.5792204 , 0.5804297 , -0.57236814    ,1.4375 , -18.125 , -41.8125
39978026  , 19.57244 , -19.6133 , 19.340895    , -0.57922035 , 0.5804296 , -0.5723681    ,-5.625 , -13.6875 , -45.0
33050539  , 19.57244 , -19.6133 , 19.340895    , -0.5792203 , 0.58042955 , -0.572368    ,-10.75 , -14.9375 , -43.25
244140  , 19.531578 , -19.6133 , 17.543009    , -0.5960067 , 0.5985005 , -0.5353255    ,-10.75 , -14.9375 , -43.25
34606935  , 19.531578 , -19.6133 , 17.543009    , -0.5960067 , 0.59850043 , -0.53532547    ,-17.8125 , -19.125 , -39.875
335693  , 18.0061 , -17.434046 , 11.917805    , -0.64881074 , 0.62819797 , -0.42943218    ,-17.8125 , -19.125 , -39.875
38848878  , 18.0061 , -17.434046 , 11.917805    , -0.64881074 , 0.62819797 , -0.4294322    ,-22.125 , -22.625 , -35.6875
366211  , 16.970953 , -14.056199 , 6.1291566    , -0.7419771 , 0.61454284 , -0.2679693    ,-22.125 , -22.625 , -35.6875
55358888  , 16.970953 , -14.056199 , 6.1291566    , -0.74197704 , 0.61454284 , -0.26796925    ,-23.9375 , -26.3125 , -32.0
488282  , 15.854085 , -14.818938 , 2.3426998    , -0.7263342 , 0.6789104 , -0.10732776    ,-23.9375 , -26.3125 , -32.0
33233643  , 15.854085 , -14.818938 , 2.3426998    , -0.7263342 , 0.6789104 , -0.1073277    ,-20.625 , -30.8125 , -27.875
1861572  , 17.965239 , -19.272793 , -0.38136974    , -0.6817861 , 0.7314082 , 0.014473081    ,-20.625 , -30.8125 , -27.875
39428711  , 17.965239 , -19.272793 , -0.38136974    , -0.6817862 , 0.73140824 , 0.014473081    ,-13.0 , -34.5 , -25.6875
244141  , 19.313654 , -19.6133 , 3.990762    , -0.6943832 , 0.7051563 , -0.14347972    ,-13.0 , -34.5 , -25.6875
37139892  , 19.313654 , -19.6133 , 3.990762    , -0.69438314 , 0.7051564 , -0.1434797    ,-3.875 , -36.75 , -26.625
274658  , 17.2025 , -19.6133 , 15.6634    , -0.56532454 , 0.64455056 , -0.5147452    ,-3.875 , -36.75 , -26.625
43090819  , 17.2025 , -19.6133 , 15.6634    , -0.56532466 , 0.6445506 , -0.51474524    ,4.5 , -34.0 , -30.0625
427246  , 17.692831 , -19.6133 , 19.340895    , -0.5404342 , 0.5990956 , -0.5907749    ,4.5 , -34.0 , -30.0625
35919189  , 17.692831 , -19.6133 , 19.340895    , -0.54043424 , 0.59909576 , -0.590775    ,9.3125 , -26.3125 , -35.1875
427246  , 19.57244 , -19.6133 , 19.340895    , -0.57922035 , 0.5804297 , -0.5723681    ,9.3125 , -26.3125 , -35.1875
39031982  , 19.57244 , -19.6133 , 19.340895    , -0.5792204 , 0.5804296 , -0.57236814    ,11.375 , -14.6875 , -40.125
396729  , 13.824653 , -19.6133 , 19.340895    , -0.44856095 , 0.6363821 , -0.6275435    ,11.375 , -14.6875 , -40.125
71105955  , 13.824653 , -19.6133 , 19.340895    , -0.44856095 , 0.63638204 , -0.62754345    ,11.625 , -6.0 , -43.0
305176  , -3.336985 , -19.6133 , 19.109348    , 0.12096687 , 0.710989 , -0.6927205    ,11.625 , -6.0 , -43.0
244140  , -3.336985 , -19.6133 , 19.109348    , 0.120966874 , 0.71098906 , -0.6927206    ,10.875 , -2.8125 , -43.75
244140  , -11.836082 , -19.6133 , 14.328606    , 0.438048 , 0.7258793 , -0.53029513    ,10.875 , -2.8125 , -43.75
28350829  , -11.836082 , -19.6133 , 14.328606    , 0.43804806 , 0.7258794 , -0.5302953    ,8.0625 , -4.0 , -43.75
244141  , -10.079058 , -16.780268 , 11.645397    , 0.4425153 , 0.7367282 , -0.51128453    ,8.0625 , -4.0 , -43.75
36071779  , -10.079058 , -16.780268 , 11.645397    , 0.4425153 , 0.7367282 , -0.5112846    ,4.75 , -10.6875 , -42.8125
244140  , -5.938472 , -8.158588 , 11.182305    , 0.39426142 , 0.5416574 , -0.74240506    ,4.75 , -10.6875 , -42.8125
39642336  , -5.938472 , -8.158588 , 11.182305    , 0.39426136 , 0.5416573 , -0.742405    ,1.1875 , -15.6875 , -41.8125
274658  , -3.486809 , -3.759216 , 9.302697    , 0.3282588 , 0.353904 , -0.8757842    ,1.1875 , -15.6875 , -41.8125
30090333  , -3.486809 , -3.759216 , 9.302697    , 0.32825887 , 0.3539041 , -0.8757843    ,-2.625 , -18.875 , -40.3125
427246  , -3.2961242 , -1.7978859 , 9.956474    , 0.30976063 , 0.16896035 , -0.93568194    ,-2.625 , -18.875 , -40.3125
39367677  , -3.2961242 , -1.7978859 , 9.956474    , 0.30976063 , 0.1689603 , -0.9356818    ,-5.875 , -21.375 , -39.125
518799  , -2.3699405 , -1.1441092 , 10.079058    , 0.22750798 , 0.10983143 , -0.9675626    ,-5.875 , -21.375 , -39.125
42480469  , -2.3699405 , -1.1441092 , 10.079058    , 0.22750793 , 0.109831415 , -0.96756244    ,-9.6875 , -21.875 , -37.875
518798  , -1.7297841 , 0.8036005 , 10.337844    , 0.16454823 , -0.07644367 , -0.9834024    ,-9.6875 , -21.875 , -37.875
34240723  , -1.7297841 , 0.8036005 , 10.337844    , 0.16454822 , -0.07644367 , -0.9834024    ,-11.25 , -22.625 , -37.1875
274658  , -1.4982382 , 1.7978859 , 8.308413    , 0.17357324 , -0.20828788 , -0.96254265    ,-11.25 , -22.625 , -37.1875
39611817  , -1.4982382 , 1.7978859 , 8.308413    , 0.17357326 , -0.2082879 , -0.9625426    ,-11.25 , -22.875 , -37.1875
305176  , -1.4982382 , 1.7570249 , 7.1234417    , 0.20007609 , -0.2346347 , -0.9512708    ,-11.25 , -22.875 , -37.1875
42663573  , -1.4982382 , 1.7570249 , 7.1234417    , 0.2000761 , -0.23463468 , -0.9512709    ,-11.0 , -22.875 , -37.1875
335694  , -2.6832085 , 2.3699405 , 4.440233    , 0.47043502 , -0.4155112 , -0.77848643    ,-11.0 , -22.875 , -37.1875
37139892  , -2.6832085 , 2.3699405 , 4.440233    , 0.47043502 , -0.41551113 , -0.7784864    ,-9.9375 , -23.375 , -37.875
610352  , -0.9942854 , 2.3426998 , 5.366417    , 0.16740789 , -0.39444047 , -0.90354395    ,-9.9375 , -23.375 , -37.875
37658690  , -0.9942854 , 2.3426998 , 5.366417    , 0.16740787 , -0.39444047 , -0.9035438    ,-10.1875 , -22.875 , -37.875
274658  , -0.29964766 , 3.173541 , 7.7772183    , 0.03565055 , -0.37757173 , -0.9252939    ,-10.1875 , -22.875 , -37.875
