56671141  , 1.5390993 , -7.164303 , 7.0553403    , -0.15130429 , 0.7043015 , -0.6935896    ,-23.6875 , 30.75 , -26.9375
4333495  , 1.3756552 , -7.273266 , 7.164303    , -0.13353981 , 0.70604235 , -0.69546485    ,-23.6875 , 30.75 , -26.9375
40802001  , 1.3756552 , -7.273266 , 7.164303    , -0.13353983 , 0.70604223 , -0.69546485    ,-23.4375 , 30.5 , -27.4375
244140  , 1.3756552 , -7.273266 , 7.082581    , -0.13427849 , 0.70994765 , -0.69133484    ,-23.4375 , 30.5 , -27.4375
31280517  , 1.3756552 , -7.273266 , 7.082581    , -0.13427848 , 0.70994765 , -0.6913347    ,-23.1875 , 30.25 , -27.6875
213623  , 1.3756552 , -7.1234417 , 7.014479    , -0.13631795 , 0.705884 , -0.6950866    ,-23.1875 , 30.25 , -27.6875
28381347  , 1.3756552 , -7.1234417 , 7.014479    , -0.13631795 , 0.70588404 , -0.6950866    ,-23.1875 , 30.0 , -27.6875
274658  , 1.2258313 , -6.8237944 , 7.205164    , -0.122594655 , 0.6824436 , -0.7205841    ,-23.1875 , 30.0 , -27.6875
30120851  , 1.2258313 , -6.8237944 , 7.205164    , -0.12259464 , 0.68244356 , -0.7205841    ,-23.1875 , 30.25 , -27.6875
213623  , 1.1849703 , -6.8237944 , 7.164303    , -0.1189166 , 0.68479556 , -0.718967    ,-23.1875 , 30.25 , -27.6875
27404786  , 1.1849703 , -6.8237944 , 7.164303    , -0.1189166 , 0.6847957 , -0.71896696    ,-22.875 , 30.0 , -27.4375
244140  , 1.1441092 , -7.04172 , 7.082581    , -0.11381061 , 0.7004772 , -0.70454186    ,-22.875 , 30.0 , -27.4375
31066895  , 1.1441092 , -7.04172 , 7.082581    , -0.1138106 , 0.7004772 , -0.70454186    ,-22.625 , 30.0 , -27.4375
46813967  , 1.1849703 , -7.164303 , 7.1234417    , -0.116490394 , 0.7042982 , -0.7002813    ,-22.625 , 30.0 , -27.4375
30517579  , 1.1849703 , -7.164303 , 7.1234417    , -0.116490394 , 0.7042983 , -0.7002813    ,-21.625 , 30.25 , -27.6875
244141  , 1.2258313 , -7.246025 , 7.164303    , -0.11943862 , 0.7060151 , -0.69805247    ,-21.625 , 30.25 , -27.6875
213623  , 1.2258313 , -7.246025 , 7.164303    , -0.11943862 , 0.70601493 , -0.69805235    ,-21.375 , 30.25 , -27.6875
244141  , 1.3075534 , -7.164303 , 7.164303    , -0.12799224 , 0.70129085 , -0.70129085    ,-21.375 , 30.25 , -27.6875
33782959  , 1.3075534 , -7.164303 , 7.164303    , -0.12799226 , 0.7012909 , -0.70129097    ,-21.625 , 30.75 , -27.9375
244140  , 1.2666923 , -7.1234417 , 7.246025    , -0.12370326 , 0.6956646 , -0.7076359    ,-21.625 , 30.75 , -27.9375
35736084  , 1.2666923 , -7.1234417 , 7.246025    , -0.12370322 , 0.69566435 , -0.7076356    ,-21.625 , 30.5 , -28.1875
213623  , 1.3756552 , -6.932757 , 7.3549876    , -0.13486074 , 0.67964476 , -0.7210377    ,-21.625 , 30.5 , -28.1875
33386231  , 1.3756552 , -6.932757 , 7.3549876    , -0.13486078 , 0.67964494 , -0.7210378    ,-22.125 , 30.25 , -28.1875
244141  , 1.3075534 , -6.851035 , 7.43671    , -0.12824637 , 0.67195743 , -0.7294011    ,-22.125 , 30.25 , -28.1875
27770996  , 1.3075534 , -6.851035 , 7.43671    , -0.12824637 , 0.6719575 , -0.7294011    ,-22.625 , 30.0 , -28.9375
244141  , 1.3075534 , -6.782933 , 7.5865335    , -0.12743834 , 0.6610864 , -0.7394079    ,-22.625 , 30.0 , -28.9375
213623  , 1.3075534 , -6.782933 , 7.5865335    , -0.12743835 , 0.66108644 , -0.73940796    ,-22.125 , 29.5 , -29.125
244141  , 1.1168685 , -6.701211 , 7.6273947    , -0.1093442 , 0.6560653 , -0.74674094    ,-22.125 , 29.5 , -29.125
29785156  , 1.1168685 , -6.701211 , 7.6273947    , -0.10934423 , 0.65606534 , -0.746741    ,-22.375 , 29.5 , -28.9375
213623  , 0.8036005 , -6.8237944 , 7.7363577    , -0.07766478 , 0.6594926 , -0.7476881    ,-22.375 , 29.5 , -28.9375
21697998  , 0.8036005 , -6.8237944 , 7.7363577    , -0.07766479 , 0.6594926 , -0.74768823    ,-21.875 , 29.5 , -28.6875
1190185  , 0.7627395 , -6.851035 , 7.6273947    , -0.07419042 , 0.66638887 , -0.74190414    ,-21.875 , 29.5 , -28.6875
46264647  , 0.7627395 , -6.851035 , 7.6273947    , -0.07419039 , 0.66638887 , -0.741904    ,-21.625 , 29.5 , -28.1875
854492  , 0.88532263 , -6.891896 , 7.3958488    , -0.08724163 , 0.6791426 , -0.7288032    ,-21.625 , 29.5 , -28.1875
19256591  , 0.88532263 , -6.891896 , 7.3958488    , -0.08724165 , 0.67914265 , -0.72880334    ,-21.375 , 29.25 , -28.1875
305176  , 1.0760075 , -7.014479 , 6.973618    , -0.10814716 , 0.70501 , -0.70090306    ,-21.375 , 29.25 , -28.1875
28076171  , 1.0760075 , -7.014479 , 6.973618    , -0.108147174 , 0.7050101 , -0.70090324    ,-20.875 , 29.5 , -28.6875
274659  , 1.1849703 , -7.082581 , 6.6331096    , -0.12121531 , 0.7245053 , -0.678527    ,-20.875 , 29.5 , -28.6875
52825926  , 1.1849703 , -7.082581 , 6.6331096    , -0.121215306 , 0.72450525 , -0.6785271    ,-20.625 , 29.25 , -29.125
244140  , 1.2666923 , -7.246025 , 6.1291566    , -0.132295 , 0.7567843 , -0.64013714    ,-20.625 , 29.25 , -29.125
24719238  , 1.2666923 , -7.246025 , 6.1291566    , -0.13229506 , 0.75678456 , -0.64013726    ,-19.875 , 29.25 , -29.625
244140  , 1.4165162 , -7.504812 , 5.5571017    , -0.1499735 , 0.7945712 , -0.5883576    ,-19.875 , 29.25 , -29.625
19531251  , 1.4165162 , -7.504812 , 5.5571017    , -0.14997354 , 0.7945713 , -0.5883576    ,-19.625 , 29.75 , -29.875
244140  , 1.920469 , -7.7772183 , 5.053149    , -0.20276482 , 0.8211257 , -0.533516    ,-19.625 , 29.75 , -29.875
28015138  , 1.920469 , -7.7772183 , 5.053149    , -0.20276482 , 0.8211255 , -0.53351593    ,-19.125 , 29.5 , -29.875
305176  , 2.982856 , -8.349273 , 4.440233    , -0.3008179 , 0.84201545 , -0.44779292    ,-19.125 , 29.5 , -29.875
33081056  , 2.982856 , -8.349273 , 4.440233    , -0.30081797 , 0.8420156 , -0.44779298    ,-18.875 , 29.75 , -29.875
213623  , 4.099725 , -8.771504 , 4.399372    , -0.3854965 , 0.8247833 , -0.4136723    ,-18.875 , 29.75 , -29.875
22308351  , 4.099725 , -8.771504 , 4.399372    , -0.38549662 , 0.82478344 , -0.41367242    ,-18.3125 , 30.0 , -29.875
244141  , 5.325556 , -9.302697 , 4.5219555    , -0.45775807 , 0.7996133 , -0.38868466    ,-18.3125 , 30.0 , -29.875
31921387  , 5.325556 , -9.302697 , 4.5219555    , -0.45775816 , 0.79961336 , -0.3886847    ,-18.0625 , 30.25 , -29.875
213623  , 7.205164 , -10.310603 , 4.0180025    , -0.54564655 , 0.7808211 , -0.30428302    ,-18.0625 , 30.25 , -29.875
42510987  , 7.205164 , -10.310603 , 4.0180025    , -0.5456465 , 0.78082114 , -0.304283    ,-18.3125 , 31.0 , -29.375
305175  , 10.038197 , -9.425281 , 3.718355    , -0.70380276 , 0.66082966 , -0.26070303    ,-18.3125 , 31.0 , -29.375
45135499  , 10.038197 , -9.425281 , 3.718355    , -0.70380265 , 0.66082954 , -0.260703    ,-18.875 , 31.75 , -28.4375
244141  , 13.293459 , -9.193735 , 4.1814466    , -0.7962506 , 0.5506857 , -0.25046003    ,-18.875 , 31.75 , -28.4375
71594238  , 13.293459 , -9.193735 , 4.1814466    , -0.7962507 , 0.55068564 , -0.25046006    ,-19.875 , 32.1875 , -27.1875
274658  , 15.023244 , -11.182305 , 4.6036777    , -0.77898633 , 0.5798257 , -0.23871028    ,-19.875 , 32.1875 , -27.1875
18890381  , 15.023244 , -11.182305 , 4.6036777    , -0.7789863 , 0.57982576 , -0.23871024    ,-21.125 , 31.75 , -25.75
305176  , 16.208214 , -13.633968 , 5.284695    , -0.7424973 , 0.62457126 , -0.2420916    ,-21.125 , 31.75 , -25.75
25329590  , 16.208214 , -13.633968 , 5.284695    , -0.7424972 , 0.62457126 , -0.24209155    ,-23.1875 , 30.75 , -25.0
244141  , 17.856276 , -17.161638 , 6.0201936    , -0.70059025 , 0.6733362 , -0.23620205    ,-23.1875 , 30.75 , -25.0
30426025  , 17.856276 , -17.161638 , 6.0201936    , -0.70059043 , 0.6733362 , -0.2362021    ,-25.4375 , 29.0 , -25.75
3051758  , 19.272793 , -19.6133 , 8.580819    , -0.6690681 , 0.68088907 , -0.29788896    ,-25.4375 , 29.0 , -25.75
26824951  , 19.272793 , -19.6133 , 8.580819    , -0.66906816 , 0.680889 , -0.29788893    ,-27.25 , 26.5 , -27.1875
244141  , 18.727978 , -19.6133 , 12.340035    , -0.62857777 , 0.6582922 , -0.41417554    ,-27.25 , 26.5 , -27.1875
29602050  , 18.727978 , -19.6133 , 12.340035    , -0.62857753 , 0.6582922 , -0.41417554    ,-29.75 , 21.5625 , -29.375
244141  , 19.504337 , -19.6133 , 16.04477    , -0.60994685 , 0.6133545 , -0.5017581    ,-29.75 , 21.5625 , -29.375
22003173  , 19.504337 , -19.6133 , 16.04477    , -0.6099469 , 0.6133545 , -0.50175804    ,-32.0625 , 13.125 , -30.875
213623  , 19.57244 , -19.6133 , 19.313654    , -0.5794876 , 0.58069736 , -0.5718257    ,-32.0625 , 13.125 , -30.875
38024902  , 19.57244 , -19.6133 , 19.313654    , -0.5794878 , 0.58069754 , -0.5718258    ,-31.0 , -0.75 , -28.6875
244141  , 17.393185 , -19.6133 , 19.381754    , -0.5335089 , 0.60160756 , -0.5945052    ,-31.0 , -0.75 , -28.6875
29632570  , 17.393185 , -19.6133 , 19.381754    , -0.53350896 , 0.60160756 , -0.59450525    ,-26.6875 , -17.375 , -22.8125
366211  , 9.956474 , -19.6133 , 19.041246    , -0.34223342 , 0.67416704 , -0.6545038    ,-26.6875 , -17.375 , -22.8125
30395509  , 9.956474 , -19.6133 , 19.041246    , -0.34223336 , 0.67416704 , -0.6545039    ,-17.3125 , -31.0 , -14.25
396728  , 4.6036777 , -19.6133 , 17.434046    , -0.17279474 , 0.73616666 , -0.6543704    ,-17.3125 , -31.0 , -14.25
38604738  , 4.6036777 , -19.6133 , 17.434046    , -0.1727947 , 0.73616666 , -0.6543704    ,-4.125 , -39.875 , -4.4375
427246  , 0.7218784 , -18.687117 , 16.358038    , -0.029054321 , 0.7521232 , -0.6583818    ,-4.125 , -39.875 , -4.4375
39276124  , 0.7218784 , -18.687117 , 16.358038    , -0.029054344 , 0.75212324 , -0.65838194    ,9.8125 , -40.125 , 4.5625
457764  , -0.38136974 , -14.056199 , 13.211738    , 0.019765839 , 0.7285134 , -0.68474615    ,9.8125 , -40.125 , 4.5625
45318603  , -0.38136974 , -14.056199 , 13.211738    , 0.019765913 , 0.7285135 , -0.68474615    ,22.75 , -33.1875 , 11.1875
274658  , -0.53119355 , -13.593107 , 10.460427    , 0.030954838 , 0.7921262 , -0.60957205    ,22.75 , -33.1875 , 11.1875
33081054  , -0.53119355 , -13.593107 , 10.460427    , 0.030954827 , 0.7921262 , -0.609572    ,32.1875 , -20.5625 , 16.3125
244140  , -2.3426998 , -15.622539 , 9.765789    , 0.12614086 , 0.84118354 , -0.52583146    ,32.1875 , -20.5625 , 16.3125
39154052  , -2.3426998 , -15.622539 , 9.765789    , 0.12614085 , 0.8411836 , -0.52583146    ,37.5 , -5.9375 , 20.0
335693  , -3.486809 , -15.745122 , 4.8216033    , 0.20715418 , 0.9354306 , -0.2864554    ,37.5 , -5.9375 , 20.0
39978027  , -3.486809 , -15.745122 , 4.8216033    , 0.20715417 , 0.9354306 , -0.2864554    ,38.5 , 8.6875 , 21.1875
427246  , -4.3312707 , -17.393185 , -0.040861044    , 0.2416409 , 0.97036284 , 0.0022796318    ,38.5 , 8.6875 , 21.1875
38208007  , -4.3312707 , -17.393185 , -0.040861044    , 0.24164091 , 0.97036296 , 0.0022796318    ,35.4375 , 21.5625 , 20.9375
427246  , -6.2789803 , -19.6133 , -5.9793324    , 0.29280365 , 0.91461456 , 0.27883038    ,35.4375 , 21.5625 , 20.9375
39703368  , -6.2789803 , -19.6133 , -5.9793324    , 0.29280367 , 0.91461444 , 0.27883038    ,31.4375 , 30.0 , 19.0
488281  , -6.510526 , -19.6133 , -8.158588    , 0.29303193 , 0.88277394 , 0.36720943    ,31.4375 , 30.0 , 19.0
38604735  , -6.510526 , -19.6133 , -8.158588    , 0.29303187 , 0.8827738 , 0.3672094    ,30.3125 , 33.75 , 18.0625
488281  , -2.1792557 , -18.687117 , -6.2108784    , 0.10999437 , 0.9432016 , 0.31348392    ,30.3125 , 33.75 , 18.0625
38940428  , -2.1792557 , -18.687117 , -6.2108784    , 0.10999437 , 0.94320154 , 0.3134839    ,30.875 , 33.875 , 16.5
488281  , 0.6537767 , -16.88923 , -3.1054392    , -0.038043886 , 0.9828005 , 0.18070847    ,30.875 , 33.875 , 16.5
38848876  , 0.6537767 , -16.88923 , -3.1054392    , -0.038043898 , 0.9828004 , 0.18070848    ,33.6875 , 29.6875 , 17.5
518799  , 2.9556155 , -17.815414 , 1.6889231    , -0.16295403 , 0.98222965 , -0.09311658    ,33.6875 , 29.6875 , 17.5
39031984  , 2.9556155 , -17.815414 , 1.6889231    , -0.16295406 , 0.98222995 , -0.0931166    ,39.5625 , 18.8125 , 15.875
244140  , 6.701211 , -19.082108 , 8.117727    , -0.3074951 , 0.8756111 , -0.3724941    ,39.5625 , 18.8125 , 15.875
42572023  , 6.701211 , -19.082108 , 8.117727    , -0.30749512 , 0.8756111 , -0.3724941    ,42.125 , 4.9375 , 13.4375
305175  , 7.8589406 , -19.6133 , 14.9006605    , -0.3039637 , 0.75859225 , -0.5763194    ,42.125 , 4.9375 , 13.4375
15869142  , 7.8589406 , -19.6133 , 14.9006605    , -0.30396366 , 0.7585922 , -0.5763194    ,41.875 , -9.9375 , 8.5625
274658  , 12.340035 , -19.6133 , 17.052675    , -0.42891014 , 0.6817115 , -0.59271014    ,41.875 , -9.9375 , 8.5625
29052735  , 12.340035 , -19.6133 , 17.052675    , -0.4289102 , 0.68171144 , -0.59271026    ,37.8125 , -24.0625 , -0.5
244141  , 17.352324 , -19.6133 , 18.959524    , -0.5367201 , 0.6066538 , -0.586432    ,37.8125 , -24.0625 , -0.5
39794923  , 17.352324 , -19.6133 , 18.959524    , -0.5367201 , 0.60665375 , -0.586432    ,27.9375 , -33.4375 , -13.1875
396729  , 19.57244 , -19.6133 , 19.381754    , -0.5788193 , 0.58002776 , -0.5731802    ,27.9375 , -33.4375 , -13.1875
29907227  , 19.57244 , -19.6133 , 19.381754    , -0.57881945 , 0.58002776 , -0.57318026    ,12.6875 , -32.6875 , -26.1875
39794922  , 19.57244 , -19.6133 , 19.381754    , -0.5788195 , 0.5800279 , -0.5731803    ,-1.5 , -23.5625 , -35.9375
732422  , 19.57244 , -19.6133 , 18.619015    , -0.5862982 , 0.5875222 , -0.55773807    ,-1.5 , -23.5625 , -35.9375
39276123  , 19.57244 , -19.6133 , 18.619015    , -0.5862982 , 0.5875222 , -0.55773807    ,-14.4375 , -8.1875 , -38.875
244141  , 19.57244 , -19.6133 , 7.1234417    , -0.6841231 , 0.6855513 , -0.24898845    ,-14.4375 , -8.1875 , -38.875
44891357  , 19.57244 , -19.6133 , 7.1234417    , -0.684123 , 0.6855513 , -0.24898843    ,-21.0625 , 8.6875 , -37.4375
274658  , 19.57244 , -18.155924 , 6.4015636    , -0.71292895 , 0.6613322 , -0.23317792    ,-21.0625 , 8.6875 , -37.4375
48187254  , 19.57244 , -18.155924 , 6.4015636    , -0.712929 , 0.6613323 , -0.23317793    ,-21.3125 , 19.3125 , -34.25
335694  , 19.57244 , -19.422615 , -6.3198414    , -0.69187826 , 0.686582 , 0.22340399    ,-21.3125 , 19.3125 , -34.25
34240722  , 19.57244 , -19.422615 , -6.3198414    , -0.6918782 , 0.686582 , 0.22340398    ,-20.3125 , 24.3125 , -32.75
213623  , 19.340895 , -13.021052 , -3.9499009    , -0.8178719 , 0.55062366 , 0.16703019    ,-20.3125 , 24.3125 , -32.75
33447265  , 19.340895 , -13.021052 , -3.9499009    , -0.8178719 , 0.5506236 , 0.16703017    ,-18.25 , 24.8125 , -33.75
213623  , 12.340035 , -11.917805 , 0.3405087    , -0.71916413 , 0.694557 , -0.019844487    ,-18.25 , 24.8125 , -33.75
35491942  , 12.340035 , -11.917805 , 0.3405087    , -0.719164 , 0.69455683 , -0.019844487    ,-17.5 , 23.8125 , -35.4375
274659  , 2.8738933 , -10.95076 , -0.46309182    , -0.25362974 , 0.9664376 , 0.040869243    ,-17.5 , 23.8125 , -35.4375
32470704  , 2.8738933 , -10.95076 , -0.46309182    , -0.25362977 , 0.9664377 , 0.040869247    ,-17.25 , 23.0625 , -35.9375
305176  , 2.1792557 , -7.6273947 , 0.19068487    , -0.2746418 , 0.96124613 , -0.024031155    ,-17.25 , 23.0625 , -35.9375
36987307  , 2.1792557 , -7.6273947 , 0.19068487    , -0.27464178 , 0.9612462 , -0.024031155    ,-17.25 , 21.8125 , -36.1875
244141  , 2.6014864 , -6.2789803 , 0.61291564    , -0.38121775 , 0.9201119 , -0.089815706    ,-17.25 , 21.8125 , -36.1875
35614015  , 2.6014864 , -6.2789803 , 0.61291564    , -0.38121775 , 0.920112 , -0.08981571    ,-18.0 , 21.3125 , -36.6875
335693  , 2.070293 , -6.851035 , 1.56634    , -0.2825796 , 0.93511534 , -0.21379377    ,-18.0 , 21.3125 , -36.6875
23193360  , 2.070293 , -6.851035 , 1.56634    , -0.28257966 , 0.93511546 , -0.21379378    ,-18.5 , 21.0625 , -35.6875
213623  , 1.7570249 , -7.5865335 , 2.1792557    , -0.2172783 , 0.9381706 , -0.26949245    ,-18.5 , 21.0625 , -35.6875
35034180  , 1.7570249 , -7.5865335 , 2.1792557    , -0.21727833 , 0.9381707 , -0.26949248    ,-19.0625 , 21.3125 , -34.6875
4364014  , 1.6480621 , -7.1234417 , 3.8681788    , -0.19923906 , 0.861174 , -0.46763557    ,-19.0625 , 21.3125 , -34.6875
18280029  , 1.6480621 , -7.1234417 , 3.8681788    , -0.19923906 , 0.8611738 , -0.4676355    ,-20.0625 , 22.8125 , -33.75
244140  , 2.6832085 , -7.4639506 , 5.9793324    , -0.27013332 , 0.7514368 , -0.60197216    ,-20.0625 , 22.8125 , -33.75
43243408  , 2.6832085 , -7.4639506 , 5.9793324    , -0.27013332 , 0.75143695 , -0.6019722    ,-20.0625 , 23.8125 , -32.5
244141  , 3.486809 , -7.8861814 , 6.891896    , -0.3158778 , 0.7144269 , -0.62435234    ,-20.0625 , 23.8125 , -32.5
35614014  , 3.486809 , -7.8861814 , 6.891896    , -0.31587788 , 0.71442676 , -0.6243522    ,-20.5625 , 24.8125 , -31.3125
335693  , 4.2086873 , -7.164303 , 8.049625    , -0.3637969 , 0.6192788 , -0.69580567    ,-20.5625 , 24.8125 , -31.3125
