68511960  , 2.2609777 , -7.43671 , 7.3549876    , -0.21128559 , 0.6949513 , -0.68731457    ,-26.0625 , 29.1875 , -20.9375
6683349  , 2.1792557 , -7.3958488 , 7.082581    , -0.20815258 , 0.70641774 , -0.6764959    ,-26.0625 , 29.1875 , -20.9375
29602053  , 2.1792557 , -7.3958488 , 7.082581    , -0.20815258 , 0.7064178 , -0.6764959    ,-26.3125 , 29.1875 , -20.25
1403808  , 3.0645783 , -6.8237944 , 6.6331096    , -0.30652845 , 0.6825367 , -0.66346383    ,-26.3125 , 29.1875 , -20.25
31951905  , 3.0645783 , -6.8237944 , 6.6331096    , -0.30652845 , 0.6825366 , -0.66346383    ,-25.8125 , 29.6875 , -20.0
244140  , 3.636633 , -7.43671 , 7.014479    , -0.3351591 , 0.6853814 , -0.64646786    ,-25.8125 , 29.6875 , -20.0
32775879  , 3.636633 , -7.43671 , 7.014479    , -0.33515897 , 0.6853813 , -0.64646775    ,-26.0625 , 29.9375 , -19.75
335694  , 4.099725 , -7.205164 , 6.8237944    , -0.3818264 , 0.6710503 , -0.6355316    ,-26.0625 , 29.9375 , -19.75
45898438  , 4.099725 , -7.205164 , 6.8237944    , -0.3818264 , 0.6710503 , -0.63553166    ,-25.8125 , 30.1875 , -20.25
244141  , 5.012288 , -6.742072 , 5.012288    , -0.5123614 , 0.6891818 , -0.51236147    ,-25.8125 , 30.1875 , -20.25
29693604  , 5.012288 , -6.742072 , 5.012288    , -0.5123614 , 0.6891818 , -0.51236135    ,-26.0625 , 30.1875 , -20.25
4669190  , 5.6660647 , -6.66035 , 3.7864566    , -0.59461284 , 0.69895583 , -0.39736143    ,-26.0625 , 30.1875 , -20.25
1403808  , 5.6660647 , -6.66035 , 3.7864566    , -0.59461296 , 0.6989559 , -0.39736143    ,-26.3125 , 29.1875 , -20.75
213623  , 4.4810944 , -7.5456724 , 6.782933    , -0.4040047 , 0.68029964 , -0.611533    ,-26.3125 , 29.1875 , -20.75
36315919  , 4.4810944 , -7.5456724 , 6.782933    , -0.40400466 , 0.6802995 , -0.6115329    ,-26.3125 , 29.1875 , -20.9375
244141  , 2.3018389 , -8.349273 , 6.4015636    , -0.21373066 , 0.7752478 , -0.5943989    ,-26.3125 , 29.1875 , -20.9375
41931152  , 2.3018389 , -8.349273 , 6.4015636    , -0.21373065 , 0.77524763 , -0.5943988    ,-26.3125 , 28.6875 , -21.1875
274659  , 0.95342433 , -7.8180795 , 6.5513873    , -0.09306593 , 0.7631406 , -0.63949597    ,-26.3125 , 28.6875 , -21.1875
32348632  , 0.95342433 , -7.8180795 , 6.5513873    , -0.093065925 , 0.76314056 , -0.63949597    ,-26.3125 , 28.4375 , -21.6875
244140  , 1.0351465 , -7.1234417 , 7.082581    , -0.10250589 , 0.7054024 , -0.7013561    ,-26.3125 , 28.4375 , -21.6875
38238525  , 1.0351465 , -7.1234417 , 7.082581    , -0.10250592 , 0.7054024 , -0.70135623    ,-26.0625 , 28.9375 , -21.4375
6835937  , 1.4165162 , -7.014479 , 6.742072    , -0.14407441 , 0.7134455 , -0.68573886    ,-26.0625 , 28.9375 , -21.4375
274658  , 1.4165162 , -7.014479 , 6.742072    , -0.14407447 , 0.71344554 , -0.685739    ,-25.5625 , 28.6875 , -21.1875
213623  , 1.9885708 , -7.3141265 , 6.6331096    , -0.1974318 , 0.72617036 , -0.6585568    ,-25.5625 , 28.6875 , -21.1875
31982421  , 1.9885708 , -7.3141265 , 6.6331096    , -0.19743185 , 0.7261705 , -0.65855694    ,-25.8125 , 29.1875 , -21.4375
335693  , 2.4516625 , -7.246025 , 6.469665    , -0.24471143 , 0.7232582 , -0.64576626    ,-25.8125 , 29.1875 , -21.4375
29083251  , 2.4516625 , -7.246025 , 6.469665    , -0.2447114 , 0.72325814 , -0.6457663    ,-25.5625 , 29.4375 , -20.75
244141  , 2.6832085 , -7.205164 , 6.66035    , -0.26377776 , 0.708317 , -0.654758    ,-25.5625 , 29.4375 , -20.75
24993896  , 2.6832085 , -7.205164 , 6.66035    , -0.2637778 , 0.70831716 , -0.6547581    ,-25.8125 , 29.6875 , -21.1875
244141  , 2.9147544 , -7.205164 , 6.701211    , -0.28402328 , 0.702095 , -0.6529881    ,-25.8125 , 29.6875 , -21.1875
25939941  , 2.9147544 , -7.205164 , 6.701211    , -0.28402326 , 0.702095 , -0.6529881    ,-25.8125 , 29.9375 , -21.1875
244141  , 3.0645783 , -7.1234417 , 6.782933    , -0.29745722 , 0.6914228 , -0.658372    ,-25.8125 , 29.9375 , -21.1875
21667481  , 3.0645783 , -7.1234417 , 6.782933    , -0.2974572 , 0.6914228 , -0.658372    ,-25.3125 , 29.6875 , -20.9375
4669190  , 3.214402 , -7.205164 , 6.851035    , -0.30762511 , 0.68954957 , -0.65565866    ,-25.3125 , 29.6875 , -20.9375
335693  , 3.214402 , -7.205164 , 6.851035    , -0.30762511 , 0.68954957 , -0.65565866    ,-25.0625 , 29.4375 , -21.4375
244141  , 2.8330324 , -7.3958488 , 6.742072    , -0.27238157 , 0.7110731 , -0.6482157    ,-25.0625 , 29.4375 , -21.4375
17028810  , 2.8330324 , -7.3958488 , 6.742072    , -0.27238148 , 0.7110729 , -0.64821565    ,-24.8125 , 29.1875 , -21.1875
244140  , 2.4516625 , -7.3141265 , 6.782933    , -0.23867284 , 0.71204066 , -0.6603282    ,-24.8125 , 29.1875 , -21.1875
57250978  , 2.4516625 , -7.3141265 , 6.782933    , -0.23867282 , 0.71204054 , -0.66032815    ,-24.5625 , 28.4375 , -21.6875
244141  , 2.4925237 , -6.932757 , 7.3141265    , -0.24009651 , 0.6678094 , -0.7045455    ,-24.5625 , 28.4375 , -21.6875
26947022  , 2.4925237 , -6.932757 , 7.3141265    , -0.24009651 , 0.6678094 , -0.70454544    ,-24.5625 , 28.1875 , -21.6875
213623  , 2.4108016 , -6.851035 , 7.3549876    , -0.23323056 , 0.66279626 , -0.7115507    ,-24.5625 , 28.1875 , -21.6875
25299073  , 2.4108016 , -6.851035 , 7.3549876    , -0.23323056 , 0.6627964 , -0.7115508    ,-24.5625 , 28.4375 , -21.9375
4058839  , 2.6423476 , -6.701211 , 7.3141265    , -0.25739563 , 0.6527765 , -0.7124817    ,-24.5625 , 28.4375 , -21.9375
25329590  , 2.6423476 , -6.701211 , 7.3141265    , -0.25739563 , 0.6527766 , -0.7124816    ,-24.5625 , 28.1875 , -22.1875
244141  , 2.7649305 , -6.782933 , 7.1234417    , -0.27060843 , 0.6638571 , -0.6971833    ,-24.5625 , 28.1875 , -22.1875
28350830  , 2.7649305 , -6.782933 , 7.1234417    , -0.27060843 , 0.6638572 , -0.6971833    ,-25.0625 , 28.9375 , -21.9375
244140  , 2.6014864 , -6.851035 , 7.1234417    , -0.25454926 , 0.6703576 , -0.6970119    ,-25.0625 , 28.9375 , -21.9375
29296875  , 2.6014864 , -6.851035 , 7.1234417    , -0.25454926 , 0.67035747 , -0.69701177    ,-24.8125 , 29.4375 , -22.1875
213623  , 2.7649305 , -6.851035 , 7.014479    , -0.2714052 , 0.67249656 , -0.6885403    ,-24.8125 , 29.4375 , -22.1875
23773193  , 2.7649305 , -6.851035 , 7.014479    , -0.27140516 , 0.67249656 , -0.6885402    ,-25.0625 , 28.9375 , -22.1875
244141  , 3.1054392 , -6.8237944 , 6.6331096    , -0.31022447 , 0.6816774 , -0.6626286    ,-25.0625 , 28.9375 , -22.1875
22644043  , 3.1054392 , -6.8237944 , 6.6331096    , -0.31022444 , 0.68167734 , -0.66262853    ,-24.8125 , 28.9375 , -21.9375
244140  , 3.486809 , -7.014479 , 6.1700177    , -0.3496791 , 0.7034561 , -0.61876816    ,-24.8125 , 28.9375 , -21.9375
29113769  , 3.486809 , -7.014479 , 6.1700177    , -0.34967923 , 0.70345616 , -0.6187684    ,-24.3125 , 28.6875 , -22.4375
274658  , 3.5957718 , -6.973618 , 5.706926    , -0.37061942 , 0.71877706 , -0.588218    ,-24.3125 , 28.6875 , -22.4375
24810791  , 3.5957718 , -6.973618 , 5.706926    , -0.37061942 , 0.7187771 , -0.588218    ,-25.0625 , 28.6875 , -22.1875
244140  , 3.486809 , -6.851035 , 5.6660647    , -0.36511832 , 0.71740043 , -0.5933172    ,-25.0625 , 28.6875 , -22.1875
23712157  , 3.486809 , -6.851035 , 5.6660647    , -0.36511827 , 0.7174003 , -0.5933173    ,-24.8125 , 28.6875 , -22.4375
244140  , 3.718355 , -6.8237944 , 5.407278    , -0.39275944 , 0.7207783 , -0.5711557    ,-24.8125 , 28.6875 , -22.4375
28991698  , 3.718355 , -6.8237944 , 5.407278    , -0.39275944 , 0.7207783 , -0.5711557    ,-25.0625 , 28.6875 , -22.4375
244141  , 3.8273177 , -6.851035 , 5.597963    , -0.39704043 , 0.7107165 , -0.5807247    ,-25.0625 , 28.6875 , -22.4375
44097898  , 3.8273177 , -6.851035 , 5.597963    , -0.3970405 , 0.7107165 , -0.5807247    ,-25.0625 , 28.9375 , -22.6875
244140  , 3.9499009 , -6.742072 , 5.8567495    , -0.4044882 , 0.6904195 , -0.59975845    ,-25.0625 , 28.9375 , -22.6875
25512694  , 3.9499009 , -6.742072 , 5.8567495    , -0.4044882 , 0.69041944 , -0.5997585    ,-24.8125 , 28.6875 , -23.1875
244141  , 3.7864566 , -7.04172 , 6.0882955    , -0.37678435 , 0.70071054 , -0.6058367    ,-24.8125 , 28.6875 , -23.1875
19531250  , 3.7864566 , -7.04172 , 6.0882955    , -0.37678438 , 0.7007106 , -0.60583687    ,-24.5625 , 28.6875 , -22.9375
213623  , 3.445948 , -7.273266 , 6.469665    , -0.33370745 , 0.7043469 , -0.6265258    ,-24.5625 , 28.6875 , -22.9375
22491455  , 3.445948 , -7.273266 , 6.469665    , -0.3337075 , 0.704347 , -0.6265259    ,-24.5625 , 29.1875 , -22.9375
213623  , 3.3778462 , -7.164303 , 6.5513873    , -0.32861635 , 0.6969845 , -0.63735664    ,-24.5625 , 29.1875 , -22.9375
32348634  , 3.3778462 , -7.164303 , 6.5513873    , -0.3286163 , 0.69698465 , -0.6373566    ,-25.0625 , 29.1875 , -22.4375
2868653  , 2.9556155 , -6.973618 , 6.1700177    , -0.3025461 , 0.7138415 , -0.63158244    ,-25.0625 , 29.1875 , -22.4375
7232667  , 2.9556155 , -6.973618 , 6.1700177    , -0.30254614 , 0.71384156 , -0.6315826    ,-24.8125 , 29.1875 , -22.1875
244141  , 2.4516625 , -7.273266 , 5.829509    , -0.25437027 , 0.7546319 , -0.604836    ,-24.8125 , 29.1875 , -22.1875
63140871  , 2.4516625 , -7.273266 , 5.829509    , -0.25437024 , 0.7546318 , -0.6048359    ,-25.0625 , 29.4375 , -22.4375
244140  , 2.4108016 , -7.3549876 , 5.366417    , -0.2559673 , 0.78091705 , -0.5697802    ,-25.0625 , 29.4375 , -22.4375
5523682  , 2.4108016 , -7.3549876 , 5.366417    , -0.2559672 , 0.7809169 , -0.56978005    ,-25.0625 , 29.1875 , -22.4375
946045  , 2.7240696 , -7.7363577 , 3.8273177    , -0.30096972 , 0.854754 , -0.4228624    ,-25.0625 , 29.1875 , -22.4375
38970948  , 2.7240696 , -7.7363577 , 3.8273177    , -0.30096975 , 0.85475403 , -0.4228625    ,-24.8125 , 29.1875 , -21.6875
244141  , 3.2961242 , -7.9679036 , 2.9147544    , -0.36212906 , 0.87539464 , -0.32022983    ,-24.8125 , 29.1875 , -21.6875
40313721  , 3.2961242 , -7.9679036 , 2.9147544    , -0.362129 , 0.8753946 , -0.32022977    ,-24.8125 , 29.6875 , -20.75
427246  , 4.1814466 , -8.62168 , 3.568531    , -0.40894017 , 0.8431895 , -0.34899783    ,-24.8125 , 29.6875 , -20.75
39642334  , 4.1814466 , -8.62168 , 3.568531    , -0.40894014 , 0.84318936 , -0.3489978    ,-24.5625 , 30.6875 , -19.75
457764  , 6.3607025 , -8.349273 , 4.3312707    , -0.5601831 , 0.7353153 , -0.38145238    ,-24.5625 , 30.6875 , -19.75
38116455  , 6.3607025 , -8.349273 , 4.3312707    , -0.56018317 , 0.73531544 , -0.38145244    ,-25.0625 , 31.6875 , -18.5
488281  , 7.8589406 , -8.880466 , 5.2165933    , -0.6066221 , 0.68547255 , -0.40266213    ,-25.0625 , 31.6875 , -18.5
39215088  , 7.8589406 , -8.880466 , 5.2165933    , -0.6066221 , 0.68547237 , -0.40266252    ,-25.5625 , 31.9375 , -18.0625
488281  , 8.430995 , -8.730643 , 5.6252036    , -0.6302524 , 0.6526523 , -0.42050767    ,-25.5625 , 31.9375 , -18.0625
38757324  , 8.430995 , -8.730643 , 5.6252036    , -0.6302523 , 0.6526524 , -0.42050794    ,-26.5625 , 32.125 , -17.5625
488281  , 9.888372 , -8.62168 , 5.829509    , -0.68879443 , 0.6005605 , -0.406066    ,-26.5625 , 32.125 , -17.5625
39337157  , 9.888372 , -8.62168 , 5.829509    , -0.68879426 , 0.60056025 , -0.40606585    ,-27.875 , 31.4375 , -16.5625
488281  , 11.604536 , -9.00305 , 6.8237944    , -0.71654195 , 0.5559088 , -0.421347    ,-27.875 , 31.4375 , -16.5625
39947509  , 11.604536 , -9.00305 , 6.8237944    , -0.716542 , 0.5559088 , -0.42134705    ,-28.875 , 30.1875 , -16.5625
518799  , 13.375181 , -9.956474 , 5.829509    , -0.75720835 , 0.5636653 , -0.33002573    ,-28.875 , 30.1875 , -16.5625
37139891  , 13.375181 , -9.956474 , 5.829509    , -0.7572082 , 0.5636653 , -0.33002564    ,-29.625 , 29.1875 , -16.8125
244140  , 15.4046135 , -9.384419 , 5.9793324    , -0.8106324 , 0.49383357 , -0.31464854    ,-29.625 , 29.1875 , -16.8125
39215090  , 15.4046135 , -9.384419 , 5.9793324    , -0.8106323 , 0.49383348 , -0.3146486    ,-30.875 , 26.4375 , -18.0625
396729  , 17.66559 , -9.234595 , 5.5162406    , -0.8541183 , 0.44648594 , -0.26670617    ,-30.875 , 26.4375 , -18.0625
39550782  , 17.66559 , -9.234595 , 5.5162406    , -0.85411847 , 0.44648594 , -0.26670623    ,-31.9375 , 22.0 , -20.5
396728  , 18.850561 , -10.106298 , 5.6252036    , -0.85234386 , 0.45696476 , -0.25434828    ,-31.9375 , 22.0 , -20.5
38330079  , 18.850561 , -10.106298 , 5.6252036    , -0.8523439 , 0.45696482 , -0.2543483    ,-32.4375 , 16.3125 , -22.9375
396729  , 19.272793 , -10.378705 , 6.4424243    , -0.8446296 , 0.4548465 , -0.28233907    ,-32.4375 , 16.3125 , -22.9375
39428712  , 19.272793 , -10.378705 , 6.4424243    , -0.8446295 , 0.45484644 , -0.28233904    ,-32.4375 , 7.875 , -25.375
457764  , 19.531578 , -10.841797 , 6.0882955    , -0.8435613 , 0.46825305 , -0.26295114    ,-32.4375 , 7.875 , -25.375
39001465  , 19.531578 , -10.841797 , 6.0882955    , -0.8435614 , 0.46825305 , -0.26295114    ,-30.625 , -1.8125 , -26.5625
518798  , 19.000385 , -10.310603 , 7.3141265    , -0.83256614 , 0.45179397 , -0.32049322    ,-30.625 , -1.8125 , -26.5625
39001465  , 19.000385 , -10.310603 , 7.3141265    , -0.8325662 , 0.45179397 , -0.32049322    ,-27.375 , -11.4375 , -25.375
488282  , 17.474907 , -8.880466 , 7.9270425    , -0.82646716 , 0.41999733 , -0.37490565    ,-27.375 , -11.4375 , -25.375
38818359  , 17.474907 , -8.880466 , 7.9270425    , -0.82646716 , 0.4199973 , -0.37490553    ,-21.75 , -21.625 , -22.4375
488282  , 16.276316 , -7.6954966 , 7.6954966    , -0.83129054 , 0.39303693 , -0.3930369    ,-21.75 , -21.625 , -22.4375
39062499  , 16.276316 , -7.6954966 , 7.6954966    , -0.8312906 , 0.39303696 , -0.39303696    ,-14.9375 , -30.3125 , -17.8125
488281  , 14.410328 , -6.5513873 , 8.730643    , -0.7971339 , 0.36240208 , -0.48295164    ,-14.9375 , -30.3125 , -17.8125
43121337  , 14.410328 , -6.5513873 , 8.730643    , -0.7971339 , 0.36240208 , -0.4829516    ,-6.0 , -35.75 , -11.9375
213623  , 11.34575 , -5.134871 , 9.697687    , -0.7188084 , 0.325319 , -0.6143956    ,-6.0 , -35.75 , -11.9375
35919189  , 11.34575 , -5.134871 , 9.697687    , -0.71880853 , 0.32531905 , -0.6143957    ,4.125 , -38.75 , -7.0
213623  , 7.246025 , -4.5628166 , 8.390134    , -0.60442644 , 0.3806069 , -0.6998622    ,4.125 , -38.75 , -7.0
48431395  , 7.246025 , -4.5628166 , 8.390134    , -0.6044265 , 0.38060692 , -0.6998623    ,14.0 , -38.0 , -2.375
213623  , 3.5276701 , -4.5900574 , 7.8180795    , -0.3626278 , 0.47183612 , -0.8036616    ,14.0 , -38.0 , -2.375
76477049  , 3.5276701 , -4.5900574 , 7.8180795    , -0.36262777 , 0.47183612 , -0.8036615    ,24.4375 , -33.5 , 0.8125
274658  , 0.9942854 , -3.8273177 , 7.0553403    , -0.12293427 , 0.47321284 , -0.87232834    ,24.4375 , -33.5 , 0.8125
213623  , 0.9942854 , -3.8273177 , 7.0553403    , -0.12293428 , 0.47321284 , -0.8723283    ,33.3125 , -27.5625 , 3.0
244141  , -0.0 , -3.9771416 , 5.938472    , -1.4901161E-8 , 0.55645806 , -0.8308758    ,33.3125 , -27.5625 , 3.0
22705079  , -0.0 , -3.9771416 , 5.938472    , 0.0 , 0.556458 , -0.83087575    ,39.9375 , -19.125 , 5.1875
366211  , -2.9147544 , -6.3607025 , 4.9850473    , 0.33928064 , 0.7403928 , -0.58026505    ,39.9375 , -19.125 , 5.1875
15075684  , -2.9147544 , -6.3607025 , 4.9850473    , 0.33928055 , 0.7403926 , -0.58026487    ,44.5 , -10.9375 , 6.6875
274658  , -6.4015636 , -9.234595 , 2.7240696    , 0.55367583 , 0.7987069 , -0.23560676    ,44.5 , -10.9375 , 6.6875
38391114  , -6.4015636 , -9.234595 , 2.7240696    , 0.55367583 , 0.7987068 , -0.23560677    ,46.25 , -2.5625 , 8.375
213623  , -9.302697 , -10.760075 , 0.19068487    , 0.65395993 , 0.7564105 , -0.013404749    ,46.25 , -2.5625 , 8.375
52368165  , -9.302697 , -10.760075 , 0.19068487    , 0.6539599 , 0.7564104 , -0.013404757    ,46.75 , 6.125 , 8.875
244140  , -10.760075 , -12.762266 , -2.070293    , 0.639687 , 0.75871736 , 0.12307904    ,46.75 , 6.125 , 8.875
15594483  , -10.760075 , -12.762266 , -2.070293    , 0.63968706 , 0.7587174 , 0.123079024    ,45.5 , 13.3125 , 9.125
20507813  , -12.762266 , -13.715691 , -2.1383946    , 0.6768093 , 0.7273714 , 0.11340348    ,44.5 , 19.25 , 9.375
244140  , -11.686258 , -13.593107 , -2.3018389    , 0.6466079 , 0.75211495 , 0.12736219    ,44.5 , 19.25 , 9.375
34790039  , -11.686258 , -13.593107 , -2.3018389    , 0.64660794 , 0.75211495 , 0.12736219    ,44.25 , 22.75 , 9.125
274659  , -9.302697 , -11.645397 , -2.7240696    , 0.6139677 , 0.7685835 , 0.17978558    ,44.25 , 22.75 , 9.125
33569336  , -9.302697 , -11.645397 , -2.7240696    , 0.61396784 , 0.7685834 , 0.17978561    ,44.5 , 22.5 , 9.8125
274658  , -6.782933 , -10.378705 , -2.3018389    , 0.5378806 , 0.8230221 , 0.18253379    ,44.5 , 22.5 , 9.8125
40740967  , -6.782933 , -10.378705 , -2.3018389    , 0.5378808 , 0.8230223 , 0.18253386    ,45.75 , 19.5 , 10.5625
457763  , -4.862464 , -10.991621 , -1.3756552    , 0.40193656 , 0.90857935 , 0.11371316    ,45.75 , 19.5 , 10.5625
39916992  , -4.862464 , -10.991621 , -1.3756552    , 0.40193656 , 0.90857935 , 0.113713145    ,46.5 , 12.8125 , 9.8125
488281  , -2.6014864 , -10.800936 , 1.7570249    , 0.23128659 , 0.9602631 , -0.15620926    ,46.5 , 12.8125 , 9.8125
38513182  , -2.6014864 , -10.800936 , 1.7570249    , 0.23128662 , 0.9602632 , -0.15620929    ,46.5 , 3.4375 , 9.125
213623  , 0.46309182 , -12.176591 , 4.7943625    , -0.035364978 , 0.92989093 , -0.36613157    ,46.5 , 3.4375 , 9.125
39001464  , 0.46309182 , -12.176591 , 4.7943625    , -0.035364978 , 0.9298907 , -0.36613145    ,43.6875 , -6.75 , 6.9375
335693  , 2.9147544 , -16.630445 , 6.782933    , -0.16019107 , 0.91398746 , -0.37278113    ,43.6875 , -6.75 , 6.9375
39611815  , 2.9147544 , -16.630445 , 6.782933    , -0.16019109 , 0.9139875 , -0.37278113    ,38.375 , -18.625 , 3.0
457764  , 7.504812 , -19.6133 , 14.246883    , -0.29573622 , 0.772886 , -0.56141573    ,38.375 , -18.625 , 3.0
39764404  , 7.504812 , -19.6133 , 14.246883    , -0.2957362 , 0.77288586 , -0.5614157    ,29.0 , -28.3125 , -2.625
244140  , 13.375181 , -19.6133 , 18.959524    , -0.44023985 , 0.6455656 , -0.6240467    ,29.0 , -28.3125 , -2.625
38116457  , 13.375181 , -19.6133 , 18.959524    , -0.44023973 , 0.64556545 , -0.6240466    ,14.8125 , -33.25 , -10.1875
549316  , 19.504337 , -19.6133 , 19.381754    , -0.57747793 , 0.58070403 , -0.5738484    ,14.8125 , -33.25 , -10.1875
40252687  , 19.504337 , -19.6133 , 19.381754    , -0.5774779 , 0.58070403 , -0.5738485    ,-0.6875 , -28.8125 , -18.75
366210  , 19.57244 , -19.6133 , 19.422615    , -0.5784185 , 0.579626 , -0.57399076    ,-0.6875 , -28.8125 , -18.75
38116456  , 19.57244 , -19.6133 , 19.422615    , -0.5784185 , 0.579626 , -0.5739907    ,-12.875 , -15.4375 , -25.125
396728  , 19.57244 , -19.6133 , 17.583868    , -0.59641194 , 0.5976571 , -0.53581613    ,-12.875 , -15.4375 , -25.125
41503907  , 19.57244 , -19.6133 , 17.583868    , -0.5964118 , 0.59765697 , -0.53581613    ,-20.5 , 2.1875 , -27.8125
396728  , 19.57244 , -17.924377 , 13.402422    , -0.65829676 , 0.6028661 , -0.45077527    ,-20.5 , 2.1875 , -27.8125
36987306  , 19.57244 , -17.924377 , 13.402422    , -0.6582967 , 0.602866 , -0.4507751    ,-22.25 , 16.8125 , -29.0625
396729  , 19.504337 , -19.6133 , 1.7978859    , -0.70364946 , 0.70758057 , -0.064861566    ,-22.25 , 16.8125 , -29.0625
41473388  , 19.504337 , -19.6133 , 1.7978859    , -0.70364964 , 0.70758057 , -0.06486156    ,-20.25 , 23.5 , -29.0625
274658  , 19.531578 , -18.850561 , -14.750836    , -0.6322213 , 0.6101773 , 0.4774726    ,-20.25 , 23.5 , -29.0625
305175  , 19.531578 , -18.850561 , -14.750836    , -0.6322211 , 0.6101772 , 0.47747242    ,-19.25 , 23.5 , -30.0
213623  , 13.565866 , -12.871228 , -7.3958488    , -0.67459327 , 0.6400508 , 0.3677752    ,-19.25 , 23.5 , -30.0
23071288  , 13.565866 , -12.871228 , -7.3958488    , -0.6745934 , 0.64005095 , 0.36777526    ,-17.9375 , 20.25 , -31.75
213623  , 4.862464 , -12.762266 , -2.1383946    , -0.35175112 , 0.9232237 , 0.15469167    ,-17.9375 , 20.25 , -31.75
35736084  , 4.862464 , -12.762266 , -2.1383946    , -0.35175106 , 0.9232235 , 0.15469167    ,-17.1875 , 18.75 , -32.9375
244141  , 4.8216033 , -9.343558 , -1.2258313    , -0.45549178 , 0.8826762 , 0.115802996    ,-17.1875 , 18.75 , -32.9375
29724121  , 4.8216033 , -9.343558 , -1.2258313    , -0.45549178 , 0.8826761 , 0.11580298    ,-17.4375 , 18.0 , -33.4375
366211  , 6.932757 , -4.5219555 , 4.099725    , -0.7505563 , 0.48955736 , -0.4438457    ,-17.4375 , 18.0 , -33.4375
29266356  , 6.932757 , -4.5219555 , 4.099725    , -0.75055635 , 0.48955733 , -0.44384566    ,-16.1875 , 18.25 , -33.1875
396728  , 6.4424243 , -3.255263 , 6.973618    , -0.6418944 , 0.32433993 , -0.6948203    ,-16.1875 , 18.25 , -33.1875
39703368  , 6.4424243 , -3.255263 , 6.973618    , -0.64189446 , 0.32433993 , -0.6948202    ,-14.9375 , 19.25 , -33.6875
427246  , 3.9090397 , -3.214402 , 8.771504    , -0.38600916 , 0.31741518 , -0.8661668    ,-14.9375 , 19.25 , -33.6875
39001463  , 3.9090397 , -3.214402 , 8.771504    , -0.38600904 , 0.3174151 , -0.86616665    ,-12.875 , 19.25 , -33.9375
488281  , 0.61291564 , -3.5957718 , 10.079058    , -0.05718136 , 0.33546412 , -0.94031596    ,-12.875 , 19.25 , -33.9375
39093018  , 0.61291564 , -3.5957718 , 10.079058    , -0.057181373 , 0.33546406 , -0.94031596    ,-10.3125 , 19.75 , -33.6875
488281  , -0.53119355 , -3.7864566 , 12.4489975    , 0.040789083 , 0.29075286 , -0.9559284    ,-10.3125 , 19.75 , -33.6875
38848879  , -0.53119355 , -3.7864566 , 12.4489975    , 0.040789045 , 0.29075283 , -0.9559283    ,-8.5625 , 20.25 , -34.1875
488281  , -0.6946377 , -3.445948 , 9.915613    , 0.0660284 , 0.3275526 , -0.9425229    ,-8.5625 , 20.25 , -34.1875
49499513  , -0.6946377 , -3.445948 , 9.915613    , 0.06602839 , 0.32755262 , -0.942523    ,-7.5625 , 20.5 , -34.4375
488281  , 0.84446156 , -2.4516625 , 9.234595    , -0.08804049 , 0.25560144 , -0.96276534    ,-7.5625 , 20.5 , -34.4375
39428712  , 0.84446156 , -2.4516625 , 9.234595    , -0.088040486 , 0.25560138 , -0.9627652    ,-7.8125 , 21.25 , -33.9375
793457  , 1.56634 , -3.1054392 , 8.19945    , -0.17586212 , 0.3486657 , -0.9206    ,-7.8125 , 21.25 , -33.9375
36193848  , 1.56634 , -3.1054392 , 8.19945    , -0.1758621 , 0.34866577 , -0.9206    ,-8.3125 , 21.75 , -34.1875
213624  , 1.5390993 , -3.636633 , 8.049625    , -0.17165825 , 0.40559947 , -0.89778763    ,-8.3125 , 21.75 , -34.1875
29724122  , 1.5390993 , -3.636633 , 8.049625    , -0.17165813 , 0.40559947 , -0.8977875    ,-8.5625 , 22.0 , -33.9375
244141  , 0.84446156 , -4.2904096 , 8.471856    , -0.088575676 , 0.45002156 , -0.88861394    ,-8.5625 , 22.0 , -33.9375
30334473  , 0.84446156 , -4.2904096 , 8.471856    , -0.08857569 , 0.4500215 , -0.88861406    ,-9.0625 , 22.25 , -33.1875
396729  , 0.3405087 , -4.2495484 , 8.349273    , -0.036322117 , 0.45329976 , -0.89061785    ,-9.0625 , 22.25 , -33.1875
39398193  , 0.3405087 , -4.2495484 , 8.349273    , -0.036322102 , 0.4532997 , -0.89061767    ,-9.0625 , 22.5 , -33.1875
396729  , 0.38136974 , -3.7864566 , 8.62168    , -0.040466964 , 0.401779 , -0.91484225    ,-9.0625 , 22.5 , -33.1875
38360595  , 0.38136974 , -3.7864566 , 8.62168    , -0.04046692 , 0.401779 , -0.9148421    ,-8.8125 , 23.0 , -32.9375
427246  , 0.08172209 , -3.759216 , 9.084772    , -0.008311734 , 0.38233864 , -0.923985    ,-8.8125 , 23.0 , -32.9375
39947509  , 0.08172209 , -3.759216 , 9.084772    , -0.008311734 , 0.38233864 , -0.9239851    ,-9.0625 , 23.75 , -32.9375
457763  , -0.6537767 , -4.372132 , 9.112013    , 0.06455289 , 0.43169743 , -0.89970577    ,-9.0625 , 23.75 , -32.9375
40252684  , -0.6537767 , -4.372132 , 9.112013    , 0.0645529 , 0.43169737 , -0.89970565    ,-9.0625 , 24.0 , -33.1875
213623  , -0.08172209 , -3.9090397 , 9.80665    , 0.0077407807 , 0.37026706 , -0.9288929    ,-9.0625 , 24.0 , -33.1875
