1289762062792274449  , -0.21212122 , 0.009803922 , 0.97196263 , 171.38687 , 367.87408 , 421.32938
1289762062810033445  , -0.22222222 , 0.009803922 , 0.97196263 , 171.39697 , 367.90244 , 421.33707
1289762062812198427  , -0.13131313 , -0.009803922 , 1.0093458 , 171.39441 , 367.9299 , 421.33182
1289762062829749425  , -0.1010101 , -0.009803922 , 1.0093458 , 171.42807 , 367.78854 , 421.33182
1289762062832276407  , -0.15151516 , -0.009803922 , 1.0093458 , 171.4349 , 367.77124 , 421.3358
1289762062849756405  , -0.18181819 , 0.009803922 , 0.97196263 , 171.4724 , 367.83472 , 421.38483
1289762062853388387  , -0.18181819 , 0.039215688 , 0.97196263 , 171.47742 , 367.84293 , 421.38867
1289762062871235384  , -0.1919192 , -0.019607844 , 0.97196263 , 171.51076 , 367.85574 , 421.4188
1289762062873500366  , -0.1919192 , 0.0 , 0.97196263 , 171.51834 , 367.86954 , 421.42145
1289762062891068364  , -0.18181819 , -0.009803922 , 0.97196263 , 171.61353 , 368.13013 , 421.40414
1289762062893435346  , -0.17171717 , 0.039215688 , 0.93457943 , 171.62582 , 368.16888 , 421.39914
1289762062911129344  , -0.2020202 , 0.039215688 , 0.97196263 , 171.7662 , 368.6314 , 421.34528
1289762062913434326  , -0.22222222 , -0.009803922 , 0.97196263 , 171.78468 , 368.68964 , 421.33972
1289762062930971324  , -0.26262626 , -0.009803922 , 0.97196263 , 171.97891 , 369.35788 , 421.25125
1289762062933521306  , -0.27272728 , 0.029411765 , 0.97196263 , 172.0082 , 369.44113 , 421.23907
1289762062951128304  , -0.13131313 , 0.019607844 , 0.97196263 , 172.30531 , 370.12958 , 421.09775
1289762062953837286  , -0.060606062 , 0.009803922 , 0.97196263 , 172.33266 , 370.2502 , 421.06912
1289762062971167283  , -0.05050505 , 0.009803922 , 0.93457943 , 172.5692 , 371.11432 , 420.93768
1289762062973502266  , -0.13131313 , 0.019607844 , 1.0093458 , 172.60709 , 371.31647 , 420.92422
1289762062991116264  , -0.37373737 , -0.12745099 , 1.0093458 , 172.89171 , 373.72318 , 420.87808
1289762062994775246  , -0.26262626 , -0.09803922 , 0.71028036 , 172.90549 , 373.94754 , 420.8889
1289762063012281242  , -0.65656567 , 0.32352942 , 1.6074766 , 173.05356 , 374.0687 , 420.97925
1289762063014663225  , -0.4949495 , 0.32352942 , 0.97196263 , 173.13885 , 373.6429 , 421.0521
1289762063032307222  , -0.28282827 , 0.029411765 , 0.5233645 , 173.15039 , 370.93906 , 421.4611
1289762063034864205  , -0.35353535 , 0.19607843 , 1.046729 , 173.18512 , 370.9678 , 421.47635
1289762063052352202  , -0.21212122 , 0.15686275 , 0.93457943 , 173.37744 , 371.19342 , 421.3988
1289762063054669185  , -0.23232323 , 0.039215688 , 1.0093458 , 173.39056 , 371.20746 , 421.38974
1289762063072257182  , -0.32323232 , 0.019607844 , 1.0093458 , 173.42838 , 371.29208 , 421.40704
1289762063075915165  , -0.35353535 , 0.05882353 , 1.0093458 , 173.42986 , 371.28778 , 421.41486
1289762063093611161  , -0.27272728 , 0.078431375 , 0.97196263 , 173.42311 , 371.04498 , 421.44226
1289762063096097144  , -0.18181819 , 0.11764706 , 0.97196263 , 173.42062 , 370.9504 , 421.4469
1289762063113449141  , -0.121212125 , 0.068627454 , 0.97196263 , 173.40396 , 370.37094 , 421.4469
1289762063116057124  , -0.17171717 , 0.078431375 , 0.97196263 , 173.40181 , 370.29538 , 421.4469
1289762063133475121  , -0.22222222 , 0.05882353 , 1.0093458 , 173.41335 , 370.10242 , 421.4469
1289762063135949104  , -0.22222222 , 0.029411765 , 1.0093458 , 173.41618 , 370.0832 , 421.4469
1289762063153467101  , -0.21212122 , 0.05882353 , 1.0093458 , 173.41618 , 369.8582 , 421.4469
1289762063156078084  , -0.1919192 , 0.05882353 , 1.0093458 , 173.41618 , 369.8049 , 421.4469
1289762063173587081  , -0.21212122 , 0.05882353 , 1.0093458 , 173.41618 , 369.46964 , 421.4469
1289762063177153064  , -0.2020202 , 0.05882353 , 1.0093458 , 173.41618 , 369.41162 , 421.4469
1289762063194832060  , -0.23232323 , 0.078431375 , 1.0093458 , 173.408 , 369.12363 , 421.4469
1289762063197145042  , -0.21212122 , 0.078431375 , 1.0093458 , 173.40555 , 369.0465 , 421.4469
1289762063214679040  , -0.08080808 , 0.019607844 , 0.97196263 , 173.37285 , 368.21188 , 421.42575
1289762063217363022  , -0.09090909 , 0.04901961 , 0.97196263 , 173.36975 , 368.09927 , 421.41858
1289762063227255020  , -0.17171717 , 0.029411765 , 1.0093458 , 173.38515 , 367.45312 , 421.41858
1289762063244898010  , -0.17171717 , 0.05882353 , 1.0093458 , 173.38783 , 367.38004 , 421.41858
1289762063247281992  , -0.15151516 , 0.05882353 , 1.0093458 , 173.38933 , 367.32663 , 421.41858
1289762063264797990  , -0.08080808 , 0.04901961 , 0.97196263 , 173.40375 , 366.742 , 421.41858
1289762063267323972  , -0.09090909 , 0.04901961 , 0.97196263 , 173.40375 , 366.66754 , 421.41858
1289762063284738970  , -0.13131313 , 0.029411765 , 1.0093458 , 173.42203 , 366.26657 , 421.41858
1289762063288399952  , -0.15151516 , 0.05882353 , 1.0093458 , 173.42395 , 366.24533 , 421.4175
1289762063306123949  , -0.121212125 , 0.05882353 , 1.0093458 , 173.42395 , 366.078 , 421.4175
1289762063308406931  , -0.05050505 , 0.078431375 , 0.97196263 , 173.42395 , 366.03455 , 421.4175
1289762063326118929  , -0.04040404 , 0.04901961 , 0.97196263 , 173.44318 , 365.70663 , 421.4175
1289762063328529911  , -0.11111111 , 0.078431375 , 1.0093458 , 173.44531 , 365.70953 , 421.4175
1289762063345953909  , -0.18181819 , 0.04901961 , 1.0093458 , 173.46262 , 366.04703 , 421.4175
1289762063348572891  , -0.18181819 , 0.05882353 , 1.046729 , 173.46507 , 366.0885 , 421.4175
1289762063365997889  , -0.14141414 , 0.078431375 , 1.0093458 , 173.4795 , 366.18945 , 421.4175
1289762063368449871  , -0.11111111 , 0.05882353 , 1.0093458 , 173.48282 , 366.17258 , 421.4175
1289762063395973869  , -0.09090909 , 0.078431375 , 0.97196263 , 173.49916 , 365.91296 , 421.4175
1289762063397126841  , -0.11111111 , 0.029411765 , 1.0093458 , 173.50108 , 365.89594 , 421.4175
1289762063398543840  , -0.14141414 , 0.078431375 , 1.0093458 , 173.54147 , 365.81516 , 421.4175
1289762063416106839  , -0.13131313 , 0.029411765 , 1.0093458 , 173.58185 , 365.81516 , 421.4175
1289762063419883821  , -0.1010101 , 0.05882353 , 1.0093458 , 173.58313 , 365.8002 , 421.4175
1289762063437331817  , -0.11111111 , 0.05882353 , 1.0093458 , 173.59035 , 365.7103 , 421.4175
1289762063439830800  , -0.121212125 , 0.078431375 , 1.0093458 , 173.59373 , 365.69943 , 421.4175
1289762063457310797  , -0.11111111 , 0.05882353 , 1.0093458 , 173.61298 , 365.66034 , 421.4175
1289762063459818780  , -0.11111111 , 0.029411765 , 1.0093458 , 173.61534 , 365.65094 , 421.4175
1289762063477304777  , -0.1010101 , 0.029411765 , 1.0093458 , 173.62946 , 365.5772 , 421.4175
1289762063479840760  , -0.1010101 , 0.029411765 , 1.0093458 , 173.63261 , 365.56873 , 421.4175
1289762063497299757  , -0.1010101 , 0.05882353 , 1.0093458 , 173.64287 , 365.54245 , 421.42456
1289762063500971740  , -0.11111111 , 0.05882353 , 1.0093458 , 173.64479 , 365.54697 , 421.42456
1289762063518600736  , -0.121212125 , 0.05882353 , 1.0093458 , 173.65825 , 365.59793 , 421.42456
1289762063520947719  , -0.121212125 , 0.078431375 , 1.0093458 , 173.66086 , 365.61456 , 421.42456
1289762063538583716  , -0.09090909 , 0.05882353 , 1.0093458 , 173.66919 , 365.69598 , 421.42456
1289762063541140699  , -0.121212125 , 0.05882353 , 1.0093458 , 173.67236 , 365.7064 , 421.42456
1289762063558650696  , -0.14141414 , 0.029411765 , 1.0093458 , 173.68326 , 365.81857 , 421.42456
1289762063562327678  , -0.14141414 , 0.05882353 , 1.0093458 , 173.68571 , 365.83694 , 421.42456
1289762063579756675  , -0.13131313 , 0.029411765 , 1.0093458 , 173.7011 , 365.89078 , 421.42456
1289762063582251657  , -0.121212125 , 0.05882353 , 1.0093458 , 173.70409 , 365.89197 , 421.42456
1289762063599761655  , -0.11111111 , 0.05882353 , 1.0093458 , 173.72333 , 365.8756 , 421.42456
1289762063602166637  , -0.11111111 , 0.029411765 , 1.0093458 , 173.72472 , 365.8756 , 421.42456
1289762063619754635  , -0.13131313 , 0.029411765 , 1.0093458 , 173.74586 , 365.92947 , 421.42456
1289762063623555617  , -0.13131313 , 0.029411765 , 1.0093458 , 173.74768 , 365.93716 , 421.42456
1289762063641092614  , -0.13131313 , 0.05882353 , 1.0093458 , 173.76178 , 365.9724 , 421.42456
1289762063643614596  , -0.13131313 , 0.05882353 , 1.0093458 , 173.7653 , 365.97818 , 421.42456
1289762063661048594  , -0.13131313 , 0.05882353 , 1.0093458 , 173.7855 , 365.97818 , 421.42456
1289762063663579576  , -0.13131313 , 0.05882353 , 1.0093458 , 173.78658 , 365.97668 , 421.42456
1289762063681072574  , -0.13131313 , 0.05882353 , 1.0093458 , 173.8058 , 365.9488 , 421.42456
1289762063683755556  , -0.13131313 , 0.078431375 , 1.0093458 , 173.80783 , 365.94272 , 421.42456
1289762063700958553  , -0.13131313 , 0.029411765 , 1.0093458 , 173.8168 , 365.89655 , 421.42456
1289762063703435536  , -0.121212125 , 0.05882353 , 1.0093458 , 173.81883 , 365.88806 , 421.42456
1289762063721022534  , -0.121212125 , 0.05882353 , 1.0093458 , 173.83423 , 365.82846 , 421.42456
1289762063723405516  , -0.121212125 , 0.029411765 , 1.0093458 , 173.83679 , 365.82385 , 421.42456
1289762063740965514  , -0.13131313 , 0.029411765 , 1.0093458 , 173.84737 , 365.77963 , 421.42456
1289762063743487496  , -0.13131313 , 0.05882353 , 1.0093458 , 173.84972 , 365.77524 , 421.42575
1289762063761155494  , -0.121212125 , 0.029411765 , 1.0093458 , 173.86606 , 365.72815 , 421.42575
1289762063764841476  , -0.121212125 , 0.05882353 , 1.0093458 , 173.86841 , 365.72195 , 421.42575
1289762063782246472  , -0.13131313 , 0.05882353 , 1.0093458 , 173.87418 , 365.69598 , 421.42575
1289762063784663455  , -0.13131313 , 0.078431375 , 1.0093458 , 173.87633 , 365.68884 , 421.42575
1289762063802221452  , -0.121212125 , 0.05882353 , 1.0093458 , 173.89043 , 365.64142 , 421.42575
1289762063804684435  , -0.121212125 , 0.05882353 , 1.0093458 , 173.89168 , 365.62796 , 421.42575
1289762063822228432  , -0.13131313 , 0.05882353 , 1.0093458 , 173.90257 , 365.52795 , 421.42575
1289762063824856415  , -0.13131313 , 0.029411765 , 1.0093458 , 173.90506 , 365.50656 , 421.42575
1289762063842221412  , -0.121212125 , 0.029411765 , 1.0093458 , 173.91531 , 365.34824 , 421.42575
1289762063846173395  , -0.11111111 , 0.05882353 , 1.0093458 , 173.91702 , 365.3178 , 421.42575
1289762063863615391  , -0.11111111 , 0.029411765 , 1.0093458 , 173.93288 , 365.18127 , 421.42575
1289762063866094374  , -0.1010101 , 0.05882353 , 1.0093458 , 173.9347 , 365.14868 , 421.42575
1289762063883588371  , -0.11111111 , 0.05882353 , 1.0093458 , 173.9443 , 364.9724 , 421.42575
1289762063886068354  , -0.11111111 , 0.078431375 , 1.0093458 , 173.9468 , 364.9429 , 421.42575
1289762063903628351  , -0.11111111 , 0.029411765 , 1.0093458 , 173.95576 , 364.78455 , 421.42575
1289762063906052334  , -0.1010101 , 0.05882353 , 1.0093458 , 173.95848 , 364.75742 , 421.42575
1289762063923679331  , -0.09090909 , 0.05882353 , 1.0093458 , 173.97324 , 364.6106 , 421.42575
1289762063925941313  , -0.08080808 , 0.029411765 , 1.0093458 , 173.97324 , 364.58594 , 421.42575
1289762063943631311  , -0.09090909 , 0.05882353 , 1.0093458 , 173.98958 , 364.37823 , 421.42575
1289762063946148294  , -0.09090909 , 0.05882353 , 1.0093458 , 173.9915 , 364.35934 , 421.42575
1289762063963521291  , -0.1010101 , 0.029411765 , 1.0093458 , 174.00752 , 364.29782 , 421.42575
1289762063967193274  , -0.11111111 , 0.05882353 , 1.0093458 , 174.01047 , 364.2926 , 421.42575
1289762063984890270  , -0.11111111 , 0.029411765 , 1.0093458 , 174.02057 , 364.26712 , 421.42575
1289762063987321252  , -0.1010101 , 0.078431375 , 1.0093458 , 174.0226 , 364.25656 , 421.42575
1289762064004699250  , -0.08080808 , 0.029411765 , 1.0093458 , 174.0524 , 364.10367 , 421.42575
1289762064007186232  , -0.08080808 , 0.029411765 , 1.0093458 , 174.05528 , 364.0836 , 421.42575
1289762064024753230  , -0.07070707 , 0.05882353 , 1.0093458 , 174.07451 , 363.90378 , 421.42575
1289762064027165212  , -0.07070707 , 0.029411765 , 1.0093458 , 174.076 , 363.8884 , 421.42575
1289762064044740210  , -0.08080808 , 0.05882353 , 1.0093458 , 174.10005 , 363.80185 , 421.42575
1289762064047272192  , -0.09090909 , 0.05882353 , 1.0093458 , 174.10294 , 363.7978 , 421.42575
1289762064064791190  , -0.1010101 , 0.05882353 , 1.0093458 , 174.12697 , 363.7978 , 421.42575
1289762064068619172  , -0.09090909 , 0.05882353 , 1.0093458 , 174.12964 , 363.79532 , 421.42575
1289762064086158169  , -0.1010101 , 0.05882353 , 1.0093458 , 174.14117 , 363.76904 , 421.42575
1289762064088510151  , -0.1010101 , 0.078431375 , 1.0093458 , 174.14397 , 363.76233 , 421.42575
1289762064105995149  , -0.09090909 , 0.05882353 , 1.0093458 , 174.1805 , 363.6825 , 421.42575
1289762064108443131  , -0.11111111 , 0.04901961 , 1.0093458 , 174.18402 , 363.67053 , 421.42575
1289762064126050129  , -0.11111111 , 0.04901961 , 1.0093458 , 174.2071 , 363.5215 , 421.42575
1289762064129689111  , -0.1010101 , 0.04901961 , 1.0093458 , 174.20924 , 363.49063 , 421.4269
1289762064147269107  , -0.08080808 , 0.029411765 , 1.0093458 , 174.21982 , 363.2844 , 421.4269
1289762064149755090  , -0.07070707 , 0.029411765 , 1.0093458 , 174.22095 , 363.22998 , 421.4269
1289762064167361087  , -0.060606062 , 0.029411765 , 1.0093458 , 174.2312 , 362.90112 , 421.4269
1289762064169688070  , -0.04040404 , 0.05882353 , 1.0093458 , 174.23245 , 362.84286 , 421.4269
1289762064187220067  , -0.05050505 , 0.05882353 , 1.0093458 , 174.24335 , 362.5313 , 421.4269
1289762064189647050  , -0.04040404 , 0.078431375 , 1.0093458 , 174.2455 , 362.4853 , 421.4269
1289762064207346047  , -0.04040404 , 0.029411765 , 1.0093458 , 174.2519 , 362.28207 , 421.4269
1289762064209898030  , -0.030303031 , 0.05882353 , 1.0093458 , 174.25427 , 362.2572 , 421.4269
1289762064227231027  , -0.030303031 , 0.05882353 , 1.0093458 , 174.26454 , 362.17578 , 421.4269
1289762064229693010  , -0.030303031 , 0.05882353 , 1.0093458 , 174.26646 , 362.17056 , 421.4269
1289762064247282007  , -0.05050505 , 0.05882353 , 1.0093458 , 174.27672 , 362.18726 , 421.4269
1289762064249703990  , -0.060606062 , 0.029411765 , 1.0093458 , 174.27943 , 362.19504 , 421.4269
1289762064267398987  , -0.08080808 , 0.078431375 , 1.0093458 , 174.29225 , 362.24506 , 421.4269
1289762064271073970  , -0.08080808 , 0.078431375 , 1.0093458 , 174.29451 , 362.2525 , 421.4269
1289762064288615966  , -0.09090909 , 0.078431375 , 1.0093458 , 174.30461 , 362.23474 , 421.4269
1289762064291019949  , -0.08080808 , 0.05882353 , 1.046729 , 174.30789 , 362.22012 , 421.4269
1289762064308589946  , -0.07070707 , 0.04901961 , 1.0093458 , 174.31815 , 362.05475 , 421.4269
1289762064311128929  , -0.05050505 , 0.078431375 , 1.0093458 , 174.3203 , 362.0163 , 421.4269
1289762064328616926  , -0.030303031 , 0.029411765 , 1.0093458 , 174.33247 , 361.75476 , 421.4269
1289762064330986909  , -0.02020202 , 0.029411765 , 1.0093458 , 174.3344 , 361.705 , 421.4269
1289762064348472906  , -0.01010101 , 0.029411765 , 1.0093458 , 174.34529 , 361.42355 , 421.4269
1289762064350904889  , 0.0 , 0.029411765 , 1.0093458 , 174.3471 , 361.37854 , 421.4269
1289762064368675886  , 0.0 , 0.078431375 , 0.97196263 , 174.36057 , 361.22214 , 421.4269
1289762064372138868  , -0.01010101 , 0.05882353 , 1.0093458 , 174.36206 , 361.21402 , 421.4269
1289762064389827865  , -0.030303031 , 0.029411765 , 1.0093458 , 174.37488 , 361.27042 , 421.4269
1289762064392259847  , -0.05050505 , 0.078431375 , 1.0093458 , 174.37819 , 361.2907 , 421.4269
1289762064409914845  , -0.060606062 , 0.04901961 , 1.0093458 , 174.39839 , 361.5013 , 421.4269
1289762064412303827  , -0.060606062 , 0.078431375 , 1.0093458 , 174.40031 , 361.51572 , 421.4269
1289762064429942825  , -0.05050505 , 0.078431375 , 1.0093458 , 174.42723 , 361.54938 , 421.4269
1289762064432344807  , -0.04040404 , 0.05882353 , 1.0093458 , 174.42926 , 361.54254 , 421.4269
1289762064449759805  , -0.030303031 , 0.05882353 , 1.0093458 , 174.4408 , 361.40408 , 421.4269
1289762064452263787  , -0.030303031 , 0.029411765 , 1.0093458 , 174.44272 , 361.38516 , 421.4269
1289762064469741785  , -0.02020202 , 0.029411765 , 1.0093458 , 174.45427 , 361.2265 , 421.4269
1289762064473451767  , -0.02020202 , 0.05882353 , 1.0093458 , 174.45705 , 361.2186 , 421.4269
1289762064491177764  , -0.04040404 , 0.029411765 , 1.0093458 , 174.48012 , 361.2045 , 421.4269
1289762064493610746  , -0.04040404 , 0.078431375 , 1.0093458 , 174.48247 , 361.20813 , 421.4269
1289762064511150744  , -0.04040404 , 0.029411765 , 1.0093458 , 174.49689 , 361.2716 , 421.4269
1289762064513691726  , -0.05050505 , 0.078431375 , 1.0093458 , 174.49849 , 361.27695 , 421.4269
1289762064530993723  , -0.030303031 , 0.078431375 , 1.0093458 , 174.51323 , 361.28784 , 421.4269
1289762064533491706  , -0.030303031 , 0.05882353 , 1.0093458 , 174.5155 , 361.28534 , 421.42828
1289762064551018704  , -0.04040404 , 0.05882353 , 1.0093458 , 174.54819 , 361.2488 , 421.42828
1289762064553648686  , -0.02020202 , 0.05882353 , 1.0093458 , 174.55043 , 361.2451 , 421.42828
1289762064571067683  , -0.01010101 , 0.078431375 , 0.97196263 , 174.56519 , 361.22968 , 421.42828
1289762064574842666  , -0.030303031 , 0.068627454 , 1.0093458 , 174.56688 , 361.23694 , 421.42828
1289762064592234662  , -0.060606062 , 0.15686275 , 1.0093458 , 174.57793 , 361.35425 , 421.42828
1289762064594673645  , -0.04040404 , 0.12745099 , 1.0093458 , 174.58054 , 361.38058 , 421.42828
1289762064612424642  , -0.060606062 , 0.05882353 , 1.0093458 , 174.60104 , 361.41458 , 421.41867
1289762064614849625  , -0.07070707 , 0.0 , 1.0093458 , 174.60648 , 361.41162 , 421.41867
1289762064632425622  , -0.05050505 , -0.029411765 , 1.0093458 , 174.62827 , 361.3815 , 421.41867
1289762064634664605  , -0.04040404 , 0.019607844 , 1.0093458 , 174.62985 , 361.3772 , 421.41867
1289762064652446602  , -0.05050505 , 0.029411765 , 1.0093458 , 174.64653 , 361.29257 , 421.41867
1289762064654841585  , -0.05050505 , 0.04901961 , 1.0093458 , 174.64867 , 361.27097 , 421.41867
1289762064676131582  , -0.030303031 , 0.029411765 , 1.0093458 , 174.6583 , 361.12482 , 421.41867
1289762064677169561  , -0.01010101 , 0.078431375 , 0.97196263 , 174.65985 , 361.09973 , 421.41867
1289762064694741560  , -0.02020202 , 0.029411765 , 1.0093458 , 174.69638 , 360.69974 , 421.41867
1289762064695944542  , -0.04040404 , 0.029411765 , 1.0093458 , 174.69894 , 360.69556 , 421.41867
1289762064713707541  , -0.04040404 , 0.078431375 , 1.0093458 , 174.74895 , 360.84747 , 421.41867
1289762064715996523  , -0.04040404 , 0.05882353 , 1.0093458 , 174.75279 , 360.85648 , 421.41974
1289762064733643521  , -0.030303031 , 0.029411765 , 1.0093458 , 174.7749 , 360.8661 , 421.41974
1289762064735981503  , -0.02020202 , 0.05882353 , 1.0093458 , 174.77885 , 360.8619 , 421.41974
1289762064753514501  , -0.04040404 , 0.029411765 , 1.0093458 , 174.80482 , 360.8619 , 421.42935
1289762064757173484  , -0.05050505 , 0.05882353 , 1.0093458 , 174.80788 , 360.87064 , 421.42935
1289762064774858480  , -0.05050505 , 0.029411765 , 1.0093458 , 174.82086 , 360.91486 , 421.42935
1289762064777320462  , -0.030303031 , 0.078431375 , 1.0093458 , 174.82236 , 360.91998 , 421.42935
1289762064794740460  , -0.04040404 , 0.029411765 , 1.0093458 , 174.84927 , 360.95172 , 421.42935
1289762064797166442  , -0.04040404 , 0.05882353 , 1.0093458 , 174.85162 , 360.95908 , 421.42935
1289762064814799440  , -0.04040404 , 0.078431375 , 1.0093458 , 174.8776 , 361.0331 , 421.42935
1289762064817255422  , -0.030303031 , 0.05882353 , 1.0093458 , 174.88026 , 361.03964 , 421.42935
1289762064834962420  , -0.04040404 , 0.05882353 , 1.0093458 , 174.90237 , 361.09732 , 421.42935
1289762064837378402  , -0.04040404 , 0.05882353 , 1.0093458 , 174.90526 , 361.10587 , 421.42935
1289762064854746400  , -0.05050505 , 0.029411765 , 1.0093458 , 174.92256 , 361.22607 , 421.42935
1289762064858642382  , -0.05050505 , 0.05882353 , 1.0093458 , 174.92513 , 361.23825 , 421.42935
1289762064876125379  , -0.05050505 , 0.029411765 , 1.0093458 , 174.945 , 361.28632 , 421.42935
1289762064878598361  , -0.05050505 , 0.05882353 , 1.0093458 , 174.94939 , 361.28836 , 421.43042
1289762064896180359  , -0.04040404 , 0.029411765 , 1.0093458 , 174.96573 , 361.27106 , 421.43042
1289762064898510341  , -0.05050505 , 0.078431375 , 1.0093458 , 174.96968 , 361.26965 , 421.43042
1289762064916042339  , -0.04040404 , 0.05882353 , 1.0093458 , 174.98698 , 361.28217 , 421.43042
1289762064918431321  , -0.05050505 , 0.05882353 , 1.0093458 , 174.9888 , 361.28418 , 421.43042
1289762064936039319  , -0.04040404 , 0.05882353 , 1.0093458 , 175.00996 , 361.30148 , 421.43042
1289762064939668301  , -0.05050505 , 0.05882353 , 1.0093458 , 175.0122 , 361.30426 , 421.43042
1289762064957269297  , -0.05050505 , 0.029411765 , 1.0093458 , 175.02855 , 361.32544 , 421.43042
1289762064959677280  , -0.060606062 , 0.078431375 , 1.0093458 , 175.03217 , 361.33527 , 421.43042
1289762064977449277  , -0.07070707 , 0.05882353 , 1.0093458 , 175.04756 , 361.38144 , 421.43042
1289762064979872260  , -0.05050505 , 0.05882353 , 1.0093458 , 175.0514 , 361.38144 , 421.43042
1289762064997398257  , -0.04040404 , 0.05882353 , 1.0093458 , 175.06679 , 361.35706 , 421.43042
1289762064999846240  , -0.04040404 , 0.078431375 , 1.0093458 , 175.07053 , 361.35162 , 421.43042
1289762065017292237  , -0.05050505 , 0.029411765 , 1.0093458 , 175.08719 , 361.35162 , 421.43042
1289762065019804220  , -0.060606062 , 0.078431375 , 1.0093458 , 175.08899 , 361.35333 , 421.43042
1289762065037414217  , -0.09090909 , 0.05882353 , 1.046729 , 175.10374 , 361.35333 , 421.43042
1289762065039855200  , -0.1010101 , 0.05882353 , 1.046729 , 175.10667 , 361.3489 , 421.43042
1289762065057404197  , -0.07070707 , 0.04901961 , 1.0093458 , 175.11758 , 361.1861 , 421.424
1289762065059843180  , -0.01010101 , 0.04901961 , 0.97196263 , 175.11905 , 361.1206 , 421.424
1289762065077350177  , 0.030303031 , 0.04901961 , 0.97196263 , 175.13058 , 360.70523 , 421.424
1289762065080949160  , 0.0 , 0.078431375 , 0.97196263 , 175.13217 , 360.6534 , 421.424
1289762065098469156  , -0.030303031 , 0.029411765 , 1.0093458 , 175.13986 , 360.57745 , 421.424
1289762065100962139  , -0.04040404 , 0.05882353 , 1.0093458 , 175.14212 , 360.58063 , 421.424
1289762065118546136  , -0.02020202 , 0.05882353 , 1.0093458 , 175.15495 , 360.62164 , 421.424
1289762065121077119  , -0.02020202 , 0.078431375 , 1.0093458 , 175.15732 , 360.62164 , 421.424
1289762065138656116  , -0.04040404 , 0.078431375 , 1.0093458 , 175.18233 , 360.70755 , 421.424
1289762065141061098  , -0.05050505 , 0.078431375 , 1.0093458 , 175.18436 , 360.72665 , 421.424
1289762065158629096  , -0.05050505 , 0.078431375 , 1.0093458 , 175.20935 , 360.81607 , 421.424
1289762065161175079  , -0.04040404 , 0.078431375 , 1.0093458 , 175.21082 , 360.81607 , 421.424
1289762065178550076  , -0.04040404 , 0.05882353 , 1.0093458 , 175.223 , 360.77057 , 421.424
1289762065182347059  , -0.030303031 , 0.029411765 , 1.0093458 , 175.22504 , 360.75925 , 421.424
1289762065199935055  , -0.030303031 , 0.05882353 , 1.0093458 , 175.23369 , 360.7304 , 421.424
1289762065202175037  , -0.04040404 , 0.05882353 , 1.0093458 , 175.23593 , 360.7284 , 421.42538
1289762065219781035  , -0.05050505 , 0.029411765 , 1.0093458 , 175.27344 , 360.7284 , 421.42538
1289762065222194017  , -0.04040404 , 0.078431375 , 1.0093458 , 175.27675 , 360.7284 , 421.42538
1289762065239958015  , -0.04040404 , 0.029411765 , 1.0093458 , 175.29694 , 360.6928 , 421.435
1289762065242206997  , -0.030303031 , 0.05882353 , 1.0093458 , 175.30035 , 360.68542 , 421.435
1289762065259923995  , -0.030303031 , 0.05882353 , 1.0093458 , 175.3244 , 360.59122 , 421.435
1289762065263533977  , -0.030303031 , 0.05882353 , 1.0093458 , 175.32686 , 360.58136 , 421.435
1289762065280992974  , -0.030303031 , 0.029411765 , 1.0093458 , 175.3384 , 360.53778 , 421.435
1289762065283452956  , -0.04040404 , 0.05882353 , 1.0093458 , 175.34042 , 360.5333 , 421.435
1289762065301155954  , -0.04040404 , 0.029411765 , 1.0093458 , 175.36542 , 360.5131 , 421.435
1289762065303607936  , -0.04040404 , 0.05882353 , 1.0093458 , 175.36787 , 360.51096 , 421.435
1289762065321017934  , -0.04040404 , 0.029411765 , 1.0093458 , 175.39288 , 360.4927 , 421.435
1289762065323464916  , -0.030303031 , 0.078431375 , 1.0093458 , 175.39523 , 360.49023 , 421.435
1289762065341172914  , -0.04040404 , 0.078431375 , 1.0093458 , 175.40869 , 360.46332 , 421.435
1289762065343558896  , -0.030303031 , 0.05882353 , 1.0093458 , 175.4119 , 360.46118 , 421.435
1289762065361187894  , -0.030303031 , 0.05882353 , 1.0093458 , 175.43208 , 360.4285 , 421.4475
1289762065363461876  , -0.04040404 , 0.05882353 , 1.0093458 , 175.43454 , 360.4258 , 421.4475
1289762065380995874  , -0.04040404 , 0.05882353 , 1.0093458 , 175.4557 , 360.41525 , 421.4475
1289762065384708856  , -0.04040404 , 0.05882353 , 1.0093458 , 175.45795 , 360.4114 , 421.4475
1289762065402385852  , -0.030303031 , 0.05882353 , 1.0093458 , 175.46948 , 360.3883 , 421.4523
1289762065404853835  , -0.030303031 , 0.078431375 , 1.0093458 , 175.47333 , 360.38165 , 421.4523
1289762065422418832  , -0.02020202 , 0.05882353 , 1.0093458 , 175.48679 , 360.35922 , 421.4523
1289762065424847815  , -0.030303031 , 0.05882353 , 1.0093458 , 175.4903 , 360.35547 , 421.4523
1289762065442463812  , -0.030303031 , 0.029411765 , 1.0093458 , 175.50632 , 360.3401 , 421.4523
1289762065444701795  , -0.04040404 , 0.05882353 , 1.0093458 , 175.51051 , 360.33716 , 421.4523
1289762065462347792  , -0.04040404 , 0.05882353 , 1.0093458 , 175.52013 , 360.3141 , 421.4523
1289762065465936775  , -0.030303031 , 0.029411765 , 1.0093458 , 175.52228 , 360.3141 , 421.4523
1289762065483505771  , -0.04040404 , 0.05882353 , 1.0093458 , 175.54198 , 360.3141 , 421.4523
1289762065486130754  , -0.030303031 , 0.05882353 , 1.0093458 , 175.54526 , 360.31284 , 421.45108
1289762065503514751  , -0.04040404 , 0.05882353 , 1.0093458 , 175.55873 , 360.29874 , 421.45108
1289762065505947734  , -0.030303031 , 0.078431375 , 1.0093458 , 175.56178 , 360.29736 , 421.45108
1289762065523639731  , -0.04040404 , 0.029411765 , 1.0093458 , 175.58101 , 360.2871 , 421.45108
1289762065525978713  , -0.04040404 , 0.078431375 , 1.0093458 , 175.584 , 360.2871 , 421.45108
1289762065543698711  , -0.04040404 , 0.078431375 , 1.0093458 , 175.61478 , 360.2871 , 421.45108
1289762065545997693  , -0.030303031 , 0.05882353 , 1.0093458 , 175.6182 , 360.2854 , 421.45108
1289762065563721691  , -0.04040404 , 0.05882353 , 1.0093458 , 175.64319 , 360.26904 , 421.45108
1289762065566115673  , -0.030303031 , 0.05882353 , 1.0093458 , 175.64479 , 360.26703 , 421.45108
1289762065583691671  , -0.04040404 , 0.05882353 , 1.0093458 , 175.66113 , 360.24973 , 421.45108
1289762065587259653  , -0.030303031 , 0.05882353 , 1.0093458 , 175.66306 , 360.24866 , 421.45108
1289762065604953650  , -0.04040404 , 0.029411765 , 1.0093458 , 175.6823 , 360.24866 , 421.45108
1289762065607350632  , -0.04040404 , 0.078431375 , 1.0093458 , 175.6855 , 360.2476 , 421.45108
1289762065624968630  , -0.04040404 , 0.078431375 , 1.0093458 , 175.71146 , 360.23798 , 421.45108
1289762065627191612  , -0.04040404 , 0.078431375 , 1.0093458 , 175.71338 , 360.23315 , 421.45108
1289762065644921610  , -0.030303031 , 0.029411765 , 1.0093458 , 175.73935 , 360.15237 , 421.45108
1289762065647369592  , -0.030303031 , 0.05882353 , 1.0093458 , 175.7433 , 360.1463 , 421.45108
1289762065664876590  , -0.030303031 , 0.078431375 , 1.0093458 , 175.76541 , 360.10495 , 421.45108
1289762065667331572  , -0.030303031 , 0.05882353 , 1.0093458 , 175.76936 , 360.10272 , 421.45108
1289762065684851570  , -0.04040404 , 0.05882353 , 1.0093458 , 175.79726 , 360.0912 , 421.45108
1289762065688456552  , -0.04040404 , 0.029411765 , 1.0093458 , 175.79982 , 360.08914 , 421.45108
1289762065706227549  , -0.04040404 , 0.05882353 , 1.0093458 , 175.80879 , 360.05582 , 421.45108
1289762065708465531  , -0.030303031 , 0.05882353 , 1.0093458 , 175.81071 , 360.04663 , 421.45108
1289762065726065529  , -0.030303031 , 0.029411765 , 1.0093458 , 175.83763 , 359.91104 , 421.45108
1289762065728552511  , -0.02020202 , 0.05882353 , 1.0093458 , 175.83945 , 359.89716 , 421.45108
1289762065746172509  , -0.030303031 , 0.029411765 , 1.0093458 , 175.85869 , 359.8087 , 421.45108
1289762065748450491  , -0.02020202 , 0.078431375 , 1.0093458 , 175.8604 , 359.8024 , 421.45108
1289762065766191489  , -0.02020202 , 0.029411765 , 1.0093458 , 175.88539 , 359.7668 , 421.45108
1289762065768487471  , -0.02020202 , 0.05882353 , 1.0093458 , 175.88742 , 359.7668 , 421.45108
1289762065786185469  , -0.030303031 , 0.078431375 , 1.0093458 , 175.90857 , 359.80334 , 421.45108
1289762065788648451  , -0.030303031 , 0.05882353 , 1.0093458 , 175.9107 , 359.80988 , 421.45108
1289762065806166448  , -0.04040404 , 0.078431375 , 1.0093458 , 175.92226 , 359.8509 , 421.45108
1289762065808517431  , -0.05050505 , 0.04901961 , 1.0093458 , 175.92632 , 359.85632 , 421.45108
1289762065826138429  , -0.04040404 , 0.029411765 , 1.0093458 , 175.95132 , 359.85632 , 421.45108
1289762065829726411  , -0.030303031 , 0.05882353 , 1.0093458 , 175.95378 , 359.85355 , 421.45108
1289762065847248407  , -0.04040404 , 0.029411765 , 1.0093458 , 175.96532 , 359.81317 , 421.45108
1289762065849876390  , -0.030303031 , 0.05882353 , 1.0093458 , 175.9669 , 359.8006 , 421.45108
1289762065867352387  , -0.030303031 , 0.029411765 , 1.0093458 , 175.9951 , 359.73587 , 421.45108
1289762065869755370  , -0.02020202 , 0.078431375 , 1.0093458 , 175.99817 , 359.7268 , 421.45108
1289762065887375367  , -0.02020202 , 0.05882353 , 1.0093458 , 176.01099 , 359.69476 , 421.45108
1289762065889776350  , -0.02020202 , 0.05882353 , 1.0093458 , 176.01324 , 359.69476 , 421.45108
1289762065907486347  , -0.030303031 , 0.05882353 , 1.0093458 , 176.03119 , 359.71014 , 421.45108
1289762065909764330  , -0.04040404 , 0.05882353 , 1.0093458 , 176.03539 , 359.71613 , 421.45108
1289762065927461327  , -0.04040404 , 0.029411765 , 1.0093458 , 176.05974 , 359.74948 , 421.45108
1289762065931016310  , -0.04040404 , 0.029411765 , 1.0093458 , 176.06177 , 359.75433 , 421.45108
1289762065956159306  , -0.04040404 , 0.029411765 , 1.0093458 , 176.07524 , 359.75433 , 421.45108
1289762065957190281  , -0.04040404 , 0.05882353 , 1.0093458 , 176.07816 , 359.75287 , 421.45108
1289762065961067280  , -0.04040404 , 0.078431375 , 1.0093458 , 176.13008 , 359.6394 , 421.45108
1289762065978573276  , -0.030303031 , 0.078431375 , 1.0093458 , 176.14018 , 359.60095 , 421.45108
1289762065980924259  , -0.01010101 , 0.05882353 , 1.0093458 , 176.143 , 359.59235 , 421.45108
1289762065998536256  , -0.030303031 , 0.029411765 , 1.0093458 , 176.15775 , 359.5494 , 421.45108
1289762066000992239  , -0.030303031 , 0.029411765 , 1.0093458 , 176.16092 , 359.54544 , 421.45108
1289762066018551236  , -0.030303031 , 0.029411765 , 1.0093458 , 176.17566 , 359.5352 , 421.45108
1289762066022360219  , -0.030303031 , 0.05882353 , 1.0093458 , 176.17804 , 359.5377 , 421.45108
1289762066039764215  , -0.04040404 , 0.05882353 , 1.0093458 , 176.18861 , 359.55548 , 421.45108
1289762066042347197  , -0.04040404 , 0.05882353 , 1.0093458 , 176.19075 , 359.559 , 421.45108
1289762066059766195  , -0.04040404 , 0.029411765 , 1.0093458 , 176.22537 , 359.58206 , 421.45108
1289762066062183177  , -0.04040404 , 0.078431375 , 1.0093458 , 176.22762 , 359.58206 , 421.45108
1289762066079820175  , -0.04040404 , 0.05882353 , 1.0093458 , 176.25261 , 359.55804 , 421.45108
1289762066082266157  , -0.030303031 , 0.05882353 , 1.0093458 , 176.25507 , 359.55237 , 421.45108
1289762066099764155  , -0.030303031 , 0.078431375 , 1.0093458 , 176.27141 , 359.48508 , 421.45108
1289762066102234137  , -0.02020202 , 0.05882353 , 1.0093458 , 176.27397 , 359.47897 , 421.45108
1289762066119768135  , -0.030303031 , 0.05882353 , 1.0093458 , 176.29417 , 359.428 , 421.45108
1289762066122213117  , -0.030303031 , 0.05882353 , 1.0093458 , 176.29695 , 359.42523 , 421.45108
1289762066139781115  , -0.030303031 , 0.05882353 , 1.0093458 , 176.31714 , 359.42523 , 421.45108
1289762066143351097  , -0.030303031 , 0.029411765 , 1.0093458 , 176.31981 , 359.42523 , 421.45108
1289762066161080094  , -0.030303031 , 0.05882353 , 1.0093458 , 176.33199 , 359.4406 , 421.45108
1289762066163559076  , -0.04040404 , 0.078431375 , 1.0093458 , 176.33476 , 359.44232 , 421.45108
1289762066180952074  , -0.04040404 , 0.078431375 , 1.0093458 , 176.3617 , 359.45193 , 421.45108
1289762066183447056  , -0.030303031 , 0.078431375 , 1.0093458 , 176.36575 , 359.45087 , 421.45108
1289762066201056054  , -0.04040404 , 0.029411765 , 1.0093458 , 176.38402 , 359.4172 , 421.45108
1289762066203430036  , -0.030303031 , 0.05882353 , 1.0093458 , 176.38583 , 359.41092 , 421.45108
1289762066221020034  , -0.030303031 , 0.078431375 , 1.0093458 , 176.41469 , 359.35226 , 421.45108
1289762066223327016  , -0.02020202 , 0.029411765 , 1.0093458 , 176.41747 , 359.34756 , 421.45108
1289762066241045014  , -0.030303031 , 0.029411765 , 1.0093458 , 176.43861 , 359.3168 , 421.4607
1289762066243474996  , -0.030303031 , 0.029411765 , 1.0093458 , 176.44096 , 359.3168 , 421.4607
1289762066261088994  , -0.030303031 , 0.05882353 , 1.0093458 , 176.46307 , 359.3168 , 421.4607
1289762066264558976  , -0.030303031 , 0.05882353 , 1.0093458 , 176.46564 , 359.3168 , 421.4607
1289762066282257973  , -0.04040404 , 0.029411765 , 1.0093458 , 176.48424 , 359.32578 , 421.4607
1289762066284754955  , -0.030303031 , 0.05882353 , 1.0093458 , 176.48712 , 359.32693 , 421.4607
1289762066302267952  , -0.04040404 , 0.078431375 , 1.0093458 , 176.49994 , 359.32693 , 421.4607
1289762066304785935  , -0.04040404 , 0.078431375 , 1.0093458 , 176.50333 , 359.32446 , 421.4607
1289762066322318932  , -0.030303031 , 0.029411765 , 1.0093458 , 176.52 , 359.30075 , 421.4607
1289762066324706915  , -0.030303031 , 0.078431375 , 1.0093458 , 176.52373 , 359.29587 , 421.4607
1289762066342347912  , -0.02020202 , 0.05882353 , 1.0093458 , 176.53719 , 359.26575 , 421.4607
1289762066344789895  , -0.030303031 , 0.029411765 , 1.0093458 , 176.5407 , 359.26123 , 421.4607
1289762066362318892  , -0.030303031 , 0.029411765 , 1.0093458 , 176.55994 , 359.2375 , 421.4607
1289762066365929875  , -0.030303031 , 0.05882353 , 1.0093458 , 176.5623 , 359.2349 , 421.4607
1289762066383517871  , -0.04040404 , 0.05882353 , 1.0093458 , 176.57576 , 359.2349 , 421.4607
1289762066386001854  , -0.030303031 , 0.078431375 , 1.0093458 , 176.57837 , 359.2349 , 421.4607
1289762066403464851  , -0.030303031 , 0.05882353 , 1.0093458 , 176.59695 , 359.24194 , 421.4607
1289762066405846834  , -0.030303031 , 0.078431375 , 1.0093458 , 176.5999 , 359.24194 , 421.4607
1289762066423454831  , -0.030303031 , 0.078431375 , 1.0093458 , 176.60951 , 359.23425 , 421.4607
1289762066425828814  , -0.02020202 , 0.029411765 , 1.0093458 , 176.61223 , 359.23074 , 421.4607
1289762066443498811  , -0.030303031 , 0.05882353 , 1.0093458 , 176.62953 , 359.20255 , 421.4607
1289762066445864794  , -0.030303031 , 0.05882353 , 1.0093458 , 176.63203 , 359.19824 , 421.4607
1289762066463421791  , -0.030303031 , 0.05882353 , 1.0093458 , 176.63908 , 359.17325 , 421.4607
1289762066467238774  , -0.030303031 , 0.029411765 , 1.0093458 , 176.6418 , 359.1686 , 421.4607
1289762066484984770  , -0.030303031 , 0.05882353 , 1.0093458 , 176.65285 , 359.1585 , 421.4607
1289762066487240752  , -0.030303031 , 0.05882353 , 1.0093458 , 176.6553 , 359.1585 , 421.4607
1289762066505010750  , -0.030303031 , 0.05882353 , 1.0093458 , 176.68127 , 359.14795 , 421.4607
1289762066507324732  , -0.030303031 , 0.078431375 , 1.0093458 , 176.68427 , 359.14795 , 421.4607
1289762066524864730  , -0.04040404 , 0.029411765 , 1.0093458 , 176.70541 , 359.14795 , 421.4607
1289762066527298712  , -0.030303031 , 0.078431375 , 1.0093458 , 176.70723 , 359.14633 , 421.4607
1289762066544883710  , -0.030303031 , 0.078431375 , 1.0093458 , 176.7303 , 359.12903 , 421.4607
1289762066547234692  , -0.02020202 , 0.05882353 , 1.0093458 , 176.73288 , 359.12582 , 421.4607
1289762066564859690  , -0.030303031 , 0.029411765 , 1.0093458 , 176.7473 , 359.0864 , 421.4607
1289762066567317672  , -0.030303031 , 0.05882353 , 1.0093458 , 176.75008 , 359.08276 , 421.4607
1289762066584895670  , -0.030303031 , 0.029411765 , 1.0093458 , 176.77507 , 359.0491 , 421.4607
1289762066588570652  , -0.030303031 , 0.05882353 , 1.0093458 , 176.7771 , 359.04675 , 421.4607
1289762066606061649  , -0.030303031 , 0.029411765 , 1.0093458 , 176.78992 , 359.03714 , 421.4607
1289762066608454631  , -0.030303031 , 0.078431375 , 1.0093458 , 176.7927 , 359.03586 , 421.4607
1289762066626126629  , -0.030303031 , 0.029411765 , 1.0093458 , 176.8177 , 359.03586 , 421.4607
1289762066628521611  , -0.030303031 , 0.05882353 , 1.0093458 , 176.81973 , 359.03427 , 421.4607
1289762066645997609  , -0.030303031 , 0.078431375 , 1.0093458 , 176.85338 , 359.02466 , 421.4607
1289762066648570591  , -0.030303031 , 0.029411765 , 1.0093458 , 176.85669 , 359.02466 , 421.4595
1289762066665939589  , -0.030303031 , 0.029411765 , 1.0093458 , 176.87401 , 358.99484 , 421.4595
1289762066668391571  , -0.030303031 , 0.029411765 , 1.0093458 , 176.87657 , 358.99066 , 421.4595
1289762066686078569  , -0.030303031 , 0.05882353 , 1.0093458 , 176.90157 , 358.95798 , 421.4595
1289762066689762551  , -0.030303031 , 0.05882353 , 1.0093458 , 176.90456 , 358.95383 , 421.4595
1289762066707356547  , -0.030303031 , 0.029411765 , 1.0093458 , 176.91466 , 358.94226 , 421.4595
1289762066709712530  , -0.030303031 , 0.05882353 , 1.0093458 , 176.91658 , 358.93967 , 421.4595
1289762066727286527  , -0.030303031 , 0.05882353 , 1.0093458 , 176.93068 , 358.9307 , 421.4595
1289762066729750510  , -0.030303031 , 0.078431375 , 1.0093458 , 176.93452 , 358.92957 , 421.4595
1289762066747283507  , -0.030303031 , 0.05882353 , 1.0093458 , 176.94798 , 358.92316 , 421.4595
1289762066749718490  , -0.030303031 , 0.05882353 , 1.0093458 , 176.95036 , 358.9211 , 421.4595
1289762066767304487  , -0.030303031 , 0.078431375 , 1.0093458 , 176.96638 , 358.91278 , 421.4595
1289762066769727470  , -0.02020202 , 0.029411765 , 1.0093458 , 176.9683 , 358.90985 , 421.4595
1289762066787334467  , -0.030303031 , 0.029411765 , 1.0093458 , 176.98242 , 358.89447 , 421.4595
1289762066789921450  , -0.030303031 , 0.05882353 , 1.0093458 , 176.98445 , 358.8913 , 421.4595
1289762066807285447  , -0.030303031 , 0.05882353 , 1.0093458 , 176.99599 , 358.87463 , 421.4595
1289762066811409430  , -0.030303031 , 0.05882353 , 1.0093458 , 176.99837 , 358.87213 , 421.4595
1289762066828549426  , -0.030303031 , 0.029411765 , 1.0093458 , 177.0099 , 358.86636 , 421.4595
1289762066830856409  , -0.030303031 , 0.05882353 , 1.0093458 , 177.01285 , 358.86398 , 421.4595
1289762066848691406  , -0.04040404 , 0.029411765 , 1.0093458 , 177.02759 , 358.86398 , 421.4595
1289762066851011388  , -0.030303031 , 0.078431375 , 1.0093458 , 177.03047 , 358.86218 , 421.4595
1289762066868587386  , -0.04040404 , 0.029411765 , 1.0093458 , 177.05933 , 358.86218 , 421.4595
1289762066870825369  , -0.030303031 , 0.05882353 , 1.0093458 , 177.0626 , 358.85992 , 421.4595
1289762066888525366  , -0.030303031 , 0.078431375 , 1.0093458 , 177.07414 , 358.84006 , 421.4595
1289762066890949349  , -0.02020202 , 0.05882353 , 1.0093458 , 177.07787 , 358.83676 , 421.4595
1289762066908541346  , -0.030303031 , 0.029411765 , 1.0093458 , 177.09518 , 358.8156 , 421.4595
1289762066911067329  , -0.030303031 , 0.05882353 , 1.0093458 , 177.0979 , 358.81277 , 421.4595
1289762066928440326  , -0.030303031 , 0.029411765 , 1.0093458 , 177.11584 , 358.80188 , 421.4595
1289762066932127309  , -0.030303031 , 0.05882353 , 1.0093458 , 177.1189 , 358.80188 , 421.4595
1289762066949820305  , -0.030303031 , 0.029411765 , 1.0093458 , 177.13669 , 358.80188 , 421.4595
1289762066952206287  , -0.030303031 , 0.05882353 , 1.0093458 , 177.13947 , 358.80072 , 421.4595
1289762066969799285  , -0.030303031 , 0.029411765 , 1.0093458 , 177.17119 , 358.7911 , 421.4595
1289762066972211267  , -0.030303031 , 0.078431375 , 1.0093458 , 177.17375 , 358.78983 , 421.4595
1289762066989784265  , -0.030303031 , 0.029411765 , 1.0093458 , 177.18915 , 358.78983 , 421.4595
1289762066992438247  , -0.030303031 , 0.05882353 , 1.0093458 , 177.19193 , 358.78723 , 421.4595
1289762067009865245  , -0.030303031 , 0.078431375 , 1.0093458 , 177.21019 , 358.76514 , 421.4595
1289762067012252227  , -0.02020202 , 0.05882353 , 1.0093458 , 177.21243 , 358.7618 , 421.4595
1289762067029854225  , -0.030303031 , 0.029411765 , 1.0093458 , 177.23744 , 358.73874 , 421.4595
1289762067032382207  , -0.030303031 , 0.05882353 , 1.0093458 , 177.23926 , 358.73608 , 421.4607
1289762067049852205  , -0.030303031 , 0.029411765 , 1.0093458 , 177.25368 , 358.71588 , 421.4607
1289762067053356187  , -0.030303031 , 0.05882353 , 1.0093458 , 177.25645 , 358.71396 , 421.4607
1289762067071102184  , -0.030303031 , 0.029411765 , 1.0093458 , 177.27312 , 358.69986 , 421.4607
1289762067073513166  , -0.030303031 , 0.05882353 , 1.0093458 , 177.27621 , 358.69986 , 421.4607
1289762067090941164  , -0.04040404 , 0.05882353 , 1.0093458 , 177.30026 , 358.68256 , 421.4607
1289762067093374146  , -0.030303031 , 0.078431375 , 1.0093458 , 177.30261 , 358.67957 , 421.4607
1289762067111052144  , -0.030303031 , 0.029411765 , 1.0093458 , 177.33337 , 358.65646 , 421.4607
1289762067113505126  , -0.030303031 , 0.05882353 , 1.0093458 , 177.33594 , 358.65402 , 421.4607
1289762067131063124  , -0.030303031 , 0.078431375 , 1.0093458 , 177.35612 , 358.61844 , 421.4607
1289762067133332106  , -0.02020202 , 0.029411765 , 1.0093458 , 177.35901 , 358.61716 , 421.4607
1289762067151105104  , -0.030303031 , 0.029411765 , 1.0093458 , 177.38594 , 358.6008 , 421.4607
1289762067153366086  , -0.030303031 , 0.029411765 , 1.0093458 , 177.3885 , 358.5988 , 421.4607
1289762067171035084  , -0.030303031 , 0.05882353 , 1.0093458 , 177.40965 , 358.58148 , 421.4607
1289762067174766066  , -0.030303031 , 0.05882353 , 1.0093458 , 177.41222 , 358.58 , 421.4607
1289762067192334062  , -0.030303031 , 0.029411765 , 1.0093458 , 177.42616 , 358.5747 , 421.46548
1289762067194682045  , -0.030303031 , 0.078431375 , 1.0093458 , 177.4299 , 358.57266 , 421.46548
1289762067212342042  , -0.030303031 , 0.029411765 , 1.0093458 , 177.44272 , 358.56433 , 421.46548
1289762067214808025  , -0.030303031 , 0.05882353 , 1.0093458 , 177.44667 , 358.56274 , 421.46548
1289762067236101022  , -0.030303031 , 0.078431375 , 1.0093458 , 177.46655 , 358.54352 , 421.46548
1289762067237260001  , -0.02020202 , 0.05882353 , 1.0093458 , 177.46939 , 358.5414 , 421.46548
1289762067244653000  , -0.030303031 , 0.05882353 , 1.0093458 , 177.504 , 358.49716 , 421.46548
1289762067262278992  , -0.030303031 , 0.029411765 , 1.0093458 , 177.50737 , 358.49213 , 421.46548
1289762067265892975  , -0.030303031 , 0.05882353 , 1.0093458 , 177.5093 , 358.4894 , 421.46548
1289762067283570971  , -0.030303031 , 0.029411765 , 1.0093458 , 177.52324 , 358.4798 , 421.46548
1289762067286018954  , -0.030303031 , 0.05882353 , 1.0093458 , 177.52617 , 358.47842 , 421.46548
1289762067303550951  , -0.030303031 , 0.078431375 , 1.0093458 , 177.539 , 358.4669 , 421.46548
1289762067305887934  , -0.02020202 , 0.05882353 , 1.0093458 , 177.54126 , 358.4669 , 421.46548
1289762067323536931  , -0.030303031 , 0.05882353 , 1.0093458 , 177.55087 , 358.4528 , 421.46548
1289762067327079914  , -0.030303031 , 0.05882353 , 1.0093458 , 177.5529 , 358.44928 , 421.46548
1289762067344788910  , -0.030303031 , 0.029411765 , 1.0093458 , 177.56253 , 358.4363 , 421.46548
1289762067347291892  , -0.030303031 , 0.078431375 , 1.0093458 , 177.56648 , 358.43427 , 421.46548
1289762067364977890  , -0.030303031 , 0.029411765 , 1.0093458 , 177.60205 , 358.4208 , 421.46548
1289762067367183872  , -0.030303031 , 0.05882353 , 1.0093458 , 177.60344 , 358.41888 , 421.46548
1289762067384850870  , -0.030303031 , 0.078431375 , 1.0093458 , 177.63518 , 358.40063 , 421.46548
1289762067387226852  , -0.02020202 , 0.029411765 , 1.0093458 , 177.63785 , 358.40063 , 421.46548
1289762067404651850  , -0.030303031 , 0.05882353 , 1.0093458 , 177.67438 , 358.38138 , 421.46548
1289762067407280832  , -0.030303031 , 0.05882353 , 1.0093458 , 177.67609 , 358.37967 , 421.46548
1289762067424700830  , -0.030303031 , 0.05882353 , 1.0093458 , 177.69917 , 358.35565 , 421.46548
1289762067428354812  , -0.030303031 , 0.05882353 , 1.0093458 , 177.70195 , 358.35318 , 421.46548
1289762067446195809  , -0.04040404 , 0.05882353 , 1.0093458 , 177.71477 , 358.34164 , 421.46548
1289762067448476791  , -0.030303031 , 0.078431375 , 1.0093458 , 177.71669 , 358.33908 , 421.46548
1289762067466092789  , -0.030303031 , 0.029411765 , 1.0093458 , 177.7436 , 358.32083 , 421.46548
1289762067468554771  , -0.030303031 , 0.05882353 , 1.0093458 , 177.74565 , 358.31793 , 421.46548
1289762067485922769  , -0.030303031 , 0.078431375 , 1.0093458 , 177.7716 , 358.30447 , 421.46548
1289762067488396751  , -0.02020202 , 0.05882353 , 1.0093458 , 177.77449 , 358.30234 , 421.46548
1289762067505913749  , -0.030303031 , 0.05882353 , 1.0093458 , 177.7966 , 358.27734 , 421.46548
1289762067508394731  , -0.030303031 , 0.05882353 , 1.0093458 , 177.79799 , 358.275 , 421.46548
1289762067525957729  , -0.030303031 , 0.05882353 , 1.0093458 , 177.81627 , 358.25766 , 421.46548
1289762067529596711  , -0.030303031 , 0.029411765 , 1.0093458 , 177.81862 , 358.2566 , 421.46548
1289762067547476708  , -0.030303031 , 0.029411765 , 1.0093458 , 177.83784 , 358.24442 , 421.46548
1289762067549914690  , -0.030303031 , 0.05882353 , 1.0093458 , 177.83966 , 358.2409 , 421.46548
1289762067567220687  , -0.030303031 , 0.05882353 , 1.0093458 , 177.86145 , 358.22617 , 421.46548
1289762067569786670  , -0.030303031 , 0.078431375 , 1.0093458 , 177.86406 , 358.2247 , 421.46548
1289762067587296667  , -0.030303031 , 0.029411765 , 1.0093458 , 177.87624 , 358.20993 , 421.46548
1289762067589599650  , -0.030303031 , 0.05882353 , 1.0093458 , 177.88031 , 358.207 , 421.46548
1289762067607348648  , -0.030303031 , 0.078431375 , 1.0093458 , 177.89473 , 358.1868 , 421.46548
1289762067609748630  , -0.02020202 , 0.029411765 , 1.0093458 , 177.89676 , 358.1868 , 421.46548
1289762067627289627  , -0.030303031 , 0.029411765 , 1.0093458 , 177.91406 , 358.17142 , 421.46548
1289762067629618610  , -0.030303031 , 0.05882353 , 1.0093458 , 177.91542 , 358.16824 , 421.46548
1289762067647394608  , -0.030303031 , 0.05882353 , 1.0093458 , 177.94139 , 358.14517 , 421.46548
1289762067650946590  , -0.030303031 , 0.05882353 , 1.0093458 , 177.94363 , 358.14316 , 421.46548
1289762067668547586  , -0.030303031 , 0.05882353 , 1.0093458 , 177.95566 , 358.13257 , 421.46548
1289762067671085569  , -0.030303031 , 0.078431375 , 1.0093458 , 177.95882 , 358.13077 , 421.46548
1289762067688419566  , -0.030303031 , 0.05882353 , 1.0093458 , 177.97548 , 358.1141 , 421.46548
1289762067690962549  , -0.030303031 , 0.05882353 , 1.0093458 , 177.97798 , 358.11285 , 421.46548
1289762067708553546  , -0.030303031 , 0.078431375 , 1.0093458 , 177.99272 , 358.10388 , 421.46548
1289762067711078529  , -0.02020202 , 0.05882353 , 1.0093458 , 177.99544 , 358.10217 , 421.46548
1289762067728642526  , -0.030303031 , 0.05882353 , 1.0093458 , 178.0089 , 358.08615 , 421.46548
1289762067731036508  , -0.030303031 , 0.05882353 , 1.0093458 , 178.01189 , 358.08414 , 421.46548
1289762067748469506  , -0.04040404 , 0.05882353 , 1.0093458 , 178.03015 , 358.06393 , 421.46548
1289762067752197489  , -0.030303031 , 0.05882353 , 1.0093458 , 178.03333 , 358.06134 , 421.46548
1289762067769850485  , -0.030303031 , 0.05882353 , 1.0093458 , 178.04582 , 358.0469 , 421.46548
1289762067772201467  , -0.030303031 , 0.05882353 , 1.0093458 , 178.04796 , 358.04434 , 421.46548
1289762067789788465  , -0.030303031 , 0.05882353 , 1.0093458 , 178.07295 , 358.02512 , 421.46548
1289762067792097447  , -0.030303031 , 0.078431375 , 1.0093458 , 178.07542 , 358.022 , 421.46548
1289762067809853445  , -0.030303031 , 0.029411765 , 1.0093458 , 178.09657 , 357.998 , 421.46548
1289762067812502427  , -0.030303031 , 0.05882353 , 1.0093458 , 178.09892 , 357.9952 , 421.46677
1289762067829975425  , -0.030303031 , 0.078431375 , 1.0093458 , 178.122 , 357.975 , 421.4562
1289762067832181407  , -0.02020202 , 0.029411765 , 1.0093458 , 178.12402 , 357.97223 , 421.4562
1289762067849941405  , -0.030303031 , 0.05882353 , 1.0093458 , 178.15865 , 357.95493 , 421.4562
1289762067852267387  , -0.030303031 , 0.05882353 , 1.0093458 , 178.16196 , 357.95224 , 421.4562
1289762067869867385  , -0.030303031 , 0.029411765 , 1.0093458 , 178.18791 , 357.934 , 421.4562
1289762067873384367  , -0.030303031 , 0.05882353 , 1.0093458 , 178.19112 , 357.934 , 421.4562
1289762067891096364  , -0.030303031 , 0.029411765 , 1.0093458 , 178.20651 , 357.9231 , 421.4562
1289762067893353346  , -0.030303031 , 0.05882353 , 1.0093458 , 178.20982 , 357.9218 , 421.4562
1289762067910921344  , -0.030303031 , 0.05882353 , 1.0093458 , 178.24635 , 357.9016 , 421.4562
1289762067913384326  , -0.030303031 , 0.078431375 , 1.0093458 , 178.2486 , 357.89862 , 421.4562
1289762067931089324  , -0.030303031 , 0.029411765 , 1.0093458 , 178.26399 , 357.8794 , 421.4562
1289762067933589306  , -0.030303031 , 0.05882353 , 1.0093458 , 178.26624 , 357.87683 , 421.4562
1289762067951046304  , -0.030303031 , 0.078431375 , 1.0093458 , 178.29219 , 357.85278 , 421.4562
1289762067953401286  , -0.02020202 , 0.029411765 , 1.0093458 , 178.29572 , 357.85034 , 421.4562
1289762067970969284  , -0.030303031 , 0.05882353 , 1.0093458 , 178.31879 , 357.83398 , 421.4562
1289762067973455266  , -0.030303031 , 0.05882353 , 1.0093458 , 178.32156 , 357.83228 , 421.45728
1289762067991060264  , -0.030303031 , 0.05882353 , 1.0093458 , 178.34946 , 357.82266 , 421.45728
1289762067994769246  , -0.030303031 , 0.05882353 , 1.0093458 , 178.3518 , 357.81934 , 421.45728
1289762068012307242  , -0.030303031 , 0.029411765 , 1.0093458 , 178.3643 , 357.8073 , 421.45728
1289762068014929225  , -0.030303031 , 0.078431375 , 1.0093458 , 178.36589 , 357.80392 , 421.45728
1289762068032344222  , -0.030303031 , 0.029411765 , 1.0093458 , 178.37743 , 357.7924 , 421.45728
1289762068034784205  , -0.030303031 , 0.05882353 , 1.0093458 , 178.38014 , 357.7908 , 421.45728
1289762068052220202  , -0.030303031 , 0.078431375 , 1.0093458 , 178.40129 , 357.7767 , 421.45728
1289762068054678185  , -0.02020202 , 0.05882353 , 1.0093458 , 178.40334 , 357.77432 , 421.45862
1289762068072277182  , -0.030303031 , 0.05882353 , 1.0093458 , 178.41872 , 357.76215 , 421.45862
1289762068074771165  , -0.030303031 , 0.029411765 , 1.0093458 , 178.42177 , 357.75842 , 421.45862
1289762068092281162  , -0.030303031 , 0.029411765 , 1.0093458 , 178.43651 , 357.74945 , 421.45862
1289762068096004145  , -0.030303031 , 0.05882353 , 1.0093458 , 178.43889 , 357.7464 , 421.45862
1289762068113557141  , -0.030303031 , 0.05882353 , 1.0093458 , 178.45331 , 357.73532 , 421.45862
1289762068116093124  , -0.030303031 , 0.078431375 , 1.0093458 , 178.45558 , 357.73285 , 421.45862
1289762068133457121  , -0.02020202 , 0.05882353 , 1.0093458 , 178.47224 , 357.71747 , 421.45862
1289762068136024104  , -0.02020202 , 0.05882353 , 1.0093458 , 178.47519 , 357.71417 , 421.45862
1289762068153581101  , -0.030303031 , 0.029411765 , 1.0093458 , 178.48672 , 357.69302 , 421.45862
1289762068156054084  , -0.04040404 , 0.05882353 , 1.0093458 , 178.48888 , 357.69302 , 421.45862
1289762068173602081  , -0.030303031 , 0.05882353 , 1.0093458 , 178.50554 , 357.69302 , 421.45862
1289762068177198064  , -0.030303031 , 0.029411765 , 1.0093458 , 178.50848 , 357.6901 , 421.45862
1289762068194792060  , -0.030303031 , 0.029411765 , 1.0093458 , 178.51714 , 357.6901 , 421.45862
1289762068197366042  , -0.030303031 , 0.05882353 , 1.0093458 , 178.51991 , 357.68784 , 421.45862
1289762068214760040  , -0.030303031 , 0.029411765 , 1.0093458 , 178.54683 , 357.67053 , 421.45862
1289762068217276022  , -0.030303031 , 0.078431375 , 1.0093458 , 178.5495 , 357.66702 , 421.45862
1289762068234771020  , -0.030303031 , 0.029411765 , 1.0093458 , 178.57066 , 357.65353 , 421.45862
1289762068237101002  , -0.030303031 , 0.05882353 , 1.0093458 , 178.57408 , 357.65054 , 421.45862
1289762068254841000  , -0.030303031 , 0.078431375 , 1.0093458 , 178.59042 , 357.62653 , 421.45862
1289762068257133982  , -0.02020202 , 0.05882353 , 1.0093458 , 178.5931 , 357.62405 , 421.45862
1289762068274830980  , -0.04040404 , 0.029411765 , 1.0093458 , 178.61328 , 357.59808 , 421.45862
1289762068277258962  , -0.030303031 , 0.029411765 , 1.0093458 , 178.61531 , 357.5965 , 421.45755
1289762068294655960  , -0.030303031 , 0.05882353 , 1.0093458 , 178.63167 , 357.57437 , 421.45755
1289762068298530942  , -0.030303031 , 0.05882353 , 1.0093458 , 178.63402 , 357.57172 , 421.45755
1289762068316100939  , -0.04040404 , 0.029411765 , 1.0093458 , 178.65068 , 357.56082 , 421.45755
1289762068318393921  , -0.030303031 , 0.05882353 , 1.0093458 , 178.65292 , 357.55792 , 421.45755
1289762068336132919  , -0.030303031 , 0.05882353 , 1.0093458 , 178.66542 , 357.53195 , 421.4691
1289762068338404901  , -0.030303031 , 0.05882353 , 1.0093458 , 178.66777 , 357.5295 , 421.4691
1289762068355977899  , -0.04040404 , 0.029411765 , 1.0093458 , 178.6899 , 357.51028 , 421.4691
1289762068358449881  , -0.030303031 , 0.05882353 , 1.0093458 , 178.69406 , 357.50803 , 421.4691
1289762068376076879  , -0.030303031 , 0.029411765 , 1.0093458 , 178.72002 , 357.48016 , 421.4691
1289762068378517861  , -0.030303031 , 0.078431375 , 1.0093458 , 178.72162 , 357.47778 , 421.4691
1289762068395907859  , -0.030303031 , 0.029411765 , 1.0093458 , 178.74855 , 357.47778 , 421.4691
1289762068398355841  , -0.030303031 , 0.05882353 , 1.0093458 , 178.75154 , 357.47662 , 421.4691
1289762068416156839  , -0.030303031 , 0.078431375 , 1.0093458 , 178.77654 , 357.46027 , 421.4691
1289762068418537821  , -0.02020202 , 0.05882353 , 1.0093458 , 178.77771 , 357.45898 , 421.4691
1289762068436059819  , -0.030303031 , 0.05882353 , 1.0093458 , 178.80463 , 357.43112 , 421.4691
1289762068438371801  , -0.030303031 , 0.05882353 , 1.0093458 , 178.80731 , 357.42908 , 421.4691
1289762068456047799  , -0.030303031 , 0.05882353 , 1.0093458 , 178.82942 , 357.39832 , 421.4691
1289762068459649781  , -0.030303031 , 0.05882353 , 1.0093458 , 178.83134 , 357.3964 , 421.47037
1289762068477202777  , -0.04040404 , 0.05882353 , 1.0093458 , 178.8448 , 357.3964 , 421.47037
1289762068479870760  , -0.030303031 , 0.078431375 , 1.0093458 , 178.84785 , 357.3946 , 421.47037
1289762068497365757  , -0.030303031 , 0.029411765 , 1.0093458 , 178.86581 , 357.38495 , 421.47037
1289762068499743740  , -0.030303031 , 0.05882353 , 1.0093458 , 178.86784 , 357.3818 , 421.47037
1289762068515020737  , -0.030303031 , 0.078431375 , 1.0093458 , 178.87938 , 357.36835 , 421.47037
1289762068519761722  , -0.030303031 , 0.029411765 , 1.0093458 , 178.8836 , 357.36563 , 421.47037
1289762068537296717  , -0.030303031 , 0.029411765 , 1.0093458 , 178.8917 , 357.35834 , 421.47037
1289762068541103700  , -0.030303031 , 0.05882353 , 1.0093458 , 178.89542 , 357.35596 , 421.47037
1289762068558475696  , -0.04040404 , 0.029411765 , 1.0093458 , 178.90744 , 357.34442 , 421.47037
1289762068560907679  , -0.030303031 , 0.078431375 , 1.0093458 , 178.91016 , 357.34262 , 421.47037
1289762068578606676  , -0.030303031 , 0.029411765 , 1.0093458 , 178.92746 , 357.3253 , 421.47037
1289762068580917659  , -0.030303031 , 0.05882353 , 1.0093458 , 178.9303 , 357.3235 , 421.47037
1289762068598482656  , -0.030303031 , 0.078431375 , 1.0093458 , 178.95593 , 357.30875 , 421.47037
1289762068600869639  , -0.02020202 , 0.05882353 , 1.0093458 , 178.9591 , 357.3066 , 421.47037
1289762068618596636  , -0.030303031 , 0.029411765 , 1.0093458 , 178.97961 , 357.29636 , 421.47037
1289762068621054619  , -0.030303031 , 0.05882353 , 1.0093458 , 178.98436 , 357.29407 , 421.47037
1289762068638585616  , -0.030303031 , 0.05882353 , 1.0093458 , 179.00232 , 357.27612 , 421.47037
1289762068642307599  , -0.030303031 , 0.029411765 , 1.0093458 , 179.0057 , 357.27374 , 421.47037
1289762068659875595  , -0.04040404 , 0.029411765 , 1.0093458 , 179.01628 , 357.26367 , 421.47037
1289762068662302577  , -0.030303031 , 0.05882353 , 1.0093458 , 179.01874 , 357.2611 , 421.47037
1289762068679903575  , -0.04040404 , 0.05882353 , 1.0093458 , 179.05336 , 357.238 , 421.47037
1289762068682231557  , -0.030303031 , 0.078431375 , 1.0093458 , 179.05528 , 357.236 , 421.47037
1289762068699849555  , -0.030303031 , 0.029411765 , 1.0093458 , 179.07835 , 357.21964 , 421.47037
1289762068702331537  , -0.030303031 , 0.05882353 , 1.0093458 , 179.08081 , 357.21698 , 421.47037
1289762068719833535  , -0.030303031 , 0.078431375 , 1.0093458 , 179.1039 , 357.18814 , 421.47037
1289762068722307517  , -0.02020202 , 0.029411765 , 1.0093458 , 179.10678 , 357.18555 , 421.47037
1289762068739863515  , -0.030303031 , 0.05882353 , 1.0093458 , 179.12697 , 357.1596 , 421.47037
1289762068742316497  , -0.030303031 , 0.029411765 , 1.0093458 , 179.12921 , 357.15747 , 421.47037
1289762068759874495  , -0.030303031 , 0.05882353 , 1.0093458 , 179.15036 , 357.14786 , 421.47037
1289762068763543477  , -0.030303031 , 0.05882353 , 1.0093458 , 179.15314 , 357.1458 , 421.47037
1289762068780973474  , -0.030303031 , 0.05882353 , 1.0093458 , 179.17238 , 357.13364 , 421.47037
1289762068783388456  , -0.030303031 , 0.05882353 , 1.0093458 , 179.1758 , 357.13086 , 421.47037
1289762068801098454  , -0.04040404 , 0.029411765 , 1.0093458 , 179.20175 , 357.1068 , 421.47037
1289762068803559436  , -0.030303031 , 0.078431375 , 1.0093458 , 179.204 , 357.1034 , 421.47037
1289762068821140434  , -0.02020202 , 0.029411765 , 1.0093458 , 179.23862 , 357.0861 , 421.47037
1289762068823554416  , -0.02020202 , 0.029411765 , 1.0093458 , 179.24107 , 357.0861 , 421.47037
1289762068841067414  , -0.030303031 , 0.05882353 , 1.0093458 , 179.26607 , 357.07648 , 421.47037
1289762068843552396  , -0.030303031 , 0.029411765 , 1.0093458 , 179.26788 , 357.07648 , 421.47037
1289762068861127394  , -0.030303031 , 0.05882353 , 1.0093458 , 179.29193 , 357.0611 , 421.47037
1289762068864808376  , -0.030303031 , 0.029411765 , 1.0093458 , 179.29439 , 357.05862 , 421.47037
1289762068882416372  , -0.030303031 , 0.029411765 , 1.0093458 , 179.30544 , 357.05093 , 421.47037
1289762068884706355  , -0.030303031 , 0.05882353 , 1.0093458 , 179.30815 , 357.04788 , 421.47037
1289762068902345352  , -0.04040404 , 0.029411765 , 1.0093458 , 179.32355 , 357.03314 , 421.47037
1289762068904739335  , -0.030303031 , 0.078431375 , 1.0093458 , 179.32637 , 357.0318 , 421.47037
1289762068922240332  , -0.030303031 , 0.029411765 , 1.0093458 , 179.33919 , 357.0241 , 421.47037
1289762068924731315  , -0.030303031 , 0.029411765 , 1.0093458 , 179.34315 , 357.02185 , 421.47037
1289762068942305312  , -0.030303031 , 0.078431375 , 1.0093458 , 179.3611 , 357.0135 , 421.47037
1289762068944630295  , -0.02020202 , 0.05882353 , 1.0093458 , 179.36336 , 357.01114 , 421.47037
1289762068962394293  , -0.030303031 , 0.029411765 , 1.0093458 , 179.38933 , 356.99863 , 421.47037
1289762068964936275  , -0.030303031 , 0.029411765 , 1.0093458 , 179.39178 , 356.99863 , 421.47177
1289762068982277272  , -0.030303031 , 0.05882353 , 1.0093458 , 179.4046 , 356.9858 , 421.47177
1289762068985882255  , -0.030303031 , 0.05882353 , 1.0093458 , 179.40675 , 356.9831 , 421.47177
1289762069003607251  , -0.04040404 , 0.029411765 , 1.0093458 , 179.42021 , 356.97684 , 421.47177
1289762069006049234  , -0.030303031 , 0.078431375 , 1.0093458 , 179.42316 , 356.97424 , 421.47177
1289762069023716231  , -0.04040404 , 0.05882353 , 1.0093458 , 179.4347 , 356.96014 , 421.47818
1289762069026106213  , -0.030303031 , 0.078431375 , 1.0093458 , 179.43694 , 356.95758 , 421.47818
1289762069043631211  , -0.02020202 , 0.05882353 , 1.0093458 , 179.46866 , 356.94122 , 421.47818
1289762069047291194  , -0.030303031 , 0.029411765 , 1.0093458 , 179.4715 , 356.93796 , 421.47943
1289762069064715190  , -0.030303031 , 0.05882353 , 1.0093458 , 179.47919 , 356.92688 , 421.47943
1289762069067111172  , -0.030303031 , 0.05882353 , 1.0093458 , 179.48164 , 356.9258 , 421.47943
1289762069084676170  , -0.04040404 , 0.029411765 , 1.0093458 , 179.50087 , 356.9258 , 421.47943
1289762069087158152  , -0.030303031 , 0.078431375 , 1.0093458 , 179.50333 , 356.92325 , 421.47943
1289762069104782150  , -0.04040404 , 0.029411765 , 1.0093458 , 179.51967 , 356.90115 , 421.47943
1289762069107156132  , -0.030303031 , 0.05882353 , 1.0093458 , 179.52223 , 356.89932 , 421.47943
1289762069124772130  , -0.030303031 , 0.078431375 , 1.0093458 , 179.53282 , 356.8772 , 421.47943
1289762069127163112  , -0.02020202 , 0.05882353 , 1.0093458 , 179.53506 , 356.87485 , 421.47943
1289762069144734110  , -0.030303031 , 0.05882353 , 1.0093458 , 179.55525 , 356.85852 , 421.47943
1289762069147246092  , -0.030303031 , 0.05882353 , 1.0093458 , 179.55782 , 356.85712 , 421.47943
1289762069164808090  , -0.04040404 , 0.05882353 , 1.0093458 , 179.58089 , 356.8427 , 421.47943
1289762069168541072  , -0.030303031 , 0.029411765 , 1.0093458 , 179.58356 , 356.84164 , 421.47943
1289762069186113069  , -0.030303031 , 0.029411765 , 1.0093458 , 179.59319 , 356.82495 , 421.47943
1289762069188403051  , -0.030303031 , 0.05882353 , 1.0093458 , 179.59575 , 356.82294 , 421.47943
1289762069206157049  , -0.04040404 , 0.029411765 , 1.0093458 , 179.61305 , 356.7912 , 421.47943
1289762069208383031  , -0.030303031 , 0.078431375 , 1.0093458 , 179.61508 , 356.78812 , 421.47943
1289762069225958029  , -0.030303031 , 0.029411765 , 1.0093458 , 179.63335 , 356.76697 , 421.47943
1289762069228363011  , -0.030303031 , 0.05882353 , 1.0093458 , 179.63591 , 356.7646 , 421.47943
1289762069246069009  , -0.030303031 , 0.078431375 , 1.0093458 , 179.65323 , 356.73865 , 421.47943
1289762069248471991  , -0.02020202 , 0.05882353 , 1.0093458 , 179.65729 , 356.73608 , 421.47943
1289762069266096989  , -0.030303031 , 0.029411765 , 1.0093458 , 179.67555 , 356.71686 , 421.47943
1289762069268546971  , -0.030303031 , 0.029411765 , 1.0093458 , 179.67886 , 356.7145 , 421.47943
1289762069286084969  , -0.030303031 , 0.05882353 , 1.0093458 , 179.70001 , 356.6991 , 421.47943
1289762069289713951  , -0.030303031 , 0.05882353 , 1.0093458 , 179.70279 , 356.69708 , 421.47943
1289762069307332947  , -0.04040404 , 0.05882353 , 1.0093458 , 179.71577 , 356.68842 , 421.47943
1289762069309674930  , -0.030303031 , 0.04901961 , 1.0093458 , 179.71872 , 356.68674 , 421.47943
1289762069327362927  , -0.030303031 , 0.029411765 , 1.0093458 , 179.74179 , 356.67392 , 421.47943
1289762069329712910  , -0.030303031 , 0.078431375 , 1.0093458 , 179.74484 , 356.67392 , 421.47943
1289762069347224907  , -0.02020202 , 0.05882353 , 1.0093458 , 179.75832 , 356.66046 , 421.47943
1289762069349740890  , -0.030303031 , 0.05882353 , 1.0093458 , 179.7617 , 356.65775 , 421.48065
1289762069367373887  , -0.030303031 , 0.05882353 , 1.0093458 , 179.7726 , 356.64877 , 421.48065
1289762069370999870  , -0.030303031 , 0.05882353 , 1.0093458 , 179.77486 , 356.6464 , 421.48065
1289762069388577866  , -0.04040404 , 0.029411765 , 1.0093458 , 179.78304 , 356.6387 , 421.48065
1289762069391054849  , -0.030303031 , 0.078431375 , 1.0093458 , 179.78564 , 356.63586 , 421.48065
1289762069408502846  , -0.030303031 , 0.029411765 , 1.0093458 , 179.80295 , 356.61984 , 421.48065
1289762069410899829  , -0.030303031 , 0.05882353 , 1.0093458 , 179.806 , 356.61804 , 421.48065
1289762069428587826  , -0.030303031 , 0.078431375 , 1.0093458 , 179.82074 , 356.6007 , 421.48065
1289762069431014809  , -0.02020202 , 0.029411765 , 1.0093458 , 179.82346 , 356.5988 , 421.48065
1289762069448537806  , -0.030303031 , 0.029411765 , 1.0093458 , 179.84268 , 356.58917 , 421.48065
1289762069451043789  , -0.030303031 , 0.05882353 , 1.0093458 , 179.84563 , 356.5869 , 421.48065
1289762069468625786  , -0.030303031 , 0.029411765 , 1.0093458 , 179.86101 , 356.57346 , 421.48065
1289762069472315769  , -0.030303031 , 0.05882353 , 1.0093458 , 179.86316 , 356.56995 , 421.48065
1289762069489830765  , -0.030303031 , 0.05882353 , 1.0093458 , 179.87518 , 356.5584 , 421.48065
1289762069492226747  , -0.030303031 , 0.05882353 , 1.0093458 , 179.87817 , 356.55618 , 421.48065
1289762069509778745  , -0.04040404 , 0.029411765 , 1.0093458 , 179.91376 , 356.54077 , 421.48065
1289762069512130727  , -0.030303031 , 0.078431375 , 1.0093458 , 179.916 , 356.53897 , 421.48065
1289762069529913725  , -0.04040404 , 0.029411765 , 1.0093458 , 179.93715 , 356.53897 , 421.48065
1289762069532290707  , -0.030303031 , 0.05882353 , 1.0093458 , 179.93939 , 356.53662 , 421.48065
1289762069549812705  , -0.030303031 , 0.078431375 , 1.0093458 , 179.96535 , 356.52603 , 421.48065
1289762069552342687  , -0.02020202 , 0.05882353 , 1.0093458 , 179.969 , 356.5238 , 421.48065
1289762069569808685  , -0.04040404 , 0.029411765 , 1.0093458 , 179.99591 , 356.5036 , 421.48065
1289762069572238667  , -0.030303031 , 0.029411765 , 1.0093458 , 179.99911 , 356.50146 , 421.48065
1289762069589819665  , -0.030303031 , 0.05882353 , 1.0093458 , 180.02411 , 356.4755 , 421.49026
1289762069593413647  , -0.030303031 , 0.05882353 , 1.0093458 , 180.02646 , 356.47305 , 421.49026
1289762069611014644  , -0.04040404 , 0.029411765 , 1.0093458 , 180.04314 , 356.466 , 421.49026
1289762069613600626  , -0.030303031 , 0.04901961 , 1.0093458 , 180.04634 , 356.46365 , 421.49133
1289762069631077624  , -0.030303031 , 0.029411765 , 1.0093458 , 180.06749 , 356.4473 , 421.49133
1289762069633645606  , -0.030303031 , 0.05882353 , 1.0093458 , 180.07112 , 356.4458 , 421.49133
1289762069651028603  , -0.030303031 , 0.078431375 , 1.0093458 , 180.08907 , 356.43683 , 421.49133
1289762069653444586  , -0.02020202 , 0.029411765 , 1.0093458 , 180.09224 , 356.43503 , 421.49133
1289762069671138584  , -0.04040404 , 0.029411765 , 1.0093458 , 180.12398 , 356.42252 , 421.49133
1289762069673390566  , -0.030303031 , 0.05882353 , 1.0093458 , 180.12708 , 356.4206 , 421.49133
1289762069691070564  , -0.030303031 , 0.05882353 , 1.0093458 , 180.14342 , 356.40137 , 421.49133
1289762069694682546  , -0.030303031 , 0.05882353 , 1.0093458 , 180.14555 , 356.39923 , 421.49133
1289762069712222542  , -0.030303031 , 0.029411765 , 1.0093458 , 180.16286 , 356.3901 , 421.49133
1289762069714633525  , -0.030303031 , 0.078431375 , 1.0093458 , 180.16716 , 356.38806 , 421.49133
1289762069732199523  , -0.030303031 , 0.029411765 , 1.0093458 , 180.19215 , 356.37747 , 421.49133
1289762069734658505  , -0.030303031 , 0.05882353 , 1.0093458 , 180.19504 , 356.3749 , 421.49133
1289762069752210502  , -0.030303031 , 0.078431375 , 1.0093458 , 180.213 , 356.36658 , 421.49133
1289762069754668485  , -0.02020202 , 0.05882353 , 1.0093458 , 180.21503 , 356.3649 , 421.49133
1289762069772371482  , -0.030303031 , 0.029411765 , 1.0093458 , 180.23233 , 356.34695 , 421.49133
1289762069774699465  , -0.030303031 , 0.029411765 , 1.0093458 , 180.2354 , 356.34467 , 421.4902
1289762069795945462  , -0.030303031 , 0.029411765 , 1.0093458 , 180.25398 , 356.3325 , 421.4902
1289762069797321441  , -0.030303031 , 0.029411765 , 1.0093458 , 180.256 , 356.3314 , 421.4902
1289762069814737440  , -0.030303031 , 0.029411765 , 1.0093458 , 180.30215 , 356.2891 , 421.4902
1289762069815882422  , -0.04040404 , 0.05882353 , 1.0093458 , 180.30386 , 356.2861 , 421.4902
1289762069833480421  , -0.030303031 , 0.078431375 , 1.0093458 , 180.35577 , 356.2438 , 421.4902
1289762069835958404  , -0.02020202 , 0.029411765 , 1.0093458 , 180.35849 , 356.24197 , 421.4902
1289762069853711401  , -0.030303031 , 0.05882353 , 1.0093458 , 180.37325 , 356.23236 , 421.4825
1289762069855876383  , -0.030303031 , 0.05882353 , 1.0093458 , 180.37656 , 356.23236 , 421.4825
1289762069873586381  , -0.030303031 , 0.029411765 , 1.0093458 , 180.39674 , 356.2189 , 421.4825
1289762069877144364  , -0.030303031 , 0.05882353 , 1.0093458 , 180.40002 , 356.2163 , 421.4825
1289762069894881360  , -0.030303031 , 0.029411765 , 1.0093458 , 180.40916 , 356.20428 , 421.4825
1289762069897320342  , -0.030303031 , 0.05882353 , 1.0093458 , 180.41237 , 356.2028 , 421.4825
1289762069914888340  , -0.04040404 , 0.029411765 , 1.0093458 , 180.42871 , 356.1826 , 421.4825
1289762069917142322  , -0.030303031 , 0.078431375 , 1.0093458 , 180.43085 , 356.18002 , 421.4825
1289762069934747320  , -0.030303031 , 0.029411765 , 1.0093458 , 180.45296 , 356.15695 , 421.4825
1289762069937225302  , -0.030303031 , 0.05882353 , 1.0093458 , 180.45573 , 356.15546 , 421.4825
1289762069954815300  , -0.030303031 , 0.078431375 , 1.0093458 , 180.47498 , 356.14008 , 421.4825
1289762069957234282  , -0.02020202 , 0.029411765 , 1.0093458 , 180.47754 , 356.14008 , 421.4825
1289762069974724280  , -0.030303031 , 0.029411765 , 1.0093458 , 180.49869 , 356.12085 , 421.4825
1289762069977179262  , -0.030303031 , 0.05882353 , 1.0093458 , 180.5021 , 356.1187 , 421.4825
1289762069994870260  , -0.030303031 , 0.05882353 , 1.0093458 , 180.51845 , 356.09372 , 421.4825
1289762069998440242  , -0.030303031 , 0.05882353 , 1.0093458 , 180.51994 , 356.0904 , 421.4825
1289762070016065239  , -0.030303031 , 0.029411765 , 1.0093458 , 180.53726 , 356.0904 , 421.4825
1289762070018569221  , -0.030303031 , 0.04901961 , 1.0093458 , 180.53929 , 356.08762 , 421.4825
1289762070036192219  , -0.030303031 , 0.029411765 , 1.0093458 , 180.5614 , 356.06262 , 421.4825
1289762070038415201  , -0.030303031 , 0.05882353 , 1.0093458 , 180.56354 , 356.06015 , 421.4825
1289762070056022199  , -0.030303031 , 0.078431375 , 1.0093458 , 180.5818 , 356.03708 , 421.4825
1289762070058439181  , -0.02020202 , 0.029411765 , 1.0093458 , 180.58437 , 356.034 , 421.4825
1289762070076137179  , -0.030303031 , 0.029411765 , 1.0093458 , 180.60745 , 356.0109 , 421.4825
1289762070078533161  , -0.030303031 , 0.05882353 , 1.0093458 , 180.60873 , 356.0078 , 421.4825
1289762070096274159  , -0.030303031 , 0.029411765 , 1.0093458 , 180.62988 , 355.99435 , 421.4825
1289762070099671141  , -0.030303031 , 0.029411765 , 1.0093458 , 180.63223 , 355.99435 , 421.4825
1289762070117352137  , -0.030303031 , 0.05882353 , 1.0093458 , 180.6428 , 355.99435 , 421.4825
1289762070119801120  , -0.030303031 , 0.05882353 , 1.0093458 , 180.64542 , 355.99265 , 421.4825
1289762070137317117  , -0.030303031 , 0.05882353 , 1.0093458 , 180.65887 , 355.9715 , 421.4825
1289762070139776100  , -0.030303031 , 0.04901961 , 1.0093458 , 180.6617 , 355.96945 , 421.4825
1289762070157407097  , -0.030303031 , 0.029411765 , 1.0093458 , 180.6771 , 355.95856 , 421.4825
1289762070159808080  , -0.030303031 , 0.05882353 , 1.0093458 , 180.67946 , 355.95654 , 421.4825
1289762070177379077  , -0.030303031 , 0.078431375 , 1.0093458 , 180.70575 , 355.9501 , 421.4902
1289762070179862060  , -0.02020202 , 0.05882353 , 1.0093458 , 180.70778 , 355.94775 , 421.4902
1289762070197266057  , -0.030303031 , 0.05882353 , 1.0093458 , 180.7238 , 355.93298 , 421.4902
1289762070199823040  , -0.030303031 , 0.05882353 , 1.0093458 , 180.72844 , 355.93176 , 421.4902
1289762070217267037  , -0.030303031 , 0.05882353 , 1.0093458 , 180.74832 , 355.9183 , 421.4825
1289762070220911020  , -0.030303031 , 0.029411765 , 1.0093458 , 180.74991 , 355.91638 , 421.4825
1289762070238480016  , -0.030303031 , 0.029411765 , 1.0093458 , 180.75952 , 355.9082 , 421.4825
1289762070240886999  , -0.030303031 , 0.05882353 , 1.0093458 , 180.76291 , 355.90604 , 421.4825
1289762070258679996  , -0.04040404 , 0.029411765 , 1.0093458 , 180.78085 , 355.89194 , 421.4825
1289762070261057978  , -0.030303031 , 0.078431375 , 1.0093458 , 180.7831 , 355.8896 , 421.48358
1289762070278616976  , -0.030303031 , 0.029411765 , 1.0093458 , 180.8081 , 355.86942 , 421.48358
1289762070281039959  , -0.030303031 , 0.05882353 , 1.0093458 , 180.81116 , 355.8669 , 421.48358
1289762070298616956  , -0.030303031 , 0.078431375 , 1.0093458 , 180.82462 , 355.85602 , 421.48358
1289762070301128939  , -0.02020202 , 0.029411765 , 1.0093458 , 180.82767 , 355.85352 , 421.48358
1289762070318613936  , -0.030303031 , 0.05882353 , 1.0093458 , 180.84435 , 355.84262 , 421.48358
1289762070321102919  , -0.030303031 , 0.029411765 , 1.0093458 , 180.84648 , 355.84103 , 421.48358
1289762070338495916  , -0.030303031 , 0.029411765 , 1.0093458 , 180.8606 , 355.83078 , 421.48358
1289762070340909899  , -0.030303031 , 0.05882353 , 1.0093458 , 180.86275 , 355.8291 , 421.48358
1289762070358525896  , -0.030303031 , 0.05882353 , 1.0093458 , 180.87685 , 355.82013 , 421.48358
1289762070362184879  , -0.030303031 , 0.05882353 , 1.0093458 , 180.88 , 355.81696 , 421.48358
1289762070379882875  , -0.030303031 , 0.029411765 , 1.0093458 , 180.8906 , 355.80878 , 421.48358
1289762070382429857  , -0.030303031 , 0.078431375 , 1.0093458 , 180.89433 , 355.80676 , 421.48358
1289762070399697855  , -0.02020202 , 0.05882353 , 1.0093458 , 180.92125 , 355.78848 , 421.48358
1289762070402165837  , -0.02020202 , 0.05882353 , 1.0093458 , 180.92445 , 355.78656 , 421.48358
1289762070419825835  , -0.030303031 , 0.05882353 , 1.0093458 , 180.94656 , 355.7654 , 421.48358
1289762070422306817  , -0.030303031 , 0.029411765 , 1.0093458 , 180.94913 , 355.76422 , 421.48358
1289762070439724815  , -0.04040404 , 0.05882353 , 1.0093458 , 180.9674 , 355.7421 , 421.48358
1289762070443430797  , -0.030303031 , 0.05882353 , 1.0093458 , 180.96986 , 355.73923 , 421.485
1289762070460990794  , -0.030303031 , 0.029411765 , 1.0093458 , 180.98524 , 355.72705 , 421.485
1289762070463390776  , -0.030303031 , 0.05882353 , 1.0093458 , 180.98824 , 355.72458 , 421.485
1289762070481048774  , -0.04040404 , 0.029411765 , 1.0093458 , 181.01227 , 355.70248 , 421.485
1289762070483585756  , -0.030303031 , 0.04901961 , 1.0093458 , 181.01688 , 355.70013 , 421.485
1289762070501142754  , -0.030303031 , 0.029411765 , 1.0093458 , 181.05629 , 355.68283 , 421.485
1289762070503496736  , -0.030303031 , 0.05882353 , 1.0093458 , 181.05885 , 355.68112 , 421.485
1289762070521183734  , -0.030303031 , 0.078431375 , 1.0093458 , 181.09924 , 355.66284 , 421.485
1289762070523403716  , -0.02020202 , 0.05882353 , 1.0093458 , 181.10213 , 355.66284 , 421.485
1289762070540925714  , -0.030303031 , 0.05882353 , 1.0093458 , 181.12616 , 355.6484 , 421.485
1289762070543656696  , -0.030303031 , 0.04901961 , 1.0093458 , 181.12819 , 355.64563 , 421.485
1289762070561010693  , -0.030303031 , 0.029411765 , 1.0093458 , 181.14615 , 355.6373 , 421.485
1289762070564729676  , -0.030303031 , 0.05882353 , 1.0093458 , 181.14964 , 355.6347 , 421.485
1289762070582367672  , -0.030303031 , 0.05882353 , 1.0093458 , 181.1612 , 355.6241 , 421.485
1289762070584691655  , -0.030303031 , 0.078431375 , 1.0093458 , 181.16312 , 355.62106 , 421.485
1289762070602379652  , -0.030303031 , 0.029411765 , 1.0093458 , 181.17337 , 355.60248 , 421.485
1289762070604877635  , -0.030303031 , 0.05882353 , 1.0093458 , 181.17517 , 355.6001 , 421.485
1289762070622333632  , -0.030303031 , 0.078431375 , 1.0093458 , 181.18993 , 355.58728 , 421.485
1289762070624706615  , -0.02020202 , 0.029411765 , 1.0093458 , 181.19434 , 355.58548 , 421.4861
1289762070642404612  , -0.030303031 , 0.029411765 , 1.0093458 , 181.21036 , 355.5733 , 421.4938
1289762070644703595  , -0.030303031 , 0.029411765 , 1.0093458 , 181.21307 , 355.57068 , 421.4938
1289762070662345592  , -0.04040404 , 0.029411765 , 1.0093458 , 181.22589 , 355.55978 , 421.4938
1289762070666070575  , -0.030303031 , 0.05882353 , 1.0093458 , 181.22963 , 355.55865 , 421.4938
1289762070683533571  , -0.030303031 , 0.029411765 , 1.0093458 , 181.23875 , 355.5505 , 421.4938
1289762070686120554  , -0.030303031 , 0.05882353 , 1.0093458 , 181.24193 , 355.5472 , 421.4938
1289762070703684551  , -0.030303031 , 0.05882353 , 1.0093458 , 181.25667 , 355.53568 , 421.4938
1289762070705915533  , -0.030303031 , 0.078431375 , 1.0093458 , 181.25902 , 355.53363 , 421.4938
1289762070723714531  , -0.030303031 , 0.05882353 , 1.0093458 , 181.28018 , 355.51056 , 421.4938
1289762070725997513  , -0.030303031 , 0.05882353 , 1.0093458 , 181.28285 , 355.50897 , 421.4938
1289762070743615511  , -0.030303031 , 0.078431375 , 1.0093458 , 181.29727 , 355.48492 , 421.4938
1289762070746155494  , -0.02020202 , 0.029411765 , 1.0093458 , 181.29909 , 355.4828 , 421.4938
1289762070763490491  , -0.030303031 , 0.05882353 , 1.0093458 , 181.30934 , 355.4751 , 421.4938
1289762070765984474  , -0.030303031 , 0.05882353 , 1.0093458 , 181.3117 , 355.47394 , 421.4938
1289762070783602471  , -0.030303031 , 0.029411765 , 1.0093458 , 181.32838 , 355.46176 , 421.4938
1289762070787272454  , -0.030303031 , 0.05882353 , 1.0093458 , 181.33154 , 355.46176 , 421.4938
1289762070804891450  , -0.030303031 , 0.029411765 , 1.0093458 , 181.34164 , 355.44977 , 421.49908
1289762070807184432  , -0.030303031 , 0.05882353 , 1.0093458 , 181.34485 , 355.44772 , 421.49908
1289762070824933430  , -0.030303031 , 0.05882353 , 1.0093458 , 181.37465 , 355.44772 , 421.49908
1289762070827311412  , -0.030303031 , 0.078431375 , 1.0093458 , 181.37646 , 355.44495 , 421.49908
1289762070844892410  , -0.030303031 , 0.029411765 , 1.0093458 , 181.39763 , 355.42474 , 421.49908
1289762070847393392  , -0.030303031 , 0.05882353 , 1.0093458 , 181.40083 , 355.42303 , 421.49908
1289762070862399390  , -0.030303031 , 0.078431375 , 1.0093458 , 181.42679 , 355.4067 , 421.49908
1289762070867270375  , -0.030303031 , 0.029411765 , 1.0093458 , 181.43051 , 355.4045 , 421.49908
1289762070882390370  , -0.030303031 , 0.05882353 , 1.0093458 , 181.43936 , 355.3995 , 421.49908
1289762070888641355  , -0.030303031 , 0.05882353 , 1.0093458 , 181.44077 , 355.39618 , 421.49908
1289762070899807348  , -0.030303031 , 0.029411765 , 1.0093458 , 181.44818 , 355.39178 , 421.49908
1289762070908606337  , -0.030303031 , 0.029411765 , 1.0093458 , 181.45064 , 355.38705 , 421.49908
1289762070926074329  , -0.030303031 , 0.078431375 , 1.0093458 , 181.45424 , 355.38177 , 421.49908
1289762070928455311  , -0.030303031 , 0.05882353 , 1.0093458 , 181.45659 , 355.3807 , 421.49908
1289762070946183309  , -0.030303031 , 0.029411765 , 1.0093458 , 181.47485 , 355.36917 , 421.49908
1289762070948575291  , -0.030303031 , 0.05882353 , 1.0093458 , 181.47635 , 355.3681 , 421.49908
1289762070965943289  , -0.030303031 , 0.029411765 , 1.0093458 , 181.49367 , 355.3383 , 421.49908
1289762070969853271  , -0.030303031 , 0.05882353 , 1.0093458 , 181.49634 , 355.33636 , 421.49908
1289762070987340267  , -0.030303031 , 0.029411765 , 1.0093458 , 181.51268 , 355.32626 , 421.49908
1289762070989688250  , -0.030303031 , 0.05882353 , 1.0093458 , 181.51562 , 355.3248 , 421.49908
1289762071007228247  , -0.04040404 , 0.029411765 , 1.0093458 , 181.52652 , 355.30942 , 421.49908
1289762071009890230  , -0.030303031 , 0.04901961 , 1.0093458 , 181.53014 , 355.30807 , 421.49908
1289762071027269227  , -0.030303031 , 0.029411765 , 1.0093458 , 181.5436 , 355.29462 , 421.49908
1289762071029698210  , -0.030303031 , 0.05882353 , 1.0093458 , 181.54665 , 355.29233 , 421.49908
1289762071047301207  , -0.030303031 , 0.078431375 , 1.0093458 , 181.56268 , 355.28143 , 421.49908
1289762071049833190  , -0.02020202 , 0.029411765 , 1.0093458 , 181.56505 , 355.27975 , 421.49908
1289762071076050187  , -0.030303031 , 0.05882353 , 1.0093458 , 181.58493 , 355.27014 , 421.49908
1289762071077299161  , -0.02020202 , 0.05882353 , 1.0093458 , 181.58678 , 355.26822 , 421.49908
1289762071079736160  , -0.030303031 , 0.029411765 , 1.0093458 , 181.63678 , 355.23166 , 421.49908
1289762071097403157  , -0.04040404 , 0.05882353 , 1.0093458 , 181.65024 , 355.23166 , 421.49908
1289762071101227140  , -0.030303031 , 0.029411765 , 1.0093458 , 181.65363 , 355.22885 , 421.49908
1289762071118601136  , -0.04040404 , 0.029411765 , 1.0093458 , 181.66565 , 355.2197 , 421.49908
1289762071121094119  , -0.030303031 , 0.078431375 , 1.0093458 , 181.66916 , 355.2163 , 421.49908
1289762071138525116  , -0.030303031 , 0.05882353 , 1.0093458 , 181.68903 , 355.2035 , 421.49908
1289762071141085099  , -0.030303031 , 0.078431375 , 1.0093458 , 181.69185 , 355.19977 , 421.49908
1289762071158486096  , -0.030303031 , 0.029411765 , 1.0093458 , 181.70917 , 355.1863 , 421.49908
1289762071160964079  , -0.030303031 , 0.05882353 , 1.0093458 , 181.71165 , 355.18405 , 421.49908
1289762071178671076  , -0.030303031 , 0.078431375 , 1.0093458 , 181.72575 , 355.16864 , 421.49908
1289762071181062058  , -0.02020202 , 0.029411765 , 1.0093458 , 181.72832 , 355.1662 , 421.49908
1289762071198661056  , -0.030303031 , 0.05882353 , 1.0093458 , 181.75621 , 355.146 , 421.49908
1289762071201058038  , -0.030303031 , 0.05882353 , 1.0093458 , 181.75963 , 355.1442 , 421.49908
1289762071218504036  , -0.030303031 , 0.029411765 , 1.0093458 , 181.78558 , 355.1269 , 421.49908
1289762071222291019  , -0.030303031 , 0.05882353 , 1.0093458 , 181.7883 , 355.1238 , 421.49908
1289762071239755015  , -0.04040404 , 0.05882353 , 1.0093458 , 181.80128 , 355.1171 , 421.49908
1289762071242165997  , -0.030303031 , 0.078431375 , 1.0093458 , 181.80374 , 355.11432 , 421.49908
1289762071259779995  , -0.04040404 , 0.029411765 , 1.0093458 , 181.82585 , 355.10086 , 421.49908
1289762071262397977  , -0.030303031 , 0.078431375 , 1.0093458 , 181.82874 , 355.09882 , 421.49908
1289762071279869975  , -0.02020202 , 0.05882353 , 1.0093458 , 181.85663 , 355.0815 , 421.49908
1289762071282342957  , -0.02020202 , 0.05882353 , 1.0093458 , 181.85994 , 355.07928 , 421.49908
1289762071299860955  , -0.030303031 , 0.029411765 , 1.0093458 , 181.88013 , 355.06195 , 421.49908
1289762071302197937  , -0.030303031 , 0.029411765 , 1.0093458 , 181.88365 , 355.0593 , 421.50037
1289762071319843935  , -0.030303031 , 0.05882353 , 1.0093458 , 181.92308 , 355.0487 , 421.50037
1289762071323479917  , -0.030303031 , 0.029411765 , 1.0093458 , 181.92596 , 355.04764 , 421.50037
1289762071341094914  , -0.04040404 , 0.05882353 , 1.0093458 , 181.94904 , 355.03546 , 421.50037
1289762071343434896  , -0.030303031 , 0.05882353 , 1.0093458 , 181.95117 , 355.0326 , 421.50037
1289762071361018894  , -0.030303031 , 0.04901961 , 1.0093458 , 181.98099 , 355.0172 , 421.50037
1289762071363522876  , -0.030303031 , 0.078431375 , 1.0093458 , 181.98376 , 355.01495 , 421.50037
1289762071381028874  , -0.02020202 , 0.05882353 , 1.0093458 , 182.00587 , 354.99957 , 421.50037
1289762071383442856  , -0.030303031 , 0.029411765 , 1.0093458 , 182.00844 , 354.99744 , 421.50143
1289762071400994854  , -0.030303031 , 0.029411765 , 1.0093458 , 182.03728 , 354.97916 , 421.50143
1289762071404738836  , -0.030303031 , 0.05882353 , 1.0093458 , 182.04016 , 354.97693 , 421.50143
1289762071422376832  , -0.04040404 , 0.029411765 , 1.0093458 , 182.05075 , 354.96442 , 421.50143
1289762071424778815  , -0.030303031 , 0.078431375 , 1.0093458 , 182.05347 , 354.96237 , 421.50143
1289762071442358812  , -0.030303031 , 0.029411765 , 1.0093458 , 182.06757 , 354.947 , 421.50143
1289762071444756795  , -0.030303031 , 0.05882353 , 1.0093458 , 182.06972 , 354.94373 , 421.50143
1289762071462294792  , -0.030303031 , 0.078431375 , 1.0093458 , 182.09343 , 354.92386 , 421.50143
1289762071464656775  , -0.02020202 , 0.05882353 , 1.0093458 , 182.09512 , 354.92102 , 421.50143
1289762071482422772  , -0.04040404 , 0.029411765 , 1.0093458 , 182.11308 , 354.90564 , 421.50143
1289762071484889755  , -0.030303031 , 0.029411765 , 1.0093458 , 182.11624 , 354.90225 , 421.50143
1289762071502372752  , -0.030303031 , 0.029411765 , 1.0093458 , 182.13034 , 354.8888 , 421.50143
1289762071506036735  , -0.030303031 , 0.029411765 , 1.0093458 , 182.13408 , 354.88663 , 421.50143
1289762071523678731  , -0.04040404 , 0.029411765 , 1.0093458 , 182.15042 , 354.87894 , 421.50143
1289762071525916713  , -0.030303031 , 0.05882353 , 1.0093458 , 182.15277 , 354.87637 , 421.50143
1289762071543674711  , -0.04040404 , 0.05882353 , 1.0093458 , 182.17778 , 354.86002 , 421.50143
1289762071545991693  , -0.030303031 , 0.078431375 , 1.0093458 , 182.18098 , 354.85767 , 421.50143
1289762071563578691  , -0.030303031 , 0.029411765 , 1.0093458 , 182.20117 , 354.84518 , 421.50143
1289762071565963674  , -0.030303031 , 0.05882353 , 1.0093458 , 182.2031 , 354.84222 , 421.50143
1289762071583679671  , -0.030303031 , 0.078431375 , 1.0093458 , 182.22104 , 354.82428 , 421.50143
1289762071585958653  , -0.02020202 , 0.05882353 , 1.0093458 , 182.22403 , 354.823 , 421.50143
1289762071603543651  , -0.030303031 , 0.05882353 , 1.0093458 , 182.25288 , 354.80377 , 421.50143
1289762071605952634  , -0.030303031 , 0.05882353 , 1.0093458 , 182.2556 , 354.80164 , 421.50143
1289762071623537631  , -0.030303031 , 0.029411765 , 1.0093458 , 182.26842 , 354.7901 , 421.50143
1289762071627207614  , -0.030303031 , 0.05882353 , 1.0093458 , 182.27193 , 354.78668 , 421.50143
1289762071644925610  , -0.030303031 , 0.05882353 , 1.0093458 , 182.28539 , 354.77997 , 421.50143
1289762071647338592  , -0.030303031 , 0.05882353 , 1.0093458 , 182.28827 , 354.77762 , 421.50143
1289762071664950590  , -0.030303031 , 0.05882353 , 1.0093458 , 182.30942 , 354.75647 , 421.50143
1289762071667372572  , -0.030303031 , 0.078431375 , 1.0093458 , 182.31284 , 354.75348 , 421.50143
1289762071684905570  , -0.02020202 , 0.05882353 , 1.0093458 , 182.34169 , 354.73135 , 421.50143
1289762071687173552  , -0.02020202 , 0.05882353 , 1.0093458 , 182.345 , 354.73016 , 421.50143
1289762071704764550  , -0.030303031 , 0.029411765 , 1.0093458 , 182.37962 , 354.70517 , 421.50143
1289762071708548532  , -0.030303031 , 0.05882353 , 1.0093458 , 182.3823 , 354.70175 , 421.50143
1289762071726186529  , -0.030303031 , 0.029411765 , 1.0093458 , 182.39896 , 354.68637 , 421.50143
1289762071728457511  , -0.030303031 , 0.05882353 , 1.0093458 , 182.40184 , 354.68393 , 421.50143
1289762071746164509  , -0.030303031 , 0.078431375 , 1.0093458 , 182.41722 , 354.6695 , 421.50143
1289762071748442491  , -0.02020202 , 0.029411765 , 1.0093458 , 182.42043 , 354.6681 , 421.50143
1289762071765993489  , -0.030303031 , 0.05882353 , 1.0093458 , 182.43677 , 354.64886 , 421.49088
1289762071768463471  , -0.04040404 , 0.05882353 , 1.0093458 , 182.43849 , 354.64673 , 421.49088
1289762071786050469  , -0.030303031 , 0.029411765 , 1.0093458 , 182.45676 , 354.6227 , 421.49088
1289762071789740451  , -0.030303031 , 0.05882353 , 1.0093458 , 182.46071 , 354.6198 , 421.49088
1289762071807257447  , -0.030303031 , 0.029411765 , 1.0093458 , 182.47609 , 354.6073 , 421.49088
1289762071809729430  , -0.030303031 , 0.05882353 , 1.0093458 , 182.47914 , 354.60437 , 421.49088
1289762071827442427  , -0.030303031 , 0.029411765 , 1.0093458 , 182.50223 , 354.59348 , 421.49088
1289762071829907410  , -0.030303031 , 0.078431375 , 1.0093458 , 182.50641 , 354.59055 , 421.49088
1289762071847423407  , -0.030303031 , 0.029411765 , 1.0093458 , 182.52307 , 354.58286 , 421.49088
1289762071849816390  , -0.030303031 , 0.05882353 , 1.0093458 , 182.52556 , 354.58057 , 421.4921
1289762071867247387  , -0.030303031 , 0.078431375 , 1.0093458 , 182.55057 , 354.57224 , 421.4921
1289762071869700370  , -0.02020202 , 0.05882353 , 1.0093458 , 182.55385 , 354.56964 , 421.4921
1289762071887280367  , -0.030303031 , 0.05882353 , 1.0093458 , 182.56602 , 354.55106 , 421.4921
1289762071889714350  , -0.030303031 , 0.029411765 , 1.0093458 , 182.56851 , 354.54822 , 421.4921
1289762071907403347  , -0.030303031 , 0.029411765 , 1.0093458 , 182.5871 , 354.5322 , 421.4921
1289762071910969330  , -0.030303031 , 0.05882353 , 1.0093458 , 182.58902 , 354.5294 , 421.4921
1289762071928506326  , -0.030303031 , 0.05882353 , 1.0093458 , 182.60153 , 354.5294 , 421.4921
1289762071931069309  , -0.030303031 , 0.05882353 , 1.0093458 , 182.60503 , 354.52676 , 421.4921
1289762071948561306  , -0.04040404 , 0.029411765 , 1.0093458 , 182.61914 , 354.51074 , 421.4921
1289762071951035289  , -0.030303031 , 0.078431375 , 1.0093458 , 182.62196 , 354.50894 , 421.4921
1289762071968579286  , -0.04040404 , 0.029411765 , 1.0093458 , 182.64183 , 354.49164 , 421.4921
1289762071971255269  , -0.030303031 , 0.05882353 , 1.0093458 , 182.64444 , 354.4905 , 421.4921
1289762071988527266  , -0.030303031 , 0.078431375 , 1.0093458 , 182.65726 , 354.48218 , 421.4921
1289762071990996249  , -0.02020202 , 0.029411765 , 1.0093458 , 182.65839 , 354.47946 , 421.4921
1289762072008518246  , -0.030303031 , 0.05882353 , 1.0093458 , 182.668 , 354.4634 , 421.4921
1289762072011036229  , -0.030303031 , 0.05882353 , 1.0093458 , 182.67049 , 354.4607 , 421.4921
1289762072028534226  , -0.030303031 , 0.029411765 , 1.0093458 , 182.6878 , 354.44595 , 421.4921
1289762072032224209  , -0.030303031 , 0.05882353 , 1.0093458 , 182.69153 , 354.44257 , 421.4921
1289762072049779205  , -0.04040404 , 0.05882353 , 1.0093458 , 182.70885 , 354.43103 , 421.4921
1289762072052398187  , -0.030303031 , 0.029411765 , 1.0093458 , 182.71184 , 354.4289 , 421.4921
1289762072069746185  , -0.02020202 , 0.05882353 , 1.0093458 , 182.73972 , 354.40485 , 421.4921
1289762072073374167  , -0.030303031 , 0.05882353 , 1.0093458 , 182.74121 , 354.40228 , 421.4921
1289762072091047164  , -0.01010101 , 0.029411765 , 1.0093458 , 182.75403 , 354.38626 , 421.4921
1289762072093495146  , 0.0 , 0.05882353 , 1.0093458 , 182.75734 , 354.38446 , 421.4921
1289762072110915144  , -0.01010101 , 0.05882353 , 1.0093458 , 182.78523 , 354.4585 , 421.4921
1289762072113350126  , -0.01010101 , 0.029411765 , 1.0093458 , 182.7894 , 354.48413 , 421.4921
1289762072131024124  , -0.030303031 , 0.05882353 , 1.0093458 , 182.81439 , 354.83893 , 421.4921
1289762072133306106  , -0.05050505 , 0.04901961 , 1.0093458 , 182.81792 , 354.8896 , 421.4921
1289762072151065104  , -0.07070707 , 0.078431375 , 1.0093458 , 182.85446 , 355.38574 , 421.4921
1289762072154717086  , -0.08080808 , 0.05882353 , 1.0093458 , 182.85692 , 355.43616 , 421.4921
1289762072172424082  , -0.09090909 , 0.04901961 , 1.0093458 , 182.87086 , 355.62894 , 421.4921
1289762072174707065  , -0.09090909 , 0.078431375 , 1.0093458 , 182.87505 , 355.66153 , 421.4921
1289762072192317062  , -0.09090909 , 0.04901961 , 1.0093458 , 182.89043 , 355.76218 , 421.4921
1289762072194711045  , -0.060606062 , 0.04901961 , 1.0093458 , 182.89314 , 355.7694 , 421.4921
1289762072212310042  , -0.05050505 , 0.05882353 , 1.0093458 , 182.90788 , 355.74506 , 421.4921
1289762072214754025  , -0.05050505 , 0.05882353 , 1.0093458 , 182.90936 , 355.73566 , 421.4921
1289762072232275022  , -0.07070707 , 0.05882353 , 1.0093458 , 182.92154 , 355.67093 , 421.4921
1289762072234704005  , -0.060606062 , 0.05882353 , 1.0093458 , 182.92436 , 355.6587 , 421.4921
1289762072252346002  , -0.05050505 , 0.05882353 , 1.0093458 , 182.94232 , 355.56064 , 421.4921
1289762072255966985  , -0.05050505 , 0.029411765 , 1.0093458 , 182.94446 , 355.5423 , 421.49326
1289762072273484981  , -0.04040404 , 0.029411765 , 1.0093458 , 182.95505 , 355.4726 , 421.49326
1289762072276043964  , -0.05050505 , 0.05882353 , 1.0093458 , 182.95877 , 355.46036 , 421.49326
1289762072293490961  , -0.05050505 , 0.029411765 , 1.0093458 , 182.9793 , 355.4251 , 421.49326
1289762072295992944  , -0.05050505 , 0.04901961 , 1.0093458 , 182.98132 , 355.42026 , 421.49326
1289762072313541941  , -0.05050505 , 0.029411765 , 1.0093458 , 182.99414 , 355.39267 , 421.49326
1289762072316079924  , -0.05050505 , 0.05882353 , 1.0093458 , 182.9972 , 355.3867 , 421.49326
1289762072333550921  , -0.05050505 , 0.078431375 , 1.0093458 , 183.01067 , 355.35144 , 421.49326
1289762072337239904  , -0.060606062 , 0.078431375 , 1.0093458 , 183.01349 , 355.34454 , 421.49326
1289762072354705900  , -0.05050505 , 0.029411765 , 1.0093458 , 183.02551 , 355.30463 , 421.49326
1289762072357248882  , -0.05050505 , 0.078431375 , 1.0093458 , 183.02829 , 355.2933 , 421.49326
1289762072374728880  , -0.05050505 , 0.029411765 , 1.0093458 , 183.05136 , 355.1654 , 421.49326
1289762072377358862  , -0.04040404 , 0.078431375 , 1.0093458 , 183.05467 , 355.1481 , 421.49326
1289762072394732860  , -0.030303031 , 0.05882353 , 1.0093458 , 183.07967 , 354.97983 , 421.49326
1289762072397179842  , -0.030303031 , 0.05882353 , 1.0093458 , 183.08214 , 354.9621 , 421.49326
1289762072414797840  , -0.04040404 , 0.05882353 , 1.0093458 , 183.09848 , 354.80634 , 421.4836
1289762072417411822  , -0.04040404 , 0.05882353 , 1.0093458 , 183.10008 , 354.79062 , 421.4836
1289762072434807820  , -0.04040404 , 0.05882353 , 1.0093458 , 183.12604 , 354.68774 , 421.4836
1289762072438347802  , -0.04040404 , 0.029411765 , 1.0093458 , 183.1285 , 354.67856 , 421.4836
1289762072455993799  , -0.030303031 , 0.05882353 , 1.0093458 , 183.1426 , 354.6305 , 421.4836
1289762072458460781  , -0.01010101 , 0.05882353 , 1.0093458 , 183.14442 , 354.6244 , 421.4836
1289762072476023779  , -0.01010101 , 0.078431375 , 0.97196263 , 183.16077 , 354.6369 , 421.4836
1289762072478552761  , -0.02020202 , 0.029411765 , 1.0093458 , 183.16344 , 354.654 , 421.4836
1289762072495892759  , -0.04040404 , 0.05882353 , 1.0093458 , 183.19131 , 354.99918 , 421.4836
1289762072498475741  , -0.060606062 , 0.04901961 , 1.0093458 , 183.19377 , 355.04822 , 421.4836
1289762072516230739  , -0.11111111 , 0.05882353 , 1.046729 , 183.21686 , 355.4559 , 421.4836
1289762072518474721  , -0.14141414 , 0.04901961 , 1.046729 , 183.21931 , 355.4916 , 421.4836
1289762072536002719  , -0.11111111 , 0.029411765 , 1.046729 , 183.2395 , 355.56757 , 421.4836
