1289761310978236277  , -2.0415497 , -0.17057784 , 0.22069164 , -256.2485 , -63.441742 , -17.468378
1289761310980719260  , -2.0314486 , -0.1705678 , 0.22070469 , -256.2518 , -63.441742 , -17.468378
1289761310998182257  , -2.0319004 , -0.1690065 , 0.21971995 , -256.28577 , -63.532124 , -17.468378
1289761311001852240  , -2.0419493 , -0.16917612 , 0.21985029 , -256.28577 , -63.521603 , -17.466455
1289761311019501236  , -2.0315309 , -0.17017306 , 0.22067128 , -256.29443 , -63.45814 , -17.454435
1289761311021791218  , -2.0416107 , -0.17024194 , 0.22072424 , -256.29443 , -63.45387 , -17.453154
1289761311039444216  , -2.0414946 , -0.17055206 , 0.22109051 , -256.3146 , -63.430794 , -17.453154
1289761311041895198  , -2.0313811 , -0.17058416 , 0.22113083 , -256.31708 , -63.428333 , -17.453154
1289761311059457196  , -2.0314536 , -0.17026347 , 0.22106676 , -256.34592 , -63.442757 , -17.453154
1289761311061823178  , -2.0314674 , -0.17020918 , 0.2210444 , -256.349 , -63.445538 , -17.453154
1289761311079284176  , -2.041699 , -0.15010668 , 0.22082144 , -256.37402 , -63.471497 , -17.453154
1289761311081914159  , -2.0316312 , -0.16959181 , 0.22075827 , -256.379 , -63.478172 , -17.453154
1289761311099488156  , -2.031785 , -0.16903195 , 0.22045952 , -256.40015 , -63.50894 , -17.453154
1289761311104279138  , -2.0317924 , -0.16899717 , 0.22045483 , -256.40366 , -63.510437 , -17.453154
1289761311121836134  , -2.0418935 , -0.16896187 , 0.22050051 , -256.41522 , -63.510437 , -17.453154
1289761311122976116  , -2.041902 , -0.16892232 , 0.22049479 , -256.41916 , -63.512146 , -17.453154
1289761311140622115  , -2.0324593 , -0.14695165 , 0.21913625 , -256.49417 , -63.64484 , -17.453154
1289761311143242097  , -2.0325105 , -0.16638379 , 0.21901858 , -256.49716 , -63.6552 , -17.453154
1289761311160691095  , -2.023018 , -0.14467677 , 0.21760409 , -256.53177 , -63.77924 , -17.468538
1289761311164459077  , -2.0432796 , -0.16407734 , 0.21746285 , -256.53497 , -63.791527 , -17.468538
1289761311181814073  , -2.0328307 , -0.16519567 , 0.21838546 , -256.54364 , -63.72037 , -17.468538
1289761311182974056  , -2.0328732 , -0.14543493 , 0.21829678 , -256.5485 , -63.72897 , -17.468538
1289761311200720055  , -2.0348072 , -0.1388272 , 0.21344829 , -256.59656 , -64.13089 , -17.468538
1289761311204321037  , -2.0449347 , -0.15833649 , 0.2133901 , -256.59967 , -64.13645 , -17.468538
1289761311221828034  , -2.0344627 , -0.13993475 , 0.21443799 , -256.6176 , -64.05824 , -17.468538
1289761311224418016  , -2.0345008 , -0.13979533 , 0.21435104 , -256.62125 , -64.06625 , -17.468538
1289761311241822013  , -2.034656 , -0.13923575 , 0.21398413 , -256.63278 , -64.098946 , -17.468538
1289761311244287996  , -2.0346346 , -0.15890944 , 0.21404989 , -256.63516 , -64.09442 , -17.468538
1289761311261909994  , -2.0346346 , -0.13921745 , 0.21415769 , -256.664 , -64.09442 , -17.468538
1289761311268181976  , -2.0245614 , -0.13911395 , 0.21409549 , -256.6671 , -64.100296 , -17.468538
1289761311275654970  , -2.0447288 , -0.15881783 , 0.21421675 , -256.6748 , -64.092926 , -17.468538
1289761311293044962  , -2.0445733 , -0.13971776 , 0.21464996 , -256.68082 , -64.060234 , -17.468538
1289761311295478945  , -2.0344477 , -0.13979079 , 0.21472876 , -256.68442 , -64.05503 , -17.469896
1289761311313266942  , -2.0346088 , -0.13921304 , 0.21434273 , -256.6953 , -64.089005 , -17.469896
1289761311316843925  , -2.0447197 , -0.1391743 , 0.21432467 , -256.69736 , -64.09104 , -17.469896
1289761311334377921  , -2.0345 , -0.1395422 , 0.21468219 , -256.7089 , -64.06604 , -17.469896
1289761311336719904  , -2.0344858 , -0.13958345 , 0.21472673 , -256.71094 , -64.0631 , -17.469896
1289761311354401901  , -2.0344858 , -0.13952139 , 0.21480596 , -256.7321 , -64.0631 , -17.469896
1289761311356715883  , -2.024385 , -0.13951354 , 0.21481596 , -256.73477 , -64.0631 , -17.469896
1289761311374489881  , -2.0344858 , -0.1394205 , 0.21493463 , -256.76648 , -64.0631 , -17.469896
1289761311379425863  , -2.0344768 , -0.15904875 , 0.21497203 , -256.77002 , -64.06118 , -17.469896
1289761311396790858  , -2.0344768 , -0.13940701 , 0.21501522 , -256.78156 , -64.06118 , -17.469896
1289761311397999841  , -2.0445778 , -0.13939534 , 0.21503007 , -256.78552 , -64.06118 , -17.469896
1289761311415609840  , -2.0343485 , -0.139748 , 0.21547014 , -256.81244 , -64.034256 , -17.469896
1289761311418142822  , -2.0343552 , -0.15932478 , 0.21546389 , -256.81543 , -64.035645 , -17.469896
1289761311435709820  , -2.0445204 , -0.13942756 , 0.21538778 , -256.84042 , -64.0491 , -17.469896
1289761311439359802  , -2.0445147 , -0.13943882 , 0.21541221 , -256.843 , -64.04793 , -17.469896
1289761311456833799  , -2.0344136 , -0.15899946 , 0.21547215 , -256.859 , -64.04793 , -17.469896
1289761311458088781  , -2.0445266 , -0.13934533 , 0.21544985 , -256.86136 , -64.050385 , -17.469896
1289761311475716780  , -2.045371 , -0.13629465 , 0.2134249 , -256.92484 , -64.22923 , -17.491049
1289761311479401762  , -2.0353346 , -0.1360636 , 0.21326326 , -256.92834 , -64.24302 , -17.491049
1289761311496965758  , -2.0356238 , -0.13502988 , 0.21252914 , -256.9423 , -64.30504 , -17.491049
1289761311499345741  , -2.0356896 , -0.13479327 , 0.21236284 , -256.9458 , -64.319176 , -17.491049
1289761311516816739  , -2.0360768 , -0.13336758 , 0.2114108 , -256.97562 , -64.40283 , -17.491049
1289761311519295721  , -2.025996 , -0.13328919 , 0.21136563 , -256.9785 , -64.40721 , -17.491049
1289761311537047719  , -2.0359771 , -0.13363612 , 0.21178195 , -257.00253 , -64.38125 , -17.491049
1289761311540503701  , -2.0359392 , -0.13375872 , 0.21189761 , -257.00565 , -64.373024 , -17.491049
1289761311558069697  , -2.045804 , -0.13455506 , 0.21256872 , -257.01236 , -64.32206 , -17.491049
1289761311560535680  , -2.0457516 , -0.15433545 , 0.21272306 , -257.01532 , -64.310745 , -17.491049
1289761311578253677  , -2.045689 , -0.1349022 , 0.21294524 , -257.02942 , -64.29729 , -17.491049
1289761311580521660  , -2.035627 , -0.13475744 , 0.21285258 , -257.03314 , -64.30566 , -17.491049
1289761311598046657  , -2.0462146 , -0.13301691 , 0.21159165 , -257.05365 , -64.41078 , -17.491049
1289761311601856640  , -2.0362322 , -0.13259675 , 0.21127307 , -257.05624 , -64.43658 , -17.491049
1289761311619789636  , -2.0267067 , -0.1305415 , 0.20972116 , -257.0702 , -64.56254 , -17.49778
1289761311621051618  , -2.0369391 , -0.13006754 , 0.20936601 , -257.07394 , -64.59149 , -17.498957
1289761311638081617  , -2.0392413 , -0.12153067 , 0.20295903 , -257.14316 , -65.11265 , -17.498957
1289761311641811600  , -2.0393615 , -0.12107067 , 0.20261718 , -257.1477 , -65.14059 , -17.5002
1289761311659507596  , -2.0398073 , -0.1389719 , 0.2387096 , -257.16068 , -65.24491 , -17.5002
1289761311661936578  , -2.0398903 , -0.1386531 , 0.23846623 , -257.16272 , -65.264465 , -17.5002
1289761311679479576  , -2.0405936 , -0.13586016 , 0.23646262 , -257.20502 , -65.43177 , -17.5002
1289761311681903558  , -2.0406644 , -0.13557811 , 0.23625699 , -257.20874 , -65.44876 , -17.5002
1289761311699472556  , -2.041276 , -0.13312727 , 0.23445338 , -257.23856 , -65.59684 , -17.5002
1289761311703627538  , -2.041335 , -0.13288677 , 0.23427987 , -257.2422 , -65.61126 , -17.5002
1289761311720606534  , -2.041631 , -0.13168122 , 0.23339942 , -257.25854 , -65.68385 , -17.5002
1289761311723073517  , -2.041694 , -0.1314223 , 0.23321307 , -257.2626 , -65.699356 , -17.5002
1289761311740594515  , -2.0421934 , -0.12935612 , 0.2317146 , -257.2934 , -65.823395 , -17.513662
1289761311743012497  , -2.0422564 , -0.11929375 , 0.23152086 , -257.29605 , -65.839096 , -17.513662
1289761311760596495  , -2.0428202 , -0.12673725 , 0.2297861 , -257.3278 , -65.98141 , -17.513662
1289761311764430477  , -2.052991 , -0.12644488 , 0.22956762 , -257.3311 , -65.99914 , -17.515371
1289761311781863473  , -2.043213 , -0.12508349 , 0.22854522 , -257.34552 , -66.08183 , -17.515371
1289761311783003456  , -2.0534031 , -0.124708116 , 0.2282578 , -257.34845 , -66.1048 , -17.515371
1289761311800661455  , -2.054963 , -0.11794716 , 0.22313817 , -257.41577 , -66.516335 , -17.515371
1289761311804322437  , -2.0449657 , -0.097880796 , 0.22278386 , -257.41907 , -66.54443 , -17.516653
1289761311821849434  , -2.0456421 , -0.09484936 , 0.2204566 , -257.44473 , -66.72969 , -17.516653
1289761311824275416  , -2.0255618 , -0.09430176 , 0.22002605 , -257.4473 , -66.76345 , -17.516653
1289761311842092414  , -2.036538 , -0.10988279 , 0.2542764 , -257.4742 , -67.01057 , -17.516653
1289761311844672396  , -2.0163877 , -0.10963859 , 0.25409082 , -257.47687 , -67.02541 , -17.516653
1289761311861832393  , -2.0466905 , -0.08998433 , 0.21676497 , -257.49805 , -67.02541 , -17.516653
1289761311866325376  , -2.0466425 , -0.09020108 , 0.21695006 , -257.50018 , -67.01161 , -17.516653
1289761311883102372  , -2.0564165 , -0.09167215 , 0.21819362 , -257.51172 , -66.91834 , -17.516653
1289761311885494355  , -2.046234 , -0.092036456 , 0.21850058 , -257.5143 , -66.89527 , -17.516653
1289761311903187352  , -2.0458918 , -0.09355673 , 0.21977675 , -257.52393 , -66.79912 , -17.516653
1289761311905553335  , -2.0458553 , -0.11332068 , 0.21991795 , -257.5271 , -66.78893 , -17.516653
1289761311923073332  , -2.0457816 , -0.11360724 , 0.22023627 , -257.5457 , -66.768425 , -17.516653
1289761311926855315  , -2.0558903 , -0.09395714 , 0.22021818 , -257.5492 , -66.77057 , -17.516653
1289761311944392311  , -2.0459168 , -0.09336005 , 0.21978906 , -257.56122 , -66.806145 , -17.516653
1289761311945517294  , -2.0459673 , -0.09312861 , 0.21961099 , -257.56335 , -66.82029 , -17.516653
1289761311963184292  , -2.0464947 , -0.090661526 , 0.21776843 , -257.59894 , -66.96933 , -17.516653
1289761311967127275  , -2.0364444 , -0.090423375 , 0.2175875 , -257.60178 , -66.9838 , -17.516653
1289761311984356271  , -2.046601 , -0.09014684 , 0.21740817 , -257.61188 , -66.99967 , -17.516653
1289761311986898254  , -2.0465844 , -0.09021424 , 0.2174809 , -257.61584 , -66.99492 , -17.516653
1289761312004382251  , -2.0463457 , -0.1108589 , 0.25581264 , -257.63892 , -66.92697 , -17.516653
1289761312006747234  , -2.0462952 , -0.09147352 , 0.21862608 , -257.6423 , -66.912605 , -17.516653
1289761312038255231  , -2.0561485 , -0.092558384 , 0.2195777 , -257.65704 , -66.842735 , -17.516653
1289761312039423200  , -2.0561376 , -0.0926052 , 0.21961975 , -257.6579 , -66.83969 , -17.516653
1289761312056953198  , -2.0460365 , -0.09255752 , 0.21967822 , -257.67908 , -66.83969 , -17.516653
1289761312058144181  , -2.0460744 , -0.0923816 , 0.21954659 , -257.68167 , -66.85033 , -17.516653
1289761312075698180  , -2.0466099 , -0.109453306 , 0.25507665 , -257.72974 , -67.00225 , -17.516653
1289761312077999162  , -2.0264304 , -0.089736894 , 0.21761718 , -257.7325 , -67.00866 , -17.516653
1289761312095738160  , -2.0466323 , -0.089668825 , 0.21770033 , -257.7633 , -67.00866 , -17.516653
1289761312099367142  , -2.046613 , -0.08975184 , 0.21777989 , -257.76587 , -67.003105 , -17.516653
1289761312116858139  , -2.0464423 , -0.090497434 , 0.21845743 , -257.7806 , -66.954384 , -17.516653
1289761312119330121  , -2.0464137 , -0.090620756 , 0.21857122 , -257.7834 , -66.946266 , -17.516653
1289761312137021119  , -2.0563316 , -0.091415465 , 0.21929288 , -257.79877 , -66.89434 , -17.516653
1289761312139404101  , -2.04622 , -0.09145813 , 0.21933813 , -257.801 , -66.89135 , -17.516653
1289761312156882098  , -2.0462744 , -0.09116799 , 0.21919101 , -257.8209 , -66.90674 , -17.516653
1289761312160601081  , -2.0462976 , -0.09105697 , 0.21911275 , -257.8237 , -66.9133 , -17.516653
1289761312178111077  , -2.0362763 , -0.090696335 , 0.21881664 , -257.8237 , -66.9359 , -17.516653
1289761312179331060  , -2.0463881 , -0.09063922 , 0.2187832 , -257.82666 , -66.939064 , -17.516653
1289761312196981059  , -2.0464625 , -0.09015605 , 0.21868336 , -257.89203 , -66.96021 , -17.516653
1289761312200808041  , -2.0464504 , -0.09020555 , 0.21873766 , -257.89502 , -66.95669 , -17.516653
1289761312218046037  , -2.0463707 , -0.09053001 , 0.21907729 , -257.9109 , -66.9341 , -17.516653
1289761312220610020  , -2.0463505 , -0.090615734 , 0.21916093 , -257.91373 , -66.92832 , -17.516653
1289761312235712017  , -2.0462716 , -0.11054632 , 0.25688058 , -257.9291 , -66.90589 , -17.516653
1289761312240607002  , -2.0462713 , -0.09092933 , 0.2195085 , -257.9332 , -66.90589 , -17.516653
1289761312255595997  , -2.0563984 , -0.090784416 , 0.21944715 , -257.9459 , -66.91319 , -17.516653
1289761312260550982  , -2.0463166 , -0.09068741 , 0.21938592 , -257.95 , -66.91871 , -17.516653
1289761312275638977  , -2.0463655 , -0.09044458 , 0.21923101 , -257.96 , -66.932556 , -17.516653
1289761312280645962  , -2.0463777 , -0.09038159 , 0.21919489 , -257.96347 , -66.93602 , -17.516653
1289761312300729957  , -2.0463777 , -0.090360045 , 0.219221 , -257.97308 , -66.93602 , -17.516653
1289761312301806937  , -2.0463674 , -0.090402156 , 0.21926357 , -257.9748 , -66.933136 , -17.516653
1289761312319364936  , -2.046061 , -0.091704994 , 0.2204912 , -258.0075 , -66.846596 , -17.516653
1289761312321921919  , -2.046049 , -0.09175411 , 0.22054175 , -258.00964 , -66.8432 , -17.516653
1289761312339350916  , -2.045992 , -0.091970995 , 0.22079849 , -258.0263 , -66.82717 , -17.516653
1289761312341957899  , -2.045992 , -0.0919625 , 0.22080877 , -258.03006 , -66.82717 , -17.516653
1289761312359501896  , -2.046031 , -0.091789305 , 0.2206653 , -258.03006 , -66.83807 , -17.516653
1289761312363195878  , -2.0460396 , -0.09174509 , 0.22063904 , -258.0323 , -66.84053 , -17.516653
1289761312380696875  , -2.0461056 , -0.09141196 , 0.22043991 , -258.04895 , -66.859116 , -17.516653
1289761312383231857  , -2.0461056 , -0.091407344 , 0.22044548 , -258.051 , -66.859116 , -17.516653
1289761312400740855  , -2.0460577 , -0.11118534 , 0.25805867 , -258.07022 , -66.84566 , -17.516653
1289761312403220837  , -2.0460482 , -0.091615304 , 0.22071624 , -258.07224 , -66.84299 , -17.516653
1289761312420611835  , -2.045918 , -0.09215602 , 0.22124544 , -258.08957 , -66.80645 , -17.516653
1289761312424583817  , -2.0459073 , -0.09220004 , 0.22128898 , -258.09106 , -66.80346 , -17.517935
1289761312441865813  , -2.045907 , -0.092169285 , 0.221326 , -258.10452 , -66.80346 , -17.517935
1289761312444465796  , -2.0459073 , -0.092163086 , 0.22133347 , -258.10724 , -66.80346 , -17.517935
1289761312461994793  , -2.0459301 , -0.11161794 , 0.25869378 , -258.12967 , -66.80987 , -17.517935
1289761312464453776  , -2.04594 , -0.09196237 , 0.22128037 , -258.1317 , -66.812584 , -17.517935
1289761312481967773  , -2.0459833 , -0.09173553 , 0.22116014 , -258.14645 , -66.82476 , -17.517935
1289761312485693756  , -2.0459833 , -0.091727525 , 0.22116977 , -258.14996 , -66.82476 , -17.517935
1289761312503149752  , -2.0358634 , -0.09179486 , 0.22125927 , -258.15717 , -66.81947 , -17.517935
1289761312504950735  , -2.0459511 , -0.09184992 , 0.2213135 , -258.15897 , -66.81574 , -17.517935
1289761312521888733  , -2.0559628 , -0.09217572 , 0.22172838 , -258.18973 , -66.79074 , -17.517935
1289761312525510716  , -2.0458515 , -0.09221628 , 0.22177109 , -258.19165 , -66.78791 , -17.517935
1289761312543277712  , -2.0458326 , -0.09226459 , 0.22188339 , -258.20706 , -66.78262 , -17.523224
1289761312545686695  , -2.0458326 , -0.09225525 , 0.22189459 , -258.21112 , -66.78262 , -17.523224
1289761312563117692  , -2.045858 , -0.11171606 , 0.25922686 , -258.2265 , -66.78967 , -17.523224
1289761312565548675  , -2.0256603 , -0.09207922 , 0.22183847 , -258.2306 , -66.79092 , -17.523224
1289761312583272672  , -2.0458622 , -0.09205562 , 0.22186671 , -258.24084 , -66.79092 , -17.523224
1289761312586912655  , -2.0458624 , -0.09205049 , 0.22187287 , -258.2431 , -66.79092 , -17.523224
1289761312604511651  , -2.0458417 , -0.09210423 , 0.22199409 , -258.25943 , -66.78515 , -17.523224
1289761312606854633  , -2.045831 , -0.09214461 , 0.2220419 , -258.26242 , -66.78216 , -17.523224
1289761312624521631  , -2.0457377 , -0.112116724 , 0.25982457 , -258.28262 , -66.756195 , -17.523224
1289761312627067613  , -2.045731 , -0.09252873 , 0.22247614 , -258.28647 , -66.75438 , -17.523224
1289761312644492611  , -2.045731 , -0.09249541 , 0.22251591 , -258.3009 , -66.75438 , -17.523224
1289761312648042593  , -2.045731 , -0.09248777 , 0.22252506 , -258.3042 , -66.75438 , -17.523224
1289761312665619590  , -2.045761 , -0.09231302 , 0.2224658 , -258.32278 , -66.76271 , -17.523224
1289761312668054572  , -2.045761 , -0.09230514 , 0.2224752 , -258.3262 , -66.76271 , -17.523224
1289761312685744570  , -2.045761 , -0.092238426 , 0.22255467 , -258.35507 , -66.76271 , -17.523224
1289761312688200552  , -2.045754 , -0.092262894 , 0.2225873 , -258.35764 , -66.76079 , -17.523224
1289761312705767550  , -2.0457542 , -0.11181292 , 0.2600393 , -258.38263 , -66.76079 , -17.523224
1289761312708185532  , -2.035646 , -0.09223117 , 0.22269014 , -258.3852 , -66.75876 , -17.523224
1289761312725722530  , -2.0457468 , -0.09216887 , 0.2227642 , -258.4121 , -66.75876 , -17.523224
1289761312729491512  , -2.0457416 , -0.09218471 , 0.22279322 , -258.41544 , -66.75726 , -17.523224
1289761312746824508  , -2.0457416 , -0.09218471 , 0.22279322 , -258.41544 , -66.75726 , -17.523224
1289761312749643491  , -2.0457416 , -0.092176884 , 0.22280252 , -258.41882 , -66.75726 , -17.523224
1289761312766808488  , -2.0457416 , -0.111756474 , 0.26021922 , -258.431 , -66.75726 , -17.523224
1289761312769311471  , -2.0457416 , -0.082338184 , 0.22284383 , -258.43384 , -66.75726 , -17.524355
1289761312786842469  , -2.045707 , -0.09223355 , 0.22304305 , -258.45978 , -66.74765 , -17.524355
1289761312790574451  , -2.045707 , -0.09222758 , 0.22305012 , -258.46234 , -66.74765 , -17.524355
1289761312808153447  , -2.0355558 , -0.0924173 , 0.22327155 , -258.47534 , -66.7337 , -17.524355
1289761312809348430  , -2.04565 , -0.09243943 , 0.22330308 , -258.47806 , -66.731895 , -17.524355
1289761312826958429  , -2.0455527 , -0.09273349 , 0.22381559 , -258.5338 , -66.70497 , -17.549355
1289761312830518411  , -2.0455527 , -0.09272601 , 0.22382447 , -258.53702 , -66.70497 , -17.549355
1289761312848207407  , -2.04553 , -0.092793986 , 0.22394368 , -258.55002 , -66.69872 , -17.549355
1289761312850511390  , -2.04553 , -0.092788205 , 0.2239505 , -258.5525 , -66.69872 , -17.549355
1289761312868277387  , -2.0455303 , -0.11235556 , 0.26138148 , -258.5698 , -66.69872 , -17.549355
1289761312870620370  , -2.0354292 , -0.09273973 , 0.22400773 , -258.57318 , -66.69872 , -17.549355
1289761312888198367  , -2.0455303 , -0.092688605 , 0.22406802 , -258.595 , -66.69872 , -17.549355
1289761312891887350  , -2.0455248 , -0.09270537 , 0.22409508 , -258.59772 , -66.69725 , -17.549355
1289761312909380346  , -2.045495 , -0.09280455 , 0.22423863 , -258.6102 , -66.68908 , -17.549355
1289761312912004329  , -2.0454953 , -0.09280187 , 0.22424182 , -258.61133 , -66.68908 , -17.549355
1289761312929344326  , -2.045472 , -0.11247589 , 0.26175126 , -258.62607 , -66.68267 , -17.549355
1289761312931753309  , -2.045472 , -0.09285951 , 0.22437817 , -258.6297 , -66.68267 , -17.549355
1289761312949454306  , -2.045472 , -0.09281579 , 0.22442958 , -258.6483 , -66.68267 , -17.549355
1289761312953131288  , -2.045472 , -0.092808485 , 0.22443816 , -258.6514 , -66.68267 , -17.549355
1289761312970720285  , -2.0353708 , -0.092781335 , 0.22447008 , -258.66293 , -66.68267 , -17.549355
1289761312971918267  , -2.045472 , -0.09277308 , 0.22447976 , -258.66644 , -66.68267 , -17.549355
1289761312989475266  , -2.045402 , -0.09294817 , 0.22488612 , -258.7203 , -66.66344 , -17.549355
1289761312993025248  , -2.0453966 , -0.09296407 , 0.224915 , -258.7235 , -66.66194 , -17.549355
1289761313010571245  , -2.0453594 , -0.09309165 , 0.22509134 , -258.7376 , -66.65169 , -17.549355
1289761313013204227  , -2.0453541 , -0.093106285 , 0.22511822 , -258.7406 , -66.6503 , -17.549355
1289761313030732225  , -2.0453122 , -0.09320745 , 0.22536598 , -258.77426 , -66.63876 , -17.549355
1289761313033190207  , -2.035211 , -0.093198806 , 0.22537607 , -258.7779 , -66.63876 , -17.549355
1289761313050569205  , -2.045312 , -0.09315099 , 0.225432 , -258.79807 , -66.63876 , -17.549355
1289761313054378187  , -2.045305 , -0.0931758 , 0.2254641 , -258.80032 , -66.63684 , -17.549355
1289761313071796184  , -2.045305 , -0.09312867 , 0.22551915 , -258.8202 , -66.63684 , -17.549355
1289761313074312166  , -2.045305 , -0.09312074 , 0.22552839 , -258.82352 , -66.63684 , -17.549355
1289761313091841164  , -2.0452383 , -0.093354285 , 0.22583494 , -258.8456 , -66.61857 , -17.549355
1289761313094298146  , -2.045232 , -0.09337568 , 0.22586417 , -258.84787 , -66.61686 , -17.549355
1289761313111828144  , -2.045232 , -0.09331158 , 0.22593889 , -258.8748 , -66.61686 , -17.549355
1289761313115671126  , -2.045228 , -0.093321145 , 0.22596157 , -258.87778 , -66.61579 , -17.549355
1289761313133106122  , -2.0452282 , -0.09329131 , 0.22599629 , -258.8903 , -66.61579 , -17.549355
1289761313134200105  , -2.0452237 , -0.0933042 , 0.22602051 , -258.893 , -66.61455 , -17.549355
1289761313152050104  , -2.0452237 , -0.0931758 , 0.2261698 , -258.94684 , -66.61455 , -17.549355
1289761313155562086  , -2.0452237 , -0.0931679 , 0.22617894 , -258.95013 , -66.61455 , -17.550743
1289761313173279082  , -2.0452237 , -0.09315179 , 0.22619763 , -258.95688 , -66.61455 , -17.550743
1289761313175845065  , -2.0351229 , -0.09314421 , 0.22620645 , -258.96005 , -66.61455 , -17.550743
1289761313193239062  , -2.045172 , -0.11293872 , 0.26381868 , -258.97415 , -66.60044 , -17.550743
1289761313195698045  , -2.035065 , -0.09335315 , 0.22646308 , -258.97586 , -66.59875 , -17.550743
1289761313213325042  , -2.0451353 , -0.09344955 , 0.22661445 , -258.98996 , -66.590416 , -17.550743
1289761313216933025  , -2.0451353 , -0.09344253 , 0.22662258 , -258.9929 , -66.590416 , -17.550743
1289761313226906021  , -2.0451353 , -0.093413666 , 0.22665599 , -259.0049 , -66.590416 , -17.550743
1289761313244335011  , -2.0451353 , -0.09339844 , 0.22667366 , -259.01126 , -66.590416 , -17.550743
1289761313246807994  , -2.0451353 , -0.093390316 , 0.22668305 , -259.01465 , -66.590416 , -17.550743
1289761313264436991  , -2.0451353 , -0.11296125 , 0.26410896 , -259.03003 , -66.590416 , -17.550743
1289761313266852973  , -2.0350342 , -0.093353406 , 0.22672576 , -259.03003 , -66.590416 , -17.549355
1289761313284503971  , -2.045075 , -0.09353906 , 0.22702637 , -259.05887 , -66.574066 , -17.549355
1289761313288006953  , -2.0450752 , -0.0935355 , 0.22703047 , -259.06036 , -66.574066 , -17.549355
1289761313318023950  , -2.0450256 , -0.09370352 , 0.22726035 , -259.0777 , -66.56061 , -17.549355
1289761313319481920  , -2.0450225 , -0.09371406 , 0.22727665 , -259.07916 , -66.55971 , -17.549355
1289761313336966918  , -2.0450222 , -0.11324534 , 0.26474816 , -259.1109 , -66.55971 , -17.549355
1289761313338064901  , -2.0349212 , -0.083825395 , 0.22737437 , -259.1143 , -66.55971 , -17.550486
1289761313355785900  , -2.0450225 , -0.08369079 , 0.2275294 , -259.17004 , -66.55971 , -17.550486
1289761313358020882  , -2.0349174 , -0.0935048 , 0.22755137 , -259.17273 , -66.55864 , -17.550486
1289761313375750880  , -2.0450182 , -0.093453705 , 0.22761008 , -259.19388 , -66.55864 , -17.550486
1289761313379309862  , -2.0450068 , -0.0934971 , 0.2276609 , -259.19653 , -66.555435 , -17.550486
1289761313396821859  , -2.044983 , -0.093557894 , 0.22779226 , -259.2126 , -66.54903 , -17.550486
1289761313399266841  , -2.044978 , -0.09357636 , 0.22781457 , -259.21387 , -66.54764 , -17.550486
1289761313417008839  , -2.0448997 , -0.11344306 , 0.26556462 , -259.2427 , -66.52648 , -17.550486
1289761313419501821  , -2.0347986 , -0.093828246 , 0.22818947 , -259.24557 , -66.52648 , -17.550486
1289761313437020818  , -2.0448997 , -0.09378305 , 0.22824126 , -259.26416 , -66.52648 , -17.550486
1289761313440625801  , -2.0448997 , -0.09377749 , 0.22824764 , -259.26645 , -66.52648 , -17.550486
1289761313458087797  , -2.0448818 , -0.09382403 , 0.22834496 , -259.27798 , -66.521675 , -17.550486
1289761313460707780  , -2.0448818 , -0.093815 , 0.22835532 , -259.2817 , -66.521675 , -17.550486
1289761313478163777  , -2.044844 , -0.11355719 , 0.26590624 , -259.29196 , -66.51141 , -17.550486
1289761313480534760  , -2.044844 , -0.11355086 , 0.2659135 , -259.29456 , -66.51141 , -17.550486
1289761313498159757  , -2.044844 , -0.0939039 , 0.22857505 , -259.3106 , -66.51141 , -17.550486
1289761313501785740  , -2.0448394 , -0.09391792 , 0.22859782 , -259.31274 , -66.51017 , -17.550486
1289761313519391736  , -2.0448215 , -0.0939596 , 0.22870064 , -259.3262 , -66.50536 , -17.550486
1289761313522194719  , -2.0448136 , -0.09398389 , 0.22874019 , -259.32993 , -66.50322 , -17.550486
1289761313539524716  , -2.0448136 , -0.09394315 , 0.2287867 , -259.34662 , -66.50322 , -17.550486
1289761313541878698  , -2.0448136 , -0.0939379 , 0.22879267 , -259.34875 , -66.50322 , -17.550486
1289761313559357696  , -2.044774 , -0.11362746 , 0.26641345 , -259.3824 , -66.49264 , -17.550486
1289761313561818679  , -2.0346732 , -0.09401183 , 0.22903916 , -259.38556 , -66.49264 , -17.550486
1289761313579395676  , -2.0447338 , -0.094138265 , 0.2292356 , -259.40286 , -66.48174 , -17.550486
1289761313583038658  , -2.0447338 , -0.09412959 , 0.22924547 , -259.4064 , -66.48174 , -17.551554
1289761313600711655  , -2.0447338 , -0.09408398 , 0.22929737 , -259.425 , -66.48174 , -17.551554
1289761313603020637  , -2.044734 , -0.09408015 , 0.22930178 , -259.42657 , -66.48174 , -17.55273
1289761313620740635  , -2.0447338 , -0.113640666 , 0.26673877 , -259.44583 , -66.48174 , -17.55273
1289761313623121617  , -2.0447264 , -0.09405692 , 0.22939152 , -259.44882 , -66.47971 , -17.55273
1289761313640756615  , -2.0447264 , -0.09399551 , 0.22946128 , -259.47382 , -66.47971 , -17.55273
1289761313644308597  , -2.044722 , -0.094009265 , 0.22948234 , -259.47562 , -66.47854 , -17.55273
1289761313662013594  , -2.0345805 , -0.09413369 , 0.22968087 , -259.49356 , -66.467636 , -17.55273
1289761313663073576  , -2.0446773 , -0.09414439 , 0.22970203 , -259.4959 , -66.46657 , -17.55273
1289761313680774575  , -2.0446775 , -0.094011694 , 0.22985241 , -259.54977 , -66.46657 , -17.55273
1289761313684161557  , -2.0446775 , -0.094011694 , 0.22985241 , -259.54977 , -66.46657 , -17.55273
1289761313701992554  , -2.0446773 , -0.09398165 , 0.2298864 , -259.56195 , -66.46657 , -17.55273
1289761313704518536  , -2.0446723 , -0.09399551 , 0.22991404 , -259.56506 , -66.46518 , -17.55273
1289761313721879533  , -2.0446723 , -0.113563836 , 0.2673419 , -259.5811 , -66.46518 , -17.55273
1289761313724301516  , -2.0345712 , -0.09394926 , 0.22996634 , -259.5838 , -66.46518 , -17.55273
1289761313741845514  , -2.0446723 , -0.09388287 , 0.23004135 , -259.61072 , -66.46518 , -17.55273
1289761313745717496  , -2.044672 , -0.093875274 , 0.23004994 , -259.6138 , -66.46518 , -17.55273
1289761313763095492  , -2.0446723 , -0.093847886 , 0.23008083 , -259.62488 , -66.46518 , -17.55273
1289761313766600475  , -2.0446723 , -0.09383923 , 0.23009062 , -259.6284 , -66.46518 , -17.55273
1289761313783126471  , -2.044672 , -0.09380716 , 0.23012675 , -259.64136 , -66.46518 , -17.55273
1289761313785647455  , -2.0446723 , -0.08399466 , 0.23013647 , -259.64484 , -66.46518 , -17.55273
1289761313803267452  , -2.0446484 , -0.093856156 , 0.23027053 , -259.6615 , -66.45877 , -17.55273
1289761313806837435  , -2.0446484 , -0.09384771 , 0.23028004 , -259.66492 , -66.45877 , -17.55273
1289761313824580431  , -2.0446482 , -0.09381436 , 0.2303176 , -259.67838 , -66.45877 , -17.55273
1289761313826817413  , -2.0446482 , -0.09380676 , 0.23032616 , -259.68146 , -66.45877 , -17.55273
1289761313844351411  , -2.0446484 , -0.093754426 , 0.23038504 , -259.7026 , -66.45877 , -17.55273
1289761313846836394  , -2.0345411 , -0.09377457 , 0.23041487 , -259.705 , -66.45708 , -17.55273
1289761313864497391  , -2.044642 , -0.09373331 , 0.23046125 , -259.72165 , -66.45708 , -17.55273
1289761313868053373  , -2.0446362 , -0.09375267 , 0.23048913 , -259.7238 , -66.455475 , -17.55273
1289761313885714370  , -2.044636 , -0.093717664 , 0.23052844 , -259.73788 , -66.455475 , -17.560421
1289761313888155352  , -2.044636 , -0.09371105 , 0.23053586 , -259.74057 , -66.455475 , -17.560421
1289761313905820350  , -2.044636 , -0.11324257 , 0.2680047 , -259.77133 , -66.455475 , -17.560421
1289761313908052332  , -2.034535 , -0.09362733 , 0.2306298 , -259.77432 , -66.455475 , -17.560421
1289761313925711330  , -2.044636 , -0.09354375 , 0.23072344 , -259.80798 , -66.455475 , -17.560421
1289761313929317312  , -2.0446305 , -0.09355953 , 0.23075202 , -259.81088 , -66.45398 , -17.560421
1289761313946960309  , -2.0446305 , -0.093510196 , 0.23080726 , -259.83075 , -66.45398 , -17.566832
1289761313949474291  , -2.0446305 , -0.09350379 , 0.2308144 , -259.8333 , -66.45398 , -17.566832
1289761313967051288  , -2.0446305 , -0.113071814 , 0.2682421 , -259.84933 , -66.45398 , -17.566832
1289761313969416271  , -2.0446305 , -0.09345916 , 0.23086429 , -259.85126 , -66.45398 , -17.566832
1289761313986891268  , -2.0446305 , -0.0934273 , 0.2308999 , -259.86407 , -66.45398 , -17.566832
1289761313990613251  , -2.0446305 , -0.09342083 , 0.23090711 , -259.86667 , -66.45398 , -17.566832
1289761314008212247  , -2.0344987 , -0.09351057 , 0.23105967 , -259.8811 , -66.4458 , -17.566832
1289761314009385230  , -2.0445952 , -0.0935228 , 0.23108429 , -259.88382 , -66.44456 , -17.566832
1289761314026887229  , -2.0445952 , -0.09341259 , 0.23120719 , -259.92804 , -66.44456 , -17.566832
1289761314030612211  , -2.0445952 , -0.09340517 , 0.23121545 , -259.93103 , -66.44456 , -17.566832
1289761314048141207  , -2.0445955 , -0.09336795 , 0.23125692 , -259.94595 , -66.44456 , -17.566832
1289761314050713190  , -2.0445952 , -0.09336147 , 0.23126411 , -259.94855 , -66.44456 , -17.566832
1289761314068287187  , -2.0445952 , -0.11292775 , 0.26869354 , -259.9652 , -66.44456 , -17.566832
1289761314070542170  , -2.0445902 , -0.09333454 , 0.23133603 , -259.96768 , -66.4432 , -17.566832
1289761314088070167  , -2.0445902 , -0.09327847 , 0.23139834 , -259.99014 , -66.4432 , -17.573883
1289761314091822150  , -2.044582 , -0.09330544 , 0.23143795 , -259.9932 , -66.44094 , -17.573883
1289761314109389146  , -2.044582 , -0.09326579 , 0.231482 , -260.00906 , -66.44094 , -17.573883
1289761314111794129  , -2.0445764 , -0.0932799 , 0.23151171 , -260.01245 , -66.43947 , -17.573883
1289761314129582126  , -2.0445764 , -0.11285728 , 0.2689287 , -260.02463 , -66.43947 , -17.573883
1289761314131853108  , -2.0445712 , -0.09326297 , 0.23157318 , -260.0277 , -66.43808 , -17.573883
1289761314149351106  , -2.0445316 , -0.09334764 , 0.23180458 , -260.0585 , -66.427505 , -17.573883
1289761314153009089  , -2.0445318 , -0.093339175 , 0.23181398 , -260.0619 , -66.427505 , -17.573883
1289761314170825085  , -2.0445316 , -0.09330785 , 0.23184863 , -260.07437 , -66.427505 , -17.568596
1289761314173279067  , -2.0445316 , -0.0933014 , 0.23185576 , -260.07693 , -66.427505 , -17.568596
1289761314190730065  , -2.0444775 , -0.09346175 , 0.23212194 , -260.10098 , -66.41308 , -17.568596
1289761314193099047  , -2.0444775 , -0.09345229 , 0.23213239 , -260.10474 , -66.41308 , -17.568596
1289761314210612045  , -2.0444775 , -0.11297798 , 0.26960635 , -260.13742 , -66.41308 , -17.568596
1289761314213072027  , -2.0343766 , -0.093364 , 0.23222995 , -260.13986 , -66.41308 , -17.568596
1289761314230687025  , -2.0444775 , -0.093293816 , 0.2323074 , -260.16776 , -66.41308 , -17.568596
1289761314234465007  , -2.0444777 , -0.09328543 , 0.23231664 , -260.17108 , -66.41308 , -17.568596
1289761314251924003  , -2.0444596 , -0.09331523 , 0.23243117 , -260.1884 , -66.40827 , -17.568596
1289761314254398986  , -2.0444553 , -0.09332618 , 0.23245361 , -260.19086 , -66.40714 , -17.568596
1289761314271937983  , -2.0444553 , -0.09326632 , 0.23251954 , -260.2146 , -66.40714 , -17.568596
1289761314274203966  , -2.0444553 , -0.09325947 , 0.23252708 , -260.21732 , -66.40714 , -17.568596
1289761314291899964  , -2.0444553 , -0.09318438 , 0.23260969 , -260.2471 , -66.40714 , -17.568596
1289761314295646946  , -2.0444553 , -0.09317924 , 0.23261532 , -260.24915 , -66.40714 , -17.568596
1289761314313213942  , -2.0343273 , -0.09325646 , 0.23275137 , -260.26212 , -66.399925 , -17.568596
1289761314315678925  , -2.0444283 , -0.09325297 , 0.23275518 , -260.2635 , -66.399925 , -17.568596
1289761314333192922  , -2.0443707 , -0.09345336 , 0.23300602 , -260.27695 , -66.384544 , -17.575005
1289761314335717905  , -2.0443707 , -0.09344421 , 0.23301604 , -260.28055 , -66.384544 , -17.575005
1289761314353283902  , -2.0443704 , -0.11300492 , 0.27045092 , -260.29916 , -66.384544 , -17.575005
1289761314355752885  , -2.0443628 , -0.09342213 , 0.2331025 , -260.3015 , -66.38251 , -17.575005
1289761314373188882  , -2.044363 , -0.093381405 , 0.23314714 , -260.31757 , -66.38251 , -17.575005
1289761314376781865  , -2.0443628 , -0.093373984 , 0.23315527 , -260.3205 , -66.38251 , -17.575005
1289761314394473861  , -2.044363 , -0.09333868 , 0.23319396 , -260.33444 , -66.38251 , -17.575005
1289761314396660843  , -2.044363 , -0.09332977 , 0.23320371 , -260.33795 , -66.38251 , -17.575005
1289761314414427841  , -2.0443628 , -0.11288886 , 0.27064025 , -260.35718 , -66.38251 , -17.575005
1289761314416897823  , -2.0443585 , -0.083484665 , 0.23328471 , -260.36124 , -66.38133 , -17.575005
1289761314434416821  , -2.0443585 , -0.09321295 , 0.23336741 , -260.39105 , -66.38133 , -17.56539
1289761314438093803  , -2.044354 , -0.09322591 , 0.23338914 , -260.39297 , -66.38016 , -17.56539
1289761314455746800  , -2.0342531 , -0.01474572 , 0.23344246 , -260.4122 , -66.38016 , -17.56539
1289761314456946782  , -2.044354 , -0.09316951 , 0.23345071 , -260.4152 , -66.38016 , -17.56539
1289761314474426781  , -2.0442815 , -0.093290076 , 0.23390539 , -260.4825 , -66.36092 , -17.56539
1289761314477961763  , -2.0442753 , -0.09330878 , 0.23393714 , -260.48538 , -66.359215 , -17.56539
1289761314495819760  , -2.0442462 , -0.0933958 , 0.23407644 , -260.49695 , -66.351524 , -17.56539
1289761314498240742  , -2.0442462 , -0.09338926 , 0.23408356 , -260.4995 , -66.351524 , -17.566565
1289761314515669740  , -2.0441952 , -0.09352939 , 0.23434076 , -260.5245 , -66.338066 , -17.566565
1289761314518068722  , -2.0340877 , -0.093549594 , 0.23437414 , -260.52737 , -66.33625 , -17.566565
1289761314535715720  , -2.0441122 , -0.093784094 , 0.23473352 , -260.55527 , -66.316055 , -17.566565
1289761314539648702  , -2.0441122 , -0.093776375 , 0.23474187 , -260.55826 , -66.316055 , -17.566565
1289761314556944698  , -2.0440903 , -0.09383534 , 0.23485312 , -260.5693 , -66.31029 , -17.566565
1289761314559478681  , -2.0440817 , -0.093863234 , 0.23489186 , -260.5718 , -66.30802 , -17.566565
1289761314576862678  , -2.0440817 , -0.11341503 , 0.27233577 , -260.5936 , -66.30802 , -17.566565
1289761314579340661  , -2.0440817 , -0.09380165 , 0.23495862 , -260.59576 , -66.30802 , -17.566565
1289761314597021659  , -2.0440817 , -0.09375717 , 0.23500678 , -260.61307 , -66.30802 , -17.566565
1289761314599350641  , -2.0440817 , -0.083943605 , 0.23501718 , -260.6168 , -66.30802 , -17.566565
1289761314616954639  , -2.0440269 , -0.09396565 , 0.23521876 , -260.6168 , -66.2936 , -17.566565
1289761314620580621  , -2.0440269 , -0.093958184 , 0.23522684 , -260.6197 , -66.2936 , -17.566565
1289761314638148617  , -2.033926 , -0.09391485 , 0.23527372 , -260.6365 , -66.2936 , -17.566565
1289761314639217600  , -2.0440202 , -0.09393309 , 0.23530874 , -260.64 , -66.291794 , -17.566565
1289761314656975599  , -2.0440202 , -0.09379414 , 0.23545882 , -260.69385 , -66.291794 , -17.566565
1289761314660748581  , -2.04402 , -0.09378448 , 0.23546922 , -260.6976 , -66.291794 , -17.566565
1289761314678041577  , -2.0440202 , -0.093748406 , 0.23550808 , -260.71155 , -66.291794 , -17.566565
1289761314680728560  , -2.04402 , -0.09373848 , 0.23551878 , -260.7154 , -66.291794 , -17.566565
1289761314698211557  , -2.0440202 , -0.11329001 , 0.27296266 , -260.73718 , -66.291794 , -17.566565
1289761314700656540  , -2.033919 , -0.09367257 , 0.23558982 , -260.7409 , -66.291794 , -17.566565
1289761314718106537  , -2.043981 , -0.093782544 , 0.23578197 , -260.75824 , -66.28153 , -17.566565
1289761314721795520  , -2.043981 , -0.09377375 , 0.2357914 , -260.76163 , -66.28153 , -17.566565
1289761314739436516  , -2.043981 , -0.09373525 , 0.23583284 , -260.77652 , -66.28153 , -17.571854
1289761314741845498  , -2.0439763 , -0.093746305 , 0.23585978 , -260.77972 , -66.28025 , -17.571854
1289761314759365496  , -2.0439763 , -0.11327189 , 0.2733313 , -260.81146 , -66.28025 , -17.571854
1289761314761984479  , -2.0439763 , -0.09365404 , 0.23595889 , -260.8153 , -66.28025 , -17.571854
1289761314779272476  , -2.0439763 , -0.09361082 , 0.23600525 , -260.83197 , -66.28025 , -17.571854
1289761314782996459  , -2.0439763 , -0.093606114 , 0.23601025 , -260.83377 , -66.28025 , -17.571854
1289761314800658455  , -2.0338752 , -0.09357624 , 0.23604232 , -260.8453 , -66.28025 , -17.571854
1289761314801836437  , -2.0439763 , -0.093569055 , 0.23605002 , -260.84808 , -66.28025 , -17.571854
1289761314819521436  , -2.0438883 , -0.09381138 , 0.23648691 , -260.8885 , -66.25717 , -17.571854
1289761314822969418  , -2.0438843 , -0.09382409 , 0.23650554 , -260.88977 , -66.2561 , -17.571854
1289761314840753415  , -2.0438843 , -0.09379241 , 0.23653942 , -260.90195 , -66.2561 , -17.571854
1289761314843012397  , -2.0438843 , -0.09378408 , 0.23654833 , -260.90515 , -66.2561 , -17.571854
1289761314860728395  , -2.043844 , -0.11345801 , 0.27417952 , -260.94073 , -66.24553 , -17.571854
1289761314863164377  , -2.0438437 , -0.08404264 , 0.23680016 , -260.9421 , -66.24553 , -17.571854
1289761314880716375  , -2.0438437 , -0.093761235 , 0.23689121 , -260.9748 , -66.24553 , -17.571854
1289761314884320357  , -2.0438437 , -0.09375478 , 0.23689806 , -260.97726 , -66.24553 , -17.571854
1289761314901907354  , -2.0337136 , -0.09382667 , 0.23705278 , -260.99393 , -66.23784 , -17.571854
1289761314902969336  , -2.0438144 , -0.09381908 , 0.23706086 , -260.99683 , -66.23784 , -17.571854
1289761314920770335  , -2.0438144 , -0.09367813 , 0.23721078 , -261.05066 , -66.23784 , -17.571854
1289761314924340317  , -2.04381 , -0.09368871 , 0.23723492 , -261.05334 , -66.236664 , -17.571854
1289761314941927314  , -2.0438101 , -0.09363502 , 0.23729196 , -261.07385 , -66.236664 , -17.571854
1289761314944386296  , -2.0438032 , -0.09365474 , 0.23732564 , -261.07672 , -66.23485 , -17.571854
1289761314961933294  , -2.043803 , -0.11319201 , 0.27478364 , -261.10364 , -66.23485 , -17.571854
1289761314964337276  , -2.0336976 , -0.09359752 , 0.2374216 , -261.10526 , -66.23367 , -17.571854
1289761314981902274  , -2.0437508 , -0.093726605 , 0.23765984 , -261.12738 , -66.22117 , -17.571854
1289761314985549256  , -2.0437467 , -0.093737334 , 0.23768052 , -261.1294 , -66.2201 , -17.571854
1289761315003328252  , -2.0437264 , -0.093786135 , 0.23778746 , -261.14093 , -66.21481 , -17.571854
1289761315005738235  , -2.0437217 , -0.09379615 , 0.23781422 , -261.14423 , -66.21357 , -17.571854
1289761315023143232  , -2.0436847 , -0.093896136 , 0.23799661 , -261.1609 , -66.20396 , -17.571854
1289761315025645215  , -2.043676 , -0.09392041 , 0.23803878 , -261.16452 , -66.20169 , -17.571854
1289761315043189212  , -2.043676 , -0.093884915 , 0.23807627 , -261.17798 , -66.20169 , -17.571854
1289761315046769195  , -2.043676 , -0.09387809 , 0.23808351 , -261.18057 , -66.20169 , -17.571854
1289761315064334191  , -2.0436559 , -0.09392035 , 0.2381973 , -261.19452 , -66.1964 , -17.571854
1289761315066854174  , -2.0436487 , -0.09393895 , 0.23823172 , -261.1977 , -66.194595 , -17.571854
1289761315084321171  , -2.043649 , -0.09392202 , 0.2382496 , -261.2041 , -66.194595 , -17.571854
1289761315086892154  , -2.0436432 , -0.093939036 , 0.2382758 , -261.20602 , -66.19312 , -17.571854
1289761315104433151  , -2.043604 , -0.09406169 , 0.23845312 , -261.21756 , -66.18287 , -17.571854
1289761315106854133  , -2.043598 , -0.0940841 , 0.23847437 , -261.21756 , -66.18137 , -17.571854
1289761315124409131  , -2.0435054 , -0.09437959 , 0.23888198 , -261.24158 , -66.15733 , -17.571854
1289761315127964113  , -2.0435054 , -0.0943688 , 0.23889336 , -261.24564 , -66.15733 , -17.571854
1289761315145695110  , -2.0435054 , -0.0943279 , 0.23893648 , -261.26105 , -66.15733 , -17.571854
1289761315148300092  , -2.0434966 , -0.09435406 , 0.23897603 , -261.26382 , -66.15509 , -17.571854
1289761315165783090  , -2.0434484 , -0.09447925 , 0.23921782 , -261.2869 , -66.142586 , -17.571854
1289761315167920072  , -2.0434418 , -0.084692046 , 0.23925132 , -261.2902 , -66.14088 , -17.571854
1289761315185616070  , -2.0433564 , -0.094774544 , 0.23961887 , -261.30942 , -66.11877 , -17.571854
1289761315189188052  , -2.0433564 , -0.09476484 , 0.23962909 , -261.31305 , -66.11877 , -17.571854
1289761315206926049  , -2.0332232 , -0.09485997 , 0.23977798 , -261.32397 , -66.11043 , -17.571854
1289761315208062031  , -2.043324 , -0.09485142 , 0.23978698 , -261.32718 , -66.11043 , -17.571854
1289761315225771030  , -2.043242 , -0.09500176 , 0.24026018 , -261.3887 , -66.08928 , -17.552622
1289761315229167012  , -2.0432372 , -0.09501149 , 0.24028504 , -261.3916 , -66.088104 , -17.552622
1289761315246948009  , -2.0432 , -0.09510814 , 0.24047047 , -261.4089 , -66.07848 , -17.552622
1289761315249528991  , -2.0431955 , -0.09511794 , 0.2404953 , -261.41177 , -66.07731 , -17.552622
1289761315267088988  , -2.0431705 , -0.114821136 , 0.27796957 , -261.41177 , -66.0709 , -17.552622
1289761315269280971  , -2.0431647 , -0.095225066 , 0.24061781 , -261.41553 , -66.06943 , -17.552622
1289761315286939969  , -2.04312 , -0.09530608 , 0.24087667 , -261.44916 , -66.05789 , -17.552622
1289761315290611951  , -2.0431197 , -0.09529717 , 0.240886 , -261.45248 , -66.05789 , -17.552622
1289761315308226947  , -2.0430975 , -0.095342666 , 0.24101004 , -261.46738 , -66.052124 , -17.552622
1289761315310577930  , -2.0430973 , -0.09533471 , 0.24101835 , -261.47034 , -66.052124 , -17.552622
1289761315328194927  , -2.0430975 , -0.09530184 , 0.24105269 , -261.4825 , -66.052124 , -17.552622
1289761315330597910  , -2.0430894 , -0.09532751 , 0.3158527 , -261.4842 , -66.05009 , -17.552622
1289761315348248907  , -2.0430894 , -0.09527388 , 0.24114233 , -261.50406 , -66.05009 , -17.552622
1289761315351747890  , -2.0430799 , -0.095303655 , 0.24118519 , -261.50668 , -66.0476 , -17.552622
1289761315369409886  , -2.0430799 , -0.095303655 , 0.24118519 , -261.50668 , -66.0476 , -17.552622
1289761315372128868  , -2.0430796 , -0.09529388 , 0.24119535 , -261.5103 , -66.0476 , -17.551554
1289761315389438866  , -2.0430043 , -0.09553006 , 0.24152094 , -261.52856 , -66.028366 , -17.551554
1289761315391669848  , -2.0430045 , -0.095525995 , 0.2415252 , -261.53006 , -66.028366 , -17.551554
1289761315409552846  , -2.042963 , -0.09559417 , 0.24176821 , -261.56277 , -66.01779 , -17.551554
1289761315411908828  , -2.0429587 , -0.085799664 , 0.24179012 , -261.56512 , -66.01672 , -17.551554
1289761315429384826  , -2.0429099 , -0.09572631 , 0.24203366 , -261.5882 , -66.00422 , -17.551554
1289761315432970809  , -2.0429096 , -0.09571801 , 0.2420423 , -261.59125 , -66.00422 , -17.551554
1289761315450793805  , -2.0328088 , -0.0956853 , 0.24207628 , -261.60327 , -66.00422 , -17.551554
1289761315451819787  , -2.0429056 , -0.095692396 , 0.2421006 , -261.60648 , -66.00315 , -17.551554
1289761315469551786  , -2.0429056 , -0.09554058 , 0.24225801 , -261.66223 , -66.00315 , -17.551554
1289761315473099768  , -2.0429006 , -0.095549226 , 0.24228689 , -261.666 , -66.00187 , -17.551554
1289761315490787765  , -2.0428529 , -0.095680475 , 0.24251154 , -261.68393 , -65.98969 , -17.551554
1289761315493191747  , -2.0428529 , -0.09567143 , 0.2425209 , -261.68723 , -65.98969 , -17.551554
1289761315510634745  , -2.0427656 , -0.11555906 , 0.28026932 , -261.70456 , -65.967575 , -17.551554
1289761315513064727  , -2.04276 , -0.09596388 , 0.24291721 , -261.70798 , -65.96608 , -17.551554
1289761315530677725  , -2.032659 , -0.0958876 , 0.24299604 , -261.73584 , -65.96608 , -17.551554
1289761315534287707  , -2.04276 , -0.095879644 , 0.24300423 , -261.73874 , -65.96608 , -17.551554
1289761315551918704  , -2.0326312 , -0.09593108 , 0.24315959 , -261.75797 , -65.95903 , -17.551554
1289761315553096686  , -2.0427322 , -0.095924586 , 0.2431663 , -261.7603 , -65.95903 , -17.551554
1289761315570671685  , -2.0425496 , -0.096462995 , 0.24397469 , -261.81223 , -65.91287 , -17.551554
1289761315574339667  , -2.0425406 , -0.09648864 , 0.2440145 , -261.8149 , -65.91063 , -17.551554
1289761315592085664  , -2.042513 , -0.0965395 , 0.24417022 , -261.83414 , -65.90358 , -17.551554
1289761315594367646  , -2.0425086 , -0.09654637 , 0.24419466 , -261.83734 , -65.90251 , -17.551554
1289761315612091644  , -2.0424552 , -0.09666489 , 0.24446973 , -261.86618 , -65.88905 , -17.551554
1289761315614370626  , -2.0323544 , -0.096656874 , 0.24447799 , -261.86908 , -65.88905 , -17.55273
1289761315631964624  , -2.0424094 , -0.096762836 , 0.24470925 , -261.89215 , -65.87751 , -17.55273
1289761315635575606  , -2.0424094 , -0.09675598 , 0.24471629 , -261.89462 , -65.87751 , -17.55273
1289761315653162602  , -2.0424094 , -0.096713245 , 0.2447601 , -261.91 , -65.87751 , -17.55273
1289761315655571585  , -2.042405 , -0.096720874 , 0.2447856 , -261.91327 , -65.87638 , -17.55273
1289761315673178582  , -2.0423717 , -0.09678285 , 0.24496731 , -261.93506 , -65.86805 , -17.55273
1289761315675564565  , -2.0423717 , -0.09678285 , 0.24496731 , -261.93506 , -65.86805 , -17.55273
1289761315693166562  , -2.0423462 , -0.09683958 , 0.24509779 , -261.94855 , -65.86164 , -17.55273
1289761315696771545  , -2.042338 , -0.096862376 , 0.2451345 , -261.95114 , -65.859604 , -17.55273
1289761315714445541  , -2.032237 , -0.09682888 , 0.24516878 , -261.96317 , -65.859604 , -17.55273
1289761315715621523  , -2.0423303 , -0.0968515 , 0.24520212 , -261.96518 , -65.85768 , -17.55273
1289761315733218522  , -2.0423303 , -0.09672274 , 0.24533364 , -262.01135 , -65.85768 , -17.55273
1289761315736879505  , -2.0423305 , -0.096713305 , 0.2453433 , -262.01474 , -65.85768 , -17.55273
1289761315754264501  , -2.0422997 , -0.0967955 , 0.2454856 , -262.0258 , -65.84998 , -17.55273
1289761315756692484  , -2.0422952 , -0.09680349 , 0.24551049 , -262.02884 , -65.848854 , -17.55273
1289761315774468481  , -2.042267 , -0.09688197 , 0.2456375 , -262.0378 , -65.841805 , -17.55273
1289761315776836463  , -2.0422623 , -0.09689349 , 0.2456603 , -262.03986 , -65.84063 , -17.55273
1289761315794464461  , -2.0422623 , -0.09681019 , 0.24574518 , -262.06964 , -65.84063 , -17.55273
1289761315798123443  , -2.0422573 , -0.09682056 , 0.2457723 , -262.07266 , -65.83935 , -17.55273
1289761315815665440  , -2.0422573 , -0.09677935 , 0.24581423 , -262.0874 , -65.83935 , -17.55273
1289761315818132422  , -2.0422573 , -0.096768856 , 0.2458249 , -262.09113 , -65.83935 , -17.55273
1289761315835820420  , -2.0422573 , -0.11631212 , 0.28327373 , -262.1142 , -65.83935 , -17.55273
1289761315838133402  , -2.0422573 , -0.08689402 , 0.24589702 , -262.11646 , -65.83935 , -17.55273
1289761315855695400  , -2.0422573 , -0.09662789 , 0.24596816 , -262.14145 , -65.83935 , -17.55273
1289761315859182382  , -2.0422573 , -0.096620396 , 0.24597576 , -262.14413 , -65.83935 , -17.55273
1289761315876889379  , -2.042211 , -0.096739024 , 0.24619338 , -262.16208 , -65.827805 , -17.55273
1289761315879227361  , -2.0422053 , -0.09675132 , 0.24622166 , -262.16495 , -65.826416 , -17.55273
1289761315896957359  , -2.0422056 , -0.09666762 , 0.24630651 , -262.19476 , -65.826416 , -17.55273
1289761315899389341  , -2.0320992 , -0.096682176 , 0.24633232 , -262.1968 , -65.82503 , -17.55273
1289761315916789339  , -2.0422 , -0.09659022 , 0.24642539 , -262.2295 , -65.82503 , -17.55273
1289761315920558321  , -2.042192 , -0.09661123 , 0.24646348 , -262.23257 , -65.823 , -17.55273
1289761315938157317  , -2.042192 , -0.09656522 , 0.24650997 , -262.24893 , -65.823 , -17.55273
1289761315940694300  , -2.0421917 , -0.096554056 , 0.24652126 , -262.2529 , -65.823 , -17.55273
1289761315958143297  , -2.0421536 , -0.09663674 , 0.24671862 , -262.2734 , -65.813385 , -17.55273
1289761315960622280  , -2.0421534 , -0.09662843 , 0.24672699 , -262.27634 , -65.813385 , -17.55273
1289761315978202277  , -2.0320525 , -0.09658691 , 0.24676886 , -262.29108 , -65.813385 , -17.55273
1289761315981745260  , -2.0421443 , -0.09661266 , 0.24680918 , -262.2937 , -65.81112 , -17.55273
1289761315999417256  , -2.0320435 , -0.09658146 , 0.24684066 , -262.30475 , -65.81112 , -17.55273
1289761316000713238  , -2.0421329 , -0.096615404 , 0.24689052 , -262.30762 , -65.808235 , -17.55273
1289761316018197237  , -2.0421329 , -0.09638727 , 0.24712011 , -262.3884 , -65.808235 , -17.55273
1289761316021869220  , -2.0421329 , -0.09638181 , 0.2471256 , -262.39032 , -65.808235 , -17.55273
1289761316039460216  , -2.0421329 , -0.09636147 , 0.24714604 , -262.39752 , -65.808235 , -17.55273
1289761316041884198  , -2.0421329 , -0.09635508 , 0.24715245 , -262.39978 , -65.808235 , -17.55273
1289761316059537196  , -2.0420828 , -0.11607143 , 0.28479075 , -262.42575 , -65.79574 , -17.55273
1289761316061882178  , -2.0420828 , -0.09645365 , 0.24741754 , -262.42926 , -65.79574 , -17.55273
1289761316079429176  , -2.0420828 , -0.09636919 , 0.24750221 , -262.45908 , -65.79574 , -17.55273
1289761316083030158  , -2.0420763 , -0.096387655 , 0.24753031 , -262.4608 , -65.794136 , -17.55273
1289761316100550155  , -2.0319753 , -0.09632765 , 0.2475904 , -262.48193 , -65.794136 , -17.55273
1289761316102050137  , -2.042076 , -0.09632282 , 0.24759522 , -262.48364 , -65.794136 , -17.55273
1289761316119330136  , -2.042076 , -0.09613712 , 0.24778077 , -262.54904 , -65.794136 , -17.55273
1289761316123047119  , -2.042076 , -0.096126586 , 0.24779129 , -262.55276 , -65.794136 , -17.55273
1289761316140685115  , -2.0420763 , -0.096086934 , 0.24783087 , -262.5667 , -65.794136 , -17.55273
1289761316142979097  , -2.0420673 , -0.096113205 , 0.24786982 , -262.56894 , -65.79189 , -17.55273
1289761316160828095  , -2.0420208 , -0.11581726 , 0.28549194 , -262.59396 , -65.78035 , -17.55273
1289761316163241077  , -2.0420208 , -0.09620002 , 0.24811816 , -262.59726 , -65.78035 , -17.55273
1289761316180642075  , -2.0419822 , -0.09626274 , 0.24833453 , -262.62418 , -65.77074 , -17.55273
1289761316184300057  , -2.0419822 , -0.096255034 , 0.24834216 , -262.62686 , -65.77074 , -17.55273
1289761316201924054  , -2.0318813 , -0.09622398 , 0.24837303 , -262.63776 , -65.77074 , -17.55273
1289761316202991036  , -2.0419822 , -0.09621726 , 0.24837974 , -262.6401 , -65.77074 , -17.55273
1289761316220689035  , -2.0419822 , -0.0960581 , 0.24853778 , -262.69586 , -65.77074 , -17.573883
1289761316224300017  , -2.0419822 , -0.096049815 , 0.248546 , -262.69876 , -65.77074 , -17.573883
1289761316241734014  , -2.0419822 , -0.09600043 , 0.24859497 , -262.71606 , -65.77074 , -17.573883
1289761316244408996  , -2.0419757 , -0.09601933 , 0.24862263 , -262.71756 , -65.769135 , -17.573883
1289761316261842993  , -2.0419369 , -0.115725845 , 0.28618616 , -262.73166 , -65.75952 , -17.580294
1289761316264377976  , -2.031836 , -0.09611219 , 0.24880874 , -262.7337 , -65.75952 , -17.580294
1289761316281899974  , -2.041937 , -0.0960516 , 0.2488687 , -262.75485 , -65.75952 , -17.580294
1289761316285614956  , -2.0419369 , -0.09604271 , 0.2488775 , -262.75797 , -65.75952 , -17.580294
1289761316303273952  , -2.041937 , -0.09599595 , 0.24892375 , -262.7743 , -65.75952 , -17.580294
1289761316305653935  , -2.041937 , -0.09598422 , 0.24893534 , -262.77838 , -65.75952 , -17.580294
1289761316323018932  , -2.041937 , -0.09594014 , 0.24897888 , -262.79376 , -65.75952 , -17.580294
1289761316326700915  , -2.0419302 , -0.09595701 , 0.24901143 , -262.79648 , -65.75782 , -17.580294
1289761316344326911  , -2.0419302 , -0.09591982 , 0.24904814 , -262.80945 , -65.75782 , -17.580294
1289761316346881894  , -2.0419302 , -0.095910355 , 0.2490575 , -262.81274 , -65.75782 , -17.580294
1289761316364391891  , -2.0419302 , -0.095857024 , 0.2491101 , -262.83133 , -65.75782 , -17.580294
1289761316366847874  , -2.0419245 , -0.09587136 , 0.2491382 , -262.8337 , -65.756355 , -17.581652
1289761316384277871  , -2.0419245 , -0.09583269 , 0.24917632 , -262.84717 , -65.756355 , -17.581652
1289761316386866854  , -2.0419242 , -0.09582721 , 0.24918172 , -262.8491 , -65.756355 , -17.581652
1289761316405756851  , -2.0418985 , -0.09586081 , 0.24933371 , -262.8696 , -65.74994 , -17.581652
1289761316406936832  , -2.0418985 , -0.086051986 , 0.24933851 , -262.8713 , -65.74994 , -17.581652
1289761316424612831  , -2.0316968 , -0.09607774 , 0.24984095 , -262.9194 , -65.724945 , -17.581652
1289761316427943813  , -2.0417974 , -0.09606908 , 0.24984944 , -262.9224 , -65.724945 , -17.581652
1289761316445833810  , -2.0316966 , -0.09601177 , 0.2499057 , -262.94226 , -65.724945 , -17.581652
1289761316446862792  , -2.0417976 , -0.09600291 , 0.24991444 , -262.94534 , -65.724945 , -17.581652
1289761316464376791  , -2.041673 , -0.096289724 , 0.25051856 , -262.9992 , -65.694176 , -17.581652
1289761316468147774  , -2.041673 , -0.09628053 , 0.2505276 , -263.00238 , -65.694176 , -17.581652
1289761316485667770  , -2.0416732 , -0.09624022 , 0.25056708 , -263.0163 , -65.694176 , -17.581652
1289761316488121752  , -2.041673 , -0.09623341 , 0.2505737 , -263.01865 , -65.694176 , -17.581652
1289761316505687750  , -2.041673 , -0.11575195 , 0.2880442 , -263.04944 , -65.694176 , -17.581652
1289761316507954732  , -2.0315719 , -0.0961348 , 0.25067014 , -263.05264 , -65.694176 , -17.581652
1289761316525775730  , -2.041673 , -0.096084565 , 0.25071922 , -263.06995 , -65.694176 , -17.581652
1289761316529229712  , -2.041663 , -0.09611133 , 0.2507639 , -263.07294 , -65.69171 , -17.581652
1289761316546974709  , -2.041611 , -0.09625618 , 0.2509905 , -263.0864 , -65.678894 , -17.581652
1289761316549303691  , -2.0416064 , -0.09626502 , 0.2510126 , -263.08862 , -65.677826 , -17.581652
1289761316566966689  , -2.0416067 , -0.09617829 , 0.25109714 , -263.11844 , -65.677826 , -17.581652
1289761316569396671  , -2.0416064 , -0.096165866 , 0.25110924 , -263.1227 , -65.677826 , -17.581652
1289761316586916668  , -2.0315056 , -0.09612292 , 0.25115106 , -263.13745 , -65.677826 , -17.581652
1289761316590655651  , -2.0416064 , -0.09611404 , 0.2511597 , -263.1405 , -65.677826 , -17.581652
1289761316608295647  , -2.0315056 , -0.09607057 , 0.25120202 , -263.15543 , -65.677826 , -17.581652
1289761316609328630  , -2.0416064 , -0.09606166 , 0.25121066 , -263.15848 , -65.677826 , -17.583008
1289761316626818629  , -2.0416064 , -0.09587675 , 0.2513903 , -263.22192 , -65.677826 , -17.583008
1289761316630459611  , -2.0416064 , -0.09586741 , 0.25139937 , -263.22513 , -65.677826 , -17.583008
1289761316648057607  , -2.0415869 , -0.09588988 , 0.25151518 , -263.241 , -65.67302 , -17.587816
1289761316650636590  , -2.031486 , -0.095878005 , 0.25152668 , -263.2451 , -65.67302 , -17.587816
1289761316668172587  , -2.0415869 , -0.09580499 , 0.2515974 , -263.27008 , -65.67302 , -17.580124
1289761316670647570  , -2.031481 , -0.017381094 , 0.2516256 , -263.2736 , -65.671776 , -17.580124
1289761316688050567  , -2.041582 , -0.095769376 , 0.25166732 , -263.28833 , -65.671776 , -17.580124
1289761316691887550  , -2.041582 , -0.09575814 , 0.2516782 , -263.29218 , -65.671776 , -17.580124
1289761316709399546  , -2.041582 , -0.095724404 , 0.2517108 , -263.3037 , -65.671776 , -17.580124
1289761316711903528  , -2.0415773 , -0.09573087 , 0.2517382 , -263.30725 , -65.6706 , -17.580124
1289761316729440526  , -2.0415342 , -0.09584546 , 0.25192988 , -263.31973 , -65.66002 , -17.580124
1289761316732593508  , -2.0415287 , -0.09585649 , 0.25195572 , -263.3222 , -65.65874 , -17.580124
1289761316749292505  , -2.0314279 , -0.09581523 , 0.2519956 , -263.3363 , -65.65874 , -17.580124
1289761316753064489  , -2.041523 , -0.09582487 , 0.25202748 , -263.34003 , -65.657295 , -17.580124
1289761316770720485  , -2.0314221 , -0.09578687 , 0.25206417 , -263.353 , -65.657295 , -17.580124
1289761316771785467  , -2.0415182 , -0.09579554 , 0.25208938 , -263.35577 , -65.65612 , -17.580124
1289761316790722466  , -2.0415182 , -0.09560937 , 0.25226876 , -263.41925 , -65.65612 , -17.580124
1289761316793057447  , -2.0415182 , -0.095599875 , 0.25227788 , -263.4225 , -65.65612 , -17.580124
1289761316810709445  , -2.0415182 , -0.09551522 , 0.25235927 , -263.45132 , -65.65612 , -17.580124
1289761316812975427  , -2.0415125 , -0.09552553 , 0.25238883 , -263.45453 , -65.65473 , -17.581299
1289761316830685425  , -2.0415125 , -0.09545486 , 0.25245672 , -263.47858 , -65.65473 , -17.571684
1289761316833814407  , -2.0314116 , -0.017016016 , 0.2524639 , -263.48114 , -65.65473 , -17.571684
1289761316850739404  , -2.0414708 , -0.09555361 , 0.25265396 , -263.4946 , -65.64448 , -17.571684
1289761316854368387  , -2.0414643 , -0.09556723 , 0.25268614 , -263.49765 , -65.64289 , -17.571684
1289761316871803384  , -2.0414069 , -0.09571479 , 0.2529458 , -263.5156 , -65.62879 , -17.571684
1289761316874385366  , -2.0413964 , -0.09574425 , 0.25299048 , -263.51794 , -65.62623 , -17.571684
1289761316891774364  , -2.0413961 , -0.09568468 , 0.25304753 , -263.53815 , -65.62623 , -17.571684
1289761316894394346  , -2.0413907 , -0.11530322 , 0.29046005 , -263.54123 , -65.62484 , -17.571684
1289761316911795343  , -2.0413907 , -0.0956555 , 0.25311503 , -263.55472 , -65.62484 , -17.571684
1289761316915478326  , -2.0413907 , -0.09564552 , 0.2531246 , -263.5581 , -65.62484 , -17.571684
1289761316933089322  , -2.0413709 , -0.09567821 , 0.25322995 , -263.57013 , -65.62003 , -17.571684
1289761316934201305  , -2.0413709 , -0.095669195 , 0.25323856 , -263.57318 , -65.62003 , -17.571684
1289761316951937304  , -2.0412529 , -0.09597033 , 0.25377023 , -263.6097 , -65.59119 , -17.571684
1289761316955573286  , -2.041248 , -0.095979705 , 0.25379473 , -263.61218 , -65.59001 , -17.571684
1289761316973059282  , -2.0412204 , -0.09605093 , 0.25391787 , -263.62033 , -65.583275 , -17.571684
1289761316975637265  , -2.0412154 , -0.09606424 , 0.25394055 , -263.62183 , -65.58203 , -17.571684
1289761316993092262  , -2.0412154 , -0.11562827 , 0.2913655 , -263.63657 , -65.58203 , -17.571684
1289761316995786245  , -2.0311143 , -0.09600939 , 0.25399286 , -263.6403 , -65.58203 , -17.571684
1289761317012972242  , -2.0411837 , -0.09608787 , 0.25413632 , -263.65054 , -65.57434 , -17.571684
1289761317016785225  , -2.0411777 , -0.09610231 , 0.25416422 , -263.65268 , -65.57287 , -17.571684
1289761317034283221  , -2.0411463 , -0.096182615 , 0.25430596 , -263.66232 , -65.56518 , -17.571684
1289761317036750204  , -2.041146 , -0.09617588 , 0.25431237 , -263.66458 , -65.56518 , -17.571684
1289761317054311201  , -2.0411198 , -0.0962342 , 0.25443855 , -263.67548 , -65.55877 , -17.571684
1289761317056865184  , -2.0411196 , -0.096227825 , 0.2544446 , -263.6776 , -65.55877 , -17.571684
1289761317074470181  , -2.0309896 , -0.096260756 , 0.25461316 , -263.70004 , -65.55172 , -17.571684
1289761317078069163  , -2.0410862 , -0.0962657 , 0.2546387 , -263.70346 , -65.55065 , -17.571684
1289761317095690160  , -2.0410864 , -0.09621394 , 0.25468794 , -263.7208 , -65.55065 , -17.571684
1289761317098131142  , -2.0410805 , -0.09622456 , 0.25471705 , -263.7238 , -65.54926 , -17.571684
1289761317115627140  , -2.0410807 , -0.096115485 , 0.25482062 , -263.7603 , -65.54926 , -17.571684
1289761317117953122  , -2.0410807 , -0.09610629 , 0.25482935 , -263.7634 , -65.54926 , -17.571684
1289761317135671120  , -2.0410805 , -0.11561926 , 0.29230243 , -263.79514 , -65.54926 , -17.571684
1289761317138135102  , -2.0309796 , -0.017572947 , 0.25492594 , -263.7975 , -65.54926 , -17.571684
1289761317156996100  , -2.0410807 , -0.095903695 , 0.25502118 , -263.83115 , -65.54926 , -17.571684
1289761317158149081  , -2.0309796 , -0.09589557 , 0.2550289 , -263.83386 , -65.54926 , -17.571684
1289761317175701080  , -2.0409775 , -0.09608658 , 0.25555462 , -263.88773 , -65.52426 , -17.571684
1289761317179375062  , -2.0409775 , -0.09607604 , 0.25556454 , -263.89124 , -65.52426 , -17.571684
1289761317196960059  , -2.040935 , -0.09617044 , 0.25576514 , -263.90793 , -65.514 , -17.571684
1289761317199325041  , -2.040935 , -0.0961595 , 0.25577542 , -263.91156 , -65.514 , -17.572859
1289761317216975039  , -2.040935 , -0.115695044 , 0.29322672 , -263.93558 , -65.514 , -17.572859
1289761317219233021  , -2.040935 , -0.09607956 , 0.25585076 , -263.93814 , -65.514 , -17.572859
1289761317236981019  , -2.0409353 , -0.095992565 , 0.2559326 , -263.967 , -65.514 , -17.572859
1289761317240634001  , -2.040935 , -0.095981985 , 0.25594255 , -263.97052 , -65.514 , -17.572859
1289761317258207997  , -2.0307944 , -0.096086755 , 0.25611493 , -263.98062 , -65.50439 , -17.572859
1289761317259247980  , -2.0408907 , -0.096095234 , 0.2561389 , -263.9831 , -65.50326 , -17.572859
1289761317276933979  , -2.0408907 , -0.095944315 , 0.25628057 , -264.0331 , -65.50326 , -17.572859
1289761317280452961  , -2.0408907 , -0.095933095 , 0.25629106 , -264.03683 , -65.50326 , -17.572859
1289761317298073957  , -2.0408907 , -0.09589678 , 0.25632513 , -264.04886 , -65.50326 , -17.572859
1289761317300627940  , -2.0408907 , -0.09588994 , 0.2563315 , -264.05112 , -65.50326 , -17.572859
1289761317318042937  , -2.0408907 , -0.09581828 , 0.25639865 , -264.07486 , -65.50326 , -17.572859
1289761317320460920  , -2.0307899 , -0.095810056 , 0.25640634 , -264.07758 , -65.50326 , -17.572859
1289761317338097917  , -2.0408401 , -0.09592277 , 0.25664335 , -264.0968 , -65.49107 , -17.572859
1289761317341902900  , -2.0408404 , -0.095913544 , 0.256652 , -264.09985 , -65.49107 , -17.572859
1289761317359462896  , -2.0408204 , -0.095947444 , 0.25675538 , -264.1109 , -65.48627 , -17.572859
1289761317361756878  , -2.040812 , -0.09596847 , 0.25679287 , -264.11337 , -65.48424 , -17.572859
1289761317379386876  , -2.040732 , -0.096156284 , 0.25715753 , -264.1403 , -65.46501 , -17.572859
1289761317381813859  , -2.030631 , -0.09614703 , 0.2571662 , -264.14334 , -65.46501 , -17.572859
1289761317399303856  , -2.0407321 , -0.09609835 , 0.25721163 , -264.15936 , -65.46501 , -17.572859
1289761317402996839  , -2.0407321 , -0.09608807 , 0.2572212 , -264.16275 , -65.46501 , -17.572859
1289761317420485835  , -2.0407321 , -0.09606174 , 0.25724578 , -264.17142 , -65.46501 , -17.572859
1289761317422965817  , -2.040732 , -0.09605129 , 0.2572555 , -264.17484 , -65.46501 , -17.571684
1289761317440702815  , -2.040656 , -0.09624268 , 0.25758982 , -264.19598 , -65.44674 , -17.571684
1289761317442955797  , -2.0406506 , -0.096252084 , 0.25761688 , -264.19876 , -65.44546 , -17.571684
1289761317460570795  , -2.0305498 , -0.09616119 , 0.2577015 , -264.22858 , -65.44546 , -17.571684
1289761317464472777  , -2.0406508 , -0.09615119 , 0.25771078 , -264.23187 , -65.44546 , -17.571684
1289761317481858773  , -2.0305498 , -0.09611598 , 0.2577435 , -264.2434 , -65.44546 , -17.576973
1289761317482972756  , -2.0406508 , -0.0961045 , 0.25775418 , -264.24716 , -65.44546 , -17.576973
1289761317500734755  , -2.0405626 , -0.09621796 , 0.25824142 , -264.30676 , -65.4243 , -17.576973
1289761317504320737  , -2.0405626 , -0.096209094 , 0.25824964 , -264.30966 , -65.4243 , -17.576973
1289761317521978734  , -2.0405197 , -0.09629519 , 0.25845677 , -264.32825 , -65.41405 , -17.576973
1289761317524327716  , -2.0405197 , -0.0962871 , 0.25846428 , -264.3309 , -65.41405 , -17.576973
1289761317541840714  , -2.0405197 , -0.11582409 , 0.29591304 , -264.354 , -65.41405 , -17.576973
1289761317544268696  , -2.0304189 , -0.09620619 , 0.25853917 , -264.3573 , -65.41405 , -17.576973
1289761317561983694  , -2.0404596 , -0.09629777 , 0.2588575 , -264.39288 , -65.39963 , -17.576973
1289761317565550676  , -2.0404541 , -0.096307755 , 0.25888398 , -264.39545 , -65.398346 , -17.576973
1289761317583097672  , -2.0404541 , -0.09626791 , 0.2589208 , -264.40842 , -65.398346 , -17.576973
1289761317585672655  , -2.0404541 , -0.09626791 , 0.2589208 , -264.40842 , -65.398346 , -17.576973
1289761317603212652  , -2.0404084 , -0.09638217 , 0.2591198 , -264.4206 , -65.38744 , -17.576973
1289761317605655635  , -2.0404086 , -0.09637138 , 0.25912976 , -264.4241 , -65.38744 , -17.576973
1289761317623082632  , -2.040379 , -0.09640829 , 0.25929254 , -264.44397 , -65.380394 , -17.576973
1289761317626835615  , -2.0403724 , -0.09642075 , 0.25932527 , -264.44705 , -65.37881 , -17.576973
1289761317644503611  , -2.0302713 , -0.096366 , 0.25937566 , -264.4648 , -65.37881 , -17.576973
1289761317645535593  , -2.0403724 , -0.09635645 , 0.25938448 , -264.46793 , -65.37881 , -17.576973
1289761317663200592  , -2.0403724 , -0.09613091 , 0.25959185 , -264.54102 , -65.37881 , -17.576973
1289761317666918575  , -2.0403724 , -0.09611794 , 0.25960374 , -264.5452 , -65.37881 , -17.576973
1289761317684381571  , -2.0403724 , -0.096086755 , 0.25963235 , -264.5553 , -65.37881 , -17.576973
1289761317686730554  , -2.040361 , -0.09611444 , 0.25968271 , -264.55856 , -65.37609 , -17.576973
1289761317704316551  , -2.040361 , -0.1156569 , 0.29712585 , -264.5797 , -65.37609 , -17.576973
1289761317707078534  , -2.0302553 , -0.01762306 , 0.25976908 , -264.583 , -65.37496 , -17.576973
1289761317724341531  , -2.0403051 , -0.096169665 , 0.2600023 , -264.6003 , -65.362785 , -17.576973
1289761317727969514  , -2.040298 , -0.096182406 , 0.26003805 , -264.60382 , -65.361084 , -17.576973
1289761317745759510  , -2.0402756 , -0.096214 , 0.26015627 , -264.61728 , -65.3558 , -17.576973
1289761317748171492  , -2.0402758 , -0.09620313 , 0.26016623 , -264.6208 , -65.3558 , -17.576973
1289761317765703490  , -2.040211 , -0.09637126 , 0.26044005 , -264.63522 , -65.340416 , -17.576973
1289761317768223472  , -2.0402112 , -0.09636773 , 0.2604433 , -264.63638 , -65.340416 , -17.576973
1289761317785560470  , -2.0402112 , -0.09627795 , 0.26052532 , -264.66525 , -65.340416 , -17.576973
1289761317789284452  , -2.040211 , -0.0962711 , 0.2605316 , -264.66748 , -65.340416 , -17.576973
1289761317806990449  , -2.030056 , -0.09639862 , 0.2607714 , -264.6835 , -65.32759 , -17.576973
1289761317808126431  , -2.0401504 , -0.09641215 , 0.26080355 , -264.68628 , -65.32599 , -17.576973
1289761317825683430  , -2.0401504 , -0.09631623 , 0.260891 , -264.71707 , -65.32599 , -17.576973
1289761317829396412  , -2.0401504 , -0.09630728 , 0.26089916 , -264.71994 , -65.32599 , -17.576973
1289761317847012408  , -2.0401301 , -0.096351266 , 0.2609925 , -264.72714 , -65.32118 , -17.576973
1289761317849258391  , -2.040125 , -0.09636246 , 0.26101688 , -264.72906 , -65.31994 , -17.576973
1289761317866842389  , -2.040125 , -0.11589828 , 0.29846558 , -264.75217 , -65.31994 , -17.576973
1289761317869466371  , -2.0300238 , -0.0962818 , 0.2610903 , -264.75494 , -65.31994 , -17.576973
1289761317886983368  , -2.040125 , -0.09623775 , 0.26113033 , -264.76904 , -65.31994 , -17.576973
1289761317890720351  , -2.040125 , -0.09622824 , 0.261139 , -264.7721 , -65.31994 , -17.578444
1289761317908225347  , -2.0401006 , -0.09625977 , 0.2612702 , -264.78748 , -65.31417 , -17.578444
1289761317910609330  , -2.0400918 , -0.09627941 , 0.26130873 , -264.7902 , -65.31213 , -17.578444
1289761317928236327  , -2.0400593 , -0.0963154 , 0.26148924 , -264.81262 , -65.30444 , -17.578444
1289761317930685310  , -2.0400507 , -0.11594172 , 0.298912 , -264.81567 , -65.30241 , -17.578444
1289761317948075307  , -2.0400238 , -0.09637603 , 0.26166806 , -264.8304 , -65.296 , -17.578444
1289761317952052290  , -2.0400236 , -0.09636609 , 0.2616771 , -264.8336 , -65.296 , -17.578444
1289761317969324286  , -2.029884 , -0.09645435 , 0.26185018 , -264.8456 , -65.28686 , -17.578444
1289761317970514269  , -2.039985 , -0.09644589 , 0.26185784 , -264.84833 , -65.28686 , -17.578444
1289761317988250267  , -2.0399404 , -0.09651303 , 0.26208964 , -264.87332 , -65.27628 , -17.578444
1289761317991916250  , -2.0399323 , -0.09652805 , 0.2621292 , -264.87695 , -65.27436 , -17.578444
1289761318009515246  , -2.0399323 , -0.096484244 , 0.2621688 , -264.8909 , -65.27436 , -17.578444
1289761318011838228  , -2.0399323 , -0.09647587 , 0.2621764 , -264.89355 , -65.27436 , -17.578444
1289761318029394226  , -2.0398912 , -0.116215974 , 0.2997058 , -264.89355 , -65.26475 , -17.578444
1289761318031845208  , -2.0398836 , -0.08682114 , 0.2623576 , -264.89612 , -65.26293 , -17.578444
1289761318049442206  , -2.029738 , -0.09672518 , 0.26255956 , -264.91055 , -65.25235 , -17.578444
1289761318053062188  , -2.0398388 , -0.096720845 , 0.2625635 , -264.91193 , -65.25235 , -17.578444
1289761318070585185  , -2.0296724 , -0.09687777 , 0.26284695 , -264.92923 , -65.23697 , -17.578444
1289761318071738167  , -2.0397735 , -0.096865 , 0.26285848 , -264.9333 , -65.23697 , -17.578444
1289761318089519166  , -2.0396914 , -0.09695275 , 0.26331043 , -264.98907 , -65.217735 , -17.578444
1289761318093107148  , -2.0396914 , -0.096945345 , 0.2633171 , -264.99142 , -65.217735 , -17.578444
1289761318110678145  , -2.0396914 , -0.09689051 , 0.2633665 , -265.00873 , -65.217735 , -17.578444
1289761318113204127  , -2.0396867 , -0.09689586 , 0.26339412 , -265.01215 , -65.21656 , -17.578444
1289761318130669125  , -2.0396454 , -0.11652875 , 0.30101988 , -265.0458 , -65.20695 , -17.578444
1289761318133157107  , -2.029534 , -0.096944794 , 0.2636829 , -265.0489 , -65.20449 , -17.578444
1289761318150578105  , -2.0395653 , -0.097095475 , 0.26399824 , -265.072 , -65.18814 , -17.578444
1289761318154508087  , -2.0395708 , -0.09706874 , 0.26398686 , -265.07486 , -65.18942 , -17.578444
1289761318172002083  , -2.0395994 , -0.09693387 , 0.26392257 , -265.08832 , -65.19615 , -17.578444
1289761318174246066  , -2.0395994 , -0.09692052 , 0.26393452 , -265.0925 , -65.19615 , -17.578444
1289761318191947064  , -2.0395994 , -0.09685017 , 0.2639976 , -265.11462 , -65.19615 , -17.578444
1289761318194469046  , -2.0395916 , -0.09687495 , 0.26402527 , -265.11462 , -65.194336 , -17.578444
1289761318211837043  , -2.0395918 , -0.096823975 , 0.26407093 , -265.13065 , -65.194336 , -17.578444
1289761318215526026  , -2.0395918 , -0.096815005 , 0.26407897 , -265.13348 , -65.194336 , -17.578444
1289761318233197022  , -2.0396984 , -0.09643343 , 0.26373255 , -265.14597 , -65.21934 , -17.58325
1289761318235478005  , -2.0397196 , -0.09635913 , 0.2636619 , -265.1479 , -65.22432 , -17.58325
1289761318253181002  , -2.0397196 , -0.09632853 , 0.26368925 , -265.15753 , -65.22432 , -17.58325
1289761318255510985  , -2.0396876 , -0.09642178 , 0.26381138 , -265.16034 , -65.21685 , -17.58325
1289761318273103982  , -2.049498 , -0.09728277 , 0.26491028 , -265.1815 , -65.1489 , -17.58325
1289761318275546965  , -2.0393467 , -0.117042646 , 0.26509795 , -265.1842 , -65.13714 , -17.58325
1289761318293183962  , -2.0492213 , -0.09810318 , 0.26594558 , -265.1996 , -65.08457 , -17.58325
1289761318296846945  , -2.0390992 , -0.09816949 , 0.26601985 , -265.1996 , -65.07971 , -17.58325
1289761318314472941  , -2.0491629 , -0.098245665 , 0.26618972 , -265.2126 , -65.07105 , -17.58325
1289761318316808923  , -2.0390809 , -0.0981777 , 0.26613006 , -265.21515 , -65.07543 , -17.584318
1289761318334402921  , -2.0393996 , -0.11670436 , 0.30244395 , -265.23724 , -65.149475 , -17.584318
1289761318336719903  , -2.0394292 , -0.08719011 , 0.26496446 , -265.24014 , -65.15631 , -17.584318
1289761318354398901  , -2.0294063 , -0.09670177 , 0.26472312 , -265.2536 , -65.17458 , -17.584318
1289761318358032883  , -2.0394967 , -0.09672429 , 0.26477048 , -265.25702 , -65.17213 , -17.584318
1289761318375590880  , -2.0292225 , -0.09722358 , 0.26543456 , -265.27304 , -65.13174 , -17.584318
1289761318378028862  , -2.0392883 , -0.0973254 , 0.26556972 , -265.27625 , -65.12351 , -17.584318
1289761318395749860  , -2.0491736 , -0.09794465 , 0.2663905 , -265.29547 , -65.07351 , -17.584318
1289761318397990842  , -2.039068 , -0.09794843 , 0.26641646 , -265.2988 , -65.07244 , -17.584318
1289761318415711840  , -2.0493143 , -0.09744364 , 0.26594222 , -265.31323 , -65.106094 , -17.584318
1289761318419296822  , -2.0392334 , -0.097371 , 0.26587775 , -265.3159 , -65.1108 , -17.584318
1289761318436851819  , -2.0393436 , -0.09697051 , 0.26553068 , -265.3319 , -65.13644 , -17.584318
1289761318439265801  , -2.039352 , -0.096936226 , 0.2655085 , -265.33447 , -65.13836 , -17.584318
1289761318456868799  , -2.0392652 , -0.097096294 , 0.2659196 , -265.37006 , -65.11817 , -17.584318
1289761318459290781  , -2.0392404 , -0.097162336 , 0.26601902 , -265.3739 , -65.112404 , -17.584318
1289761318477013779  , -2.0389495 , -0.117591634 , 0.30451748 , -265.40274 , -65.04509 , -17.584318
1289761318479433761  , -2.038929 , -0.088233605 , 0.34198168 , -265.40585 , -65.04039 , -17.584318
1289761318497016758  , -2.0388541 , -0.09822035 , 0.26752687 , -265.42188 , -65.02309 , -17.584318
1289761318500666741  , -2.0388618 , -0.09818587 , 0.2675079 , -265.42493 , -65.024895 , -17.584318
1289761318518184737  , -2.0389307 , -0.097929925 , 0.26730043 , -265.43744 , -65.04076 , -17.584318
1289761318519371720  , -2.0389488 , -0.09786132 , 0.26724648 , -265.44104 , -65.044945 , -17.584318
1289761318536875719  , -2.0391486 , -0.097085595 , 0.26666957 , -265.4872 , -65.0911 , -17.584318
1289761318540539701  , -2.0391486 , -0.09707351 , 0.26668024 , -265.49094 , -65.0911 , -17.584318
1289761318558267697  , -2.039105 , -0.097169906 , 0.26687127 , -265.50345 , -65.081 , -17.584318
1289761318560672680  , -2.0390983 , -0.097179994 , 0.26690564 , -265.50696 , -65.07942 , -17.584318
1289761318578214677  , -2.039098 , -0.11674011 , 0.30433086 , -265.5217 , -65.07942 , -17.584318
1289761318580735660  , -2.0289917 , -0.097137675 , 0.26697677 , -265.5252 , -65.07818 , -17.584318
1289761318598194657  , -2.0390928 , -0.09709817 , 0.26701155 , -265.53738 , -65.07818 , -17.584318
1289761318601786640  , -2.0390995 , -0.097062886 , 0.26699957 , -265.5417 , -65.07976 , -17.584318
1289761318619275636  , -2.0391743 , -0.09677866 , 0.26677704 , -265.55707 , -65.09707 , -17.584318
1289761318621743619  , -2.0391922 , -0.096711725 , 0.2667217 , -265.56024 , -65.10125 , -17.584318
1289761318639387616  , -2.0392199 , -0.096573174 , 0.26666865 , -265.57626 , -65.10766 , -17.584318
1289761318641823599  , -2.0392199 , -0.096562624 , 0.26667792 , -265.57953 , -65.10766 , -17.584318
1289761318659383596  , -2.0392199 , -0.096562624 , 0.26667792 , -265.57953 , -65.10766 , -17.584318
1289761318663009579  , -2.0392358 , -0.09650242 , 0.2666288 , -265.5825 , -65.1114 , -17.584318
1289761318680768575  , -2.0292075 , -0.0962438 , 0.26639706 , -265.5921 , -65.12822 , -17.584318
1289761318681940557  , -2.0393186 , -0.09619932 , 0.26637208 , -265.59604 , -65.13057 , -17.584318
1289761318699447556  , -2.0393186 , -0.096093744 , 0.2664647 , -265.62872 , -65.13057 , -17.584318
1289761318703093538  , -2.0393112 , -0.09610821 , 0.26649866 , -265.6314 , -65.12886 , -17.584318
1289761318720664535  , -2.0492992 , -0.09641743 , 0.26694366 , -265.6455 , -65.102585 , -17.584318
1289761318723174517  , -2.039198 , -0.09640531 , 0.26695427 , -265.64926 , -65.102585 , -17.584318
1289761318740775515  , -2.0393097 , -0.11558795 , 0.3040027 , -265.67233 , -65.12854 , -17.584318
1289761318743001497  , -2.0393186 , -0.095942765 , 0.26659697 , -265.6754 , -65.13057 , -17.584318
1289761318760735495  , -2.0293868 , -0.09534848 , 0.2660429 , -265.69464 , -65.17 , -17.584318
1289761318764296477  , -2.039512 , -0.09526138 , 0.26596493 , -265.69797 , -65.17566 , -17.584318
1289761318781998474  , -2.019433 , -0.094800025 , 0.26558262 , -265.7204 , -65.204506 , -17.584318
1289761318783175456  , -2.0295286 , -0.09480934 , 0.2656093 , -265.72287 , -65.203224 , -17.584318
1289761318800741455  , -2.0391178 , -0.09619194 , 0.26764667 , -265.79208 , -65.08399 , -17.584318
1289761318804448437  , -2.0390825 , -0.096289605 , 0.26778224 , -265.79562 , -65.075874 , -17.584318
1289761318821946433  , -2.0389476 , -0.09668341 , 0.26828843 , -265.8038 , -65.044624 , -17.584318
1289761318824245416  , -2.03893 , -0.116336495 , 0.30574292 , -265.80673 , -65.04055 , -17.584318
1289761318841948414  , -2.028912 , -0.09639144 , 0.2681309 , -265.83078 , -65.05978 , -17.584318
1289761318845577396  , -2.039031 , -0.09633146 , 0.26806962 , -265.83194 , -65.06395 , -17.584318
1289761318863264392  , -2.0391018 , -0.09606171 , 0.26786047 , -265.84732 , -65.08029 , -17.584318
1289761318865530375  , -2.0391016 , -0.09605025 , 0.2678704 , -265.85083 , -65.08029 , -17.584318
1289761318883114372  , -2.0389993 , -0.09631449 , 0.26828477 , -265.8675 , -65.05657 , -17.584318
1289761318885743355  , -2.0389776 , -0.096369445 , 0.26837194 , -265.87112 , -65.0516 , -17.584318
1289761318903194352  , -2.0388107 , -0.116468474 , 0.30637217 , -265.8788 , -65.01314 , -17.584318
1289761318905684335  , -2.0286794 , -0.09694293 , 0.269108 , -265.88245 , -65.00612 , -17.584318
1289761318923184332  , -2.038579 , -0.097511694 , 0.26986617 , -265.89783 , -64.95997 , -17.584318
1289761318927004315  , -2.0385363 , -0.09763394 , 0.27002382 , -265.9003 , -64.95024 , -17.584318
1289761318944522311  , -2.0384564 , -0.097829714 , 0.2703494 , -265.91522 , -64.93197 , -17.584318
1289761318946796293  , -2.0384414 , -0.09786631 , 0.27041036 , -265.918 , -64.92855 , -17.584318
1289761318964377291  , -2.0383189 , -0.098147616 , 0.27092215 , -265.94586 , -64.900665 , -17.584318
1289761318966780274  , -2.0484126 , -0.09816037 , 0.2709569 , -265.94882 , -64.89897 , -17.584318
1289761318984308271  , -2.0383115 , -0.098104954 , 0.27100483 , -265.96548 , -64.89897 , -17.584318
1289761318988134254  , -2.0383372 , -0.09801756 , 0.27092117 , -265.96808 , -64.904854 , -17.584318
1289761319005732250  , -2.0183883 , -0.097201884 , 0.27006432 , -265.98108 , -64.96255 , -17.584318
1289761319006913232  , -2.0285318 , -0.09705952 , 0.2699243 , -265.9848 , -64.97227 , -17.584318
1289761319024424231  , -2.0386326 , -0.09683056 , 0.2701218 , -266.05405 , -64.97227 , -17.584318
1289761319028049213  , -2.038614 , -0.096879154 , 0.27019545 , -266.0566 , -64.967995 , -17.584318
1289761319045730210  , -2.0384989 , -0.09720278 , 0.27062723 , -266.06494 , -64.94171 , -17.584318
1289761319048130192  , -2.0384989 , -0.09719542 , 0.27063355 , -266.06717 , -64.94171 , -17.584318
1289761319065722190  , -2.0386167 , -0.11637023 , 0.30766177 , -266.0893 , -64.968636 , -17.584318
1289761319068038172  , -2.0285215 , -0.096735716 , 0.27026683 , -266.09216 , -64.96992 , -17.584318
1289761319085725170  , -2.0384288 , -0.09723997 , 0.27102798 , -266.11813 , -64.92569 , -17.584318
1289761319089396152  , -2.038402 , -0.09731157 , 0.27113092 , -266.12103 , -64.91959 , -17.584318
1289761319106998148  , -2.0383325 , -0.09749922 , 0.27139795 , -266.12823 , -64.90373 , -17.579512
1289761319109233131  , -2.0383325 , -0.09748939 , 0.2714064 , -266.13116 , -64.90373 , -17.579512
1289761319126947129  , -2.0384507 , -0.09702462 , 0.2710786 , -266.1629 , -64.93066 , -17.579512
1289761319129481111  , -2.0384507 , -0.09701498 , 0.27108687 , -266.1658 , -64.93066 , -17.579512
1289761319146846108  , -2.038352 , -0.09731409 , 0.27143583 , -266.1658 , -64.90822 , -17.579512
1289761319150730091  , -2.0383396 , -0.09733938 , 0.27149045 , -266.16953 , -64.90539 , -17.579512
1289761319168298087  , -2.0283022 , -0.01866933 , 0.27130592 , -266.18347 , -64.919815 , -17.579512
1289761319169358070  , -2.028327 , -0.097016245 , 0.2712257 , -266.1862 , -64.92547 , -17.579512
1289761319187020069  , -2.038571 , -0.096484914 , 0.2707991 , -266.21503 , -64.95816 , -17.579512
1289761319190657051  , -2.048645 , -0.09655891 , 0.2709029 , -266.2176 , -64.951965 , -17.579512
1289761319208291047  , -2.0485058 , -0.0969428 , 0.27142972 , -266.22913 , -64.920235 , -17.579512
1289761319210675030  , -2.0283108 , -0.09691301 , 0.27141237 , -266.23172 , -64.92182 , -17.579512
1289761319228205027  , -2.0285661 , -0.11570002 , 0.30792555 , -266.24518 , -64.98015 , -17.579512
