71594241  , -0.19068487 , 0.10896278 , 10.228881 , 0.018637517 , -0.010650009 , -0.99976957
213623  , -0.19068487 , 0.14982383 , 10.269742 , 0.018562468 , -0.014584794 , -0.9997213
32470703  , -0.19068487 , 0.14982383 , 10.269742 , 0.01856246 , -0.014584794 , -0.9997212
213623  , -0.23154591 , 0.14982383 , 10.337844 , 0.022389922 , -0.014487598 , -0.9996442
30853273  , -0.23154591 , 0.14982383 , 10.337844 , 0.022389922 , -0.014487599 , -0.9996443
213623  , -0.08172209 , 0.08172209 , 10.528529 , 0.007761499 , -0.007761499 , -0.99993974
32135010  , -0.08172209 , 0.08172209 , 10.528529 , 0.007761499 , -0.0077614984 , -0.99993974
213623  , -0.10896278 , 0.23154591 , 9.765789 , 0.011153773 , -0.023701768 , -0.999657
32379151  , -0.10896278 , 0.23154591 , 9.765789 , 0.011153774 , -0.023701767 , -0.99965686
244140  , -0.08172209 , 0.23154591 , 9.956474 , 0.008205442 , -0.023248749 , -0.99969625
29663086  , -0.08172209 , 0.23154591 , 9.956474 , 0.00820544 , -0.023248745 , -0.9996961
213623  , -0.0 , 0.08172209 , 9.615966 , 0.0 , -0.0084982775 , -0.99996394
30609131  , -0.0 , 0.08172209 , 9.615966 , 0.0 , -0.008498277 , -0.9999638
213623  , -0.0 , 0.10896278 , 9.384419 , 5.820766E-11 , -0.011610247 , -0.9999326
30639648  , -0.0 , 0.10896278 , 9.384419 , 0.0 , -0.011610248 , -0.9999327
244141  , -0.10896278 , 0.38136974 , 9.697687 , 0.01122657 , -0.039292995 , -0.99916476
32226562  , -0.10896278 , 0.38136974 , 9.697687 , 0.011226568 , -0.03929299 , -0.9991646
213623  , -0.040861044 , 0.08172209 , 10.147159 , 0.004026683 , -0.008053365 , -0.9999595
34423827  , -0.040861044 , 0.08172209 , 10.147159 , 0.0040266826 , -0.008053365 , -0.9999595
213623  , -0.040861044 , 0.08172209 , 10.337844 , 0.0039524157 , -0.007904832 , -0.9999612
33294676  , -0.040861044 , 0.08172209 , 10.337844 , 0.0039524147 , -0.007904829 , -0.9999609
213623  , -0.08172209 , 0.19068487 , 10.079058 , 0.008106392 , -0.018914912 , -0.9997883
55755612  , -0.08172209 , 0.19068487 , 10.079058 , 0.00810639 , -0.018914912 , -0.99978817
213623  , -0.10896278 , 0.19068487 , 10.501288 , 0.010373866 , -0.018154265 , -0.99978137
32775879  , -0.10896278 , 0.19068487 , 10.501288 , 0.010373867 , -0.01815427 , -0.9997815
213623  , -0.10896278 , 0.313268 , 9.765789 , 0.011151169 , -0.032059617 , -0.9994236
213623  , -0.10896278 , 0.313268 , 9.765789 , 0.011151172 , -0.03205962 , -0.9994238
1464844  , -0.08172209 , 0.19068487 , 10.269742 , 0.007955939 , -0.018563855 , -0.99979615
30822755  , -0.08172209 , 0.19068487 , 10.269742 , 0.007955938 , -0.018563854 , -0.999796
213623  , -0.08172209 , 0.313268 , 9.615966 , 0.008493771 , -0.032559462 , -0.9994338
59082033  , -0.08172209 , 0.313268 , 9.615966 , 0.00849377 , -0.032559454 , -0.9994337
213623  , 0.040861044 , 0.10896278 , 9.466142 , -0.0043162205 , -0.011509922 , -0.9999245
58105470  , 0.040861044 , 0.10896278 , 9.466142 , -0.00431622 , -0.011509921 , -0.99992436
244140  , -0.040861044 , 0.19068487 , 10.378705 , 0.003936313 , -0.01836946 , -0.9998235
25909424  , -0.040861044 , 0.19068487 , 10.378705 , 0.003936313 , -0.018369459 , -0.99982345
335694  , -0.08172209 , 0.10896278 , 10.079058 , 0.008107369 , -0.010809824 , -0.9999087
244141  , -0.08172209 , 0.10896278 , 10.079058 , 0.008107368 , -0.010809824 , -0.99990875
244141  , -0.040861044 , 0.040861044 , 10.419566 , 0.0039215083 , -0.0039215083 , -0.99998456
25848389  , -0.040861044 , 0.040861044 , 10.419566 , 0.0039215083 , -0.003921509 , -0.9999846
244140  , -0.14982383 , 0.23154591 , 10.119919 , 0.014799349 , -0.02287172 , -0.9996287
27313232  , -0.14982383 , 0.23154591 , 10.119919 , 0.014799352 , -0.022871725 , -0.99962896
244141  , -0.19068487 , 0.313268 , 10.419566 , 0.01828933 , -0.030046757 , -0.9993812
24932861  , -0.19068487 , 0.313268 , 10.419566 , 0.018289326 , -0.030046752 , -0.99938107
213623  , -0.19068487 , 0.14982383 , 10.337844 , 0.018440252 , -0.014488768 , -0.999725
27832031  , -0.19068487 , 0.14982383 , 10.337844 , 0.01844025 , -0.01448877 , -0.999725
274658  , -0.27240697 , 0.313268 , 10.269742 , 0.02650356 , -0.030479094 , -0.99918413
51910399  , -0.27240697 , 0.313268 , 10.269742 , 0.026503555 , -0.030479085 , -0.99918395
732422  , -0.27240697 , 0.38136974 , 10.269742 , 0.026497623 , -0.037096675 , -0.9989604
29083251  , -0.27240697 , 0.38136974 , 10.269742 , 0.026497623 , -0.037096664 , -0.9989602
2899170  , -0.19068487 , 0.10896278 , 10.269742 , 0.018563403 , -0.010607656 , -0.9997716
23590087  , -0.19068487 , 0.10896278 , 10.269742 , 0.018563395 , -0.010607654 , -0.9997713
213623  , -0.19068487 , 0.14982383 , 10.310603 , 0.018488944 , -0.014527027 , -0.9997235
23956299  , -0.19068487 , 0.14982383 , 10.310603 , 0.01848894 , -0.014527025 , -0.9997234
213623  , -0.19068487 , 0.14982383 , 10.269742 , 0.018562468 , -0.014584795 , -0.99972135
55145262  , -0.19068487 , 0.14982383 , 10.269742 , 0.018562468 , -0.014584795 , -0.9997214
213623  , -0.19068487 , 0.19068487 , 10.18802 , 0.018710027 , -0.018710027 , -0.99965
22918702  , -0.19068487 , 0.19068487 , 10.18802 , 0.018710025 , -0.018710027 , -0.9996499
213623  , -0.23154591 , 0.14982383 , 10.228881 , 0.022628263 , -0.014641817 , -0.99963677
26733399  , -0.23154591 , 0.14982383 , 10.228881 , 0.022628259 , -0.014641817 , -0.9996367
213623  , -0.19068487 , 0.14982383 , 10.269742 , 0.018562462 , -0.014584793 , -0.99972117
26855470  , -0.19068487 , 0.14982383 , 10.269742 , 0.018562468 , -0.0145847965 , -0.9997214
26245118  , -0.19068487 , 0.14982383 , 10.269742 , 0.018562464 , -0.014584793 , -0.99972117
244141  , -0.19068487 , 0.10896278 , 10.269742 , 0.018563395 , -0.010607654 , -0.99977136
26885987  , -0.19068487 , 0.14982383 , 10.228881 , 0.018636575 , -0.014643022 , -0.99971896
27923585  , -0.19068487 , 0.14982383 , 10.228881 , 0.018636575 , -0.014643025 , -0.99971914
274658  , -0.19068487 , 0.14982383 , 10.310603 , 0.018488944 , -0.014527027 , -0.9997235
6469726  , -0.19068487 , 0.14982383 , 10.310603 , 0.018488944 , -0.014527027 , -0.9997236
244140  , -0.23154591 , 0.10896278 , 10.269742 , 0.022539422 , -0.010606787 , -0.99968964
38177491  , -0.23154591 , 0.10896278 , 10.269742 , 0.02253943 , -0.010606789 , -0.99968994
244140  , -0.19068487 , 0.14982383 , 10.269742 , 0.018562464 , -0.014584795 , -0.9997213
28808594  , -0.19068487 , 0.14982383 , 10.269742 , 0.018562466 , -0.014584796 , -0.99972135
30212402  , -0.19068487 , 0.14982383 , 10.269742 , 0.018562468 , -0.014584795 , -0.99972135
305175  , -0.14982383 , 0.10896278 , 10.269742 , 0.014586488 , -0.0106083555 , -0.9998374
29602051  , -0.14982383 , 0.10896278 , 10.269742 , 0.014586488 , -0.010608355 , -0.9998374
488281  , -0.14982383 , 0.10896278 , 10.228881 , 0.014644737 , -0.010650718 , -0.99983615
39428710  , -0.14982383 , 0.10896278 , 10.228881 , 0.0146447355 , -0.010650716 , -0.999836
78033445  , -0.19068487 , 0.10896278 , 10.18802 , 0.018712232 , -0.010692704 , -0.9997678
2014160  , -0.19068487 , 0.10896278 , 10.18802 , 0.01871223 , -0.010692704 , -0.99976766
244141  , -0.19068487 , 0.14982383 , 10.228881 , 0.018636573 , -0.014643024 , -0.9997191
213623  , -0.19068487 , 0.14982383 , 10.228881 , 0.018636577 , -0.014643023 , -0.9997191
854492  , -0.19068487 , 0.08172209 , 10.18802 , 0.0187127 , -0.008019727 , -0.99979264
16632080  , -0.19068487 , 0.08172209 , 10.18802 , 0.0187127 , -0.008019729 , -0.99979264
213623  , -0.19068487 , 0.14982383 , 10.228881 , 0.018636577 , -0.014643023 , -0.99971896
29022216  , -0.19068487 , 0.14982383 , 10.269742 , 0.018562466 , -0.014584792 , -0.9997212
29083251  , -0.19068487 , 0.14982383 , 10.269742 , 0.018562466 , -0.014584793 , -0.99972135
213623  , -0.23154591 , 0.14982383 , 10.269742 , 0.022538297 , -0.014583606 , -0.99963975
30731202  , -0.23154591 , 0.14982383 , 10.269742 , 0.022538295 , -0.0145836035 , -0.9996396
427246  , -0.19068487 , 0.14982383 , 10.228881 , 0.018636575 , -0.014643023 , -0.999719
38665773  , -0.19068487 , 0.14982383 , 10.228881 , 0.018636577 , -0.014643025 , -0.9997192
488281  , -0.19068487 , 0.19068487 , 10.228881 , 0.018635342 , -0.018635338 , -0.9996528
39916994  , -0.19068487 , 0.19068487 , 10.228881 , 0.018635336 , -0.018635336 , -0.9996526
244141  , -0.27240697 , 0.46309182 , 10.269742 , 0.026488977 , -0.045031257 , -0.9986343
38940431  , -0.27240697 , 0.46309182 , 10.269742 , 0.026488975 , -0.045031257 , -0.9986344
366211  , -0.19068487 , 0.14982383 , 10.18802 , 0.018711278 , -0.014701719 , -0.9997169
39489747  , -0.19068487 , 0.14982383 , 10.18802 , 0.018711278 , -0.0147017175 , -0.99971676
427246  , -0.14982383 , 0.19068487 , 10.228881 , 0.014643024 , -0.018636575 , -0.9997191
38696289  , -0.14982383 , 0.19068487 , 10.228881 , 0.014643022 , -0.018636573 , -0.999719
488281  , -0.14982383 , 0.14982383 , 10.228881 , 0.014643999 , -0.014643997 , -0.9997856
38879394  , -0.14982383 , 0.14982383 , 10.228881 , 0.014643997 , -0.014643996 , -0.99978554
488281  , -0.14982383 , 0.14982383 , 10.269742 , 0.014585758 , -0.014585759 , -0.99978745
39184570  , -0.14982383 , 0.14982383 , 10.269742 , 0.014585759 , -0.014585758 , -0.9997874
488281  , -0.19068487 , 0.14982383 , 10.310603 , 0.018488944 , -0.014527028 , -0.9997237
38787841  , -0.19068487 , 0.14982383 , 10.310603 , 0.018488944 , -0.014527027 , -0.99972355
518798  , -0.19068487 , 0.14982383 , 10.228881 , 0.018636573 , -0.014643023 , -0.999719
39215086  , -0.19068487 , 0.14982383 , 10.228881 , 0.018636571 , -0.014643024 , -0.999719
457763  , -0.19068487 , 0.19068487 , 10.18802 , 0.018710025 , -0.018710025 , -0.99964976
38604736  , -0.19068487 , 0.10896278 , 10.18802 , 0.018712228 , -0.010692702 , -0.9997676
40649413  , -0.19068487 , 0.10896278 , 10.18802 , 0.018712232 , -0.010692704 , -0.9997677
732422  , -0.19068487 , 0.14982383 , 10.18802 , 0.01871128 , -0.014701721 , -0.999717
56427003  , -0.19068487 , 0.14982383 , 10.18802 , 0.018711284 , -0.014701721 , -0.99971706
213623  , -0.23154591 , 0.23154591 , 10.147159 , 0.022806918 , -0.02280692 , -0.99947965
41961671  , -0.23154591 , 0.23154591 , 10.147159 , 0.022806918 , -0.022806918 , -0.99947965
244141  , -0.29964766 , 0.61291564 , 10.228881 , 0.029229332 , -0.059787266 , -0.997783
18341065  , -0.29964766 , 0.61291564 , 10.228881 , 0.029229337 , -0.059787277 , -0.9977833
213623  , -0.27240697 , 0.53119355 , 10.228881 , 0.026585925 , -0.05184255 , -0.9983014
45043946  , -0.27240697 , 0.53119355 , 10.228881 , 0.02658593 , -0.051842555 , -0.99830157
244141  , -0.14982383 , 0.23154591 , 10.18802 , 0.014700496 , -0.022718947 , -0.99963367
17822266  , -0.14982383 , 0.23154591 , 10.18802 , 0.0147004975 , -0.022718951 , -0.99963385
213623  , -0.19068487 , 0.10896278 , 10.228881 , 0.01863752 , -0.01065001 , -0.9997696
19165039  , -0.19068487 , 0.10896278 , 10.228881 , 0.018637516 , -0.010650008 , -0.99976945
213623  , -0.19068487 , 0.14982383 , 10.228881 , 0.018636579 , -0.014643025 , -0.99971914
69183350  , -0.19068487 , 0.14982383 , 10.228881 , 0.018636575 , -0.014643024 , -0.999719
274659  , -0.23154591 , 0.10896278 , 10.228881 , 0.022629408 , -0.010649131 , -0.9996872
15106201  , -0.23154591 , 0.10896278 , 10.228881 , 0.022629404 , -0.01064913 , -0.9996872
213623  , -0.19068487 , 0.14982383 , 10.269742 , 0.018562466 , -0.014584794 , -0.99972135
38543701  , -0.19068487 , 0.14982383 , 10.269742 , 0.018562468 , -0.014584793 , -0.9997213
244141  , -0.19068487 , 0.14982383 , 10.228881 , 0.018636579 , -0.014643025 , -0.9997192
18676758  , -0.19068487 , 0.14982383 , 10.228881 , 0.018636577 , -0.014643025 , -0.9997191
1434326  , -0.19068487 , 0.14982383 , 10.269742 , 0.018562464 , -0.014584792 , -0.9997212
24078369  , -0.19068487 , 0.14982383 , 10.269742 , 0.018562462 , -0.014584792 , -0.99972117
244140  , -0.19068487 , 0.10896278 , 10.310603 , 0.01848986 , -0.010565634 , -0.9997731
21667480  , -0.19068487 , 0.10896278 , 10.310603 , 0.01848986 , -0.010565635 , -0.99977314
976562  , -0.19068487 , 0.10896278 , 10.228881 , 0.018637514 , -0.010650009 , -0.9997695
29510497  , -0.19068487 , 0.10896278 , 10.228881 , 0.018637516 , -0.010650008 , -0.9997695
244140  , -0.14982383 , 0.10896278 , 10.269742 , 0.01458649 , -0.010608357 , -0.9998375
28839110  , -0.14982383 , 0.10896278 , 10.269742 , 0.014586486 , -0.010608355 , -0.9998373
213623  , -0.19068487 , 0.313268 , 10.310603 , 0.018482367 , -0.030363895 , -0.99936813
29571532  , -0.19068487 , 0.313268 , 10.310603 , 0.018482367 , -0.03036389 , -0.999368
213623  , -0.27240697 , 0.3405087 , 10.269742 , 0.026501318 , -0.03312665 , -0.9990996
30792235  , -0.27240697 , 0.3405087 , 10.269742 , 0.02650132 , -0.03312665 , -0.9990997
457763  , -0.19068487 , 0.10896278 , 10.269742 , 0.018563397 , -0.010607653 , -0.9997713
38543703  , -0.19068487 , 0.10896278 , 10.269742 , 0.018563394 , -0.010607653 , -0.9997713
518799  , -0.19068487 , 0.10896278 , 10.228881 , 0.01863752 , -0.01065001 , -0.9997696
38635256  , -0.19068487 , 0.10896278 , 10.228881 , 0.018637514 , -0.010650008 , -0.9997695
488281  , -0.19068487 , 0.14982383 , 10.269742 , 0.018562464 , -0.014584792 , -0.99972117
39062501  , -0.19068487 , 0.14982383 , 10.269742 , 0.018562468 , -0.014584796 , -0.9997214
488281  , -0.23154591 , 0.42223078 , 10.269742 , 0.022521676 , -0.041068934 , -0.99890256
38818360  , -0.23154591 , 0.42223078 , 10.269742 , 0.022521676 , -0.041068934 , -0.9989025
488281  , -0.27240697 , 0.46309182 , 10.269742 , 0.026488978 , -0.045031264 , -0.9986344
39428712  , -0.27240697 , 0.46309182 , 10.269742 , 0.026488977 , -0.045031257 , -0.99863434
488282  , -0.19068487 , 0.10896278 , 10.228881 , 0.01863752 , -0.010650011 , -0.9997697
38726807  , -0.19068487 , 0.10896278 , 10.228881 , 0.018637514 , -0.010650007 , -0.9997694
488282  , -0.19068487 , 0.14982383 , 10.310603 , 0.018488945 , -0.0145270275 , -0.9997236
38848877  , -0.19068487 , 0.14982383 , 10.310603 , 0.01848894 , -0.014527024 , -0.99972343
488281  , -0.19068487 , 0.14982383 , 10.269742 , 0.018562464 , -0.014584795 , -0.99972135
38757324  , -0.19068487 , 0.14982383 , 10.269742 , 0.018562464 , -0.014584793 , -0.99972117
488282  , -0.19068487 , 0.10896278 , 10.269742 , 0.018563395 , -0.010607654 , -0.99977136
39276123  , -0.19068487 , 0.10896278 , 10.269742 , 0.018563395 , -0.010607653 , -0.99977124
457764  , -0.23154591 , 0.14982383 , 10.310603 , 0.022449037 , -0.014525849 , -0.99964243
38757323  , -0.23154591 , 0.14982383 , 10.310603 , 0.02244904 , -0.014525849 , -0.99964255
549316  , -0.19068487 , 0.10896278 , 10.269742 , 0.018563395 , -0.010607654 , -0.9997713
38970946  , -0.19068487 , 0.10896278 , 10.269742 , 0.018563392 , -0.010607653 , -0.99977124
549316  , -0.23154591 , 0.10896278 , 10.228881 , 0.022629406 , -0.010649133 , -0.9996873
38970947  , -0.23154591 , 0.10896278 , 10.228881 , 0.02262941 , -0.010649133 , -0.9996873
488281  , -0.19068487 , 0.14982383 , 10.269742 , 0.018562466 , -0.014584794 , -0.99972135
60638428  , -0.19068487 , 0.14982383 , 10.269742 , 0.018562466 , -0.014584795 , -0.99972135
244141  , -0.19068487 , 0.14982383 , 10.310603 , 0.018488944 , -0.014527027 , -0.9997236
7263184  , -0.19068487 , 0.14982383 , 10.310603 , 0.018488944 , -0.0145270275 , -0.9997236
29235841  , -0.19068487 , 0.14982383 , 10.310603 , 0.018488944 , -0.014527027 , -0.9997235
213623  , -0.19068487 , 0.10896278 , 10.269742 , 0.018563395 , -0.010607655 , -0.9997715
39245606  , -0.19068487 , 0.10896278 , 10.269742 , 0.018563394 , -0.010607653 , -0.9997714
30609131  , -0.19068487 , 0.10896278 , 10.269742 , 0.018563394 , -0.010607653 , -0.9997713
427246  , -0.19068487 , 0.14982383 , 10.310603 , 0.018488945 , -0.0145270275 , -0.99972355
39398194  , -0.19068487 , 0.14982383 , 10.310603 , 0.018488944 , -0.014527027 , -0.99972355
488281  , -0.23154591 , 0.10896278 , 10.269742 , 0.022539426 , -0.010606789 , -0.99968976
38940430  , -0.23154591 , 0.10896278 , 10.269742 , 0.022539426 , -0.010606788 , -0.99968976
488281  , -0.23154591 , 0.14982383 , 10.337844 , 0.022389924 , -0.014487598 , -0.9996443
38818359  , -0.23154591 , 0.14982383 , 10.337844 , 0.02238992 , -0.014487598 , -0.9996442
488281  , -0.23154591 , 0.19068487 , 10.269742 , 0.02253681 , -0.018559728 , -0.9995739
39154053  , -0.23154591 , 0.19068487 , 10.269742 , 0.022536812 , -0.018559728 , -0.9995738
518799  , -0.19068487 , 0.14982383 , 10.269742 , 0.018562462 , -0.014584792 , -0.9997211
38940430  , -0.19068487 , 0.14982383 , 10.269742 , 0.018562466 , -0.014584793 , -0.9997212
488281  , -0.23154591 , 0.27240697 , 10.269742 , 0.02253277 , -0.026509138 , -0.99939454
39184569  , -0.23154591 , 0.27240697 , 10.269742 , 0.02253277 , -0.026509142 , -0.9993946
488281  , -0.29964766 , 0.46309182 , 10.310603 , 0.029020589 , -0.044850007 , -0.99857205
38909911  , -0.29964766 , 0.46309182 , 10.310603 , 0.029020587 , -0.04485 , -0.998572
518799  , -0.14982383 , 0.14982383 , 10.310603 , 0.0145279765 , -0.0145279765 , -0.9997889
38879393  , -0.14982383 , 0.14982383 , 10.310603 , 0.0145279765 , -0.014527975 , -0.9997889
488281  , -0.23154591 , 0.10896278 , 10.310603 , 0.022450153 , -0.010564779 , -0.99969214
39001464  , -0.23154591 , 0.10896278 , 10.310603 , 0.022450158 , -0.01056478 , -0.9996923
488282  , -0.23154591 , 0.10896278 , 10.337844 , 0.022391032 , -0.010536956 , -0.99969375
29907228  , -0.23154591 , 0.10896278 , 10.337844 , 0.022391032 , -0.010536957 , -0.99969375
1770019  , -0.14982383 , 0.10896278 , 10.228881 , 0.014644736 , -0.010650718 , -0.9998361
26428224  , -0.14982383 , 0.10896278 , 10.228881 , 0.014644736 , -0.010650717 , -0.999836
213623  , -0.19068487 , 0.10896278 , 10.269742 , 0.018563395 , -0.010607654 , -0.99977136
29388428  , -0.19068487 , 0.10896278 , 10.269742 , 0.018563397 , -0.010607655 , -0.9997715
30120850  , -0.19068487 , 0.10896278 , 10.269742 , 0.018563395 , -0.010607652 , -0.9997713
366211  , -0.19068487 , 0.14982383 , 10.228881 , 0.018636577 , -0.014643023 , -0.9997191
39611817  , -0.19068487 , 0.14982383 , 10.228881 , 0.018636577 , -0.014643022 , -0.999719
488281  , -0.23154591 , 0.313268 , 10.228881 , 0.02262009 , -0.030603653 , -0.99927574
39031983  , -0.23154591 , 0.313268 , 10.228881 , 0.02262009 , -0.030603651 , -0.9992757
488281  , -0.29964766 , 0.53119355 , 10.269742 , 0.02912641 , -0.05163318 , -0.9982415
39184570  , -0.29964766 , 0.53119355 , 10.269742 , 0.029126408 , -0.05163317 , -0.9982413
488281  , -0.14982383 , 0.14982383 , 10.269742 , 0.014585759 , -0.014585756 , -0.9997873
38635254  , -0.14982383 , 0.14982383 , 10.269742 , 0.014585758 , -0.014585758 , -0.99978733
488281  , -0.19068487 , 0.14982383 , 10.269742 , 0.018562464 , -0.014584794 , -0.9997212
39154052  , -0.19068487 , 0.14982383 , 10.269742 , 0.018562462 , -0.014584791 , -0.99972117
488281  , -0.19068487 , 0.10896278 , 10.269742 , 0.018563395 , -0.010607653 , -0.9997714
39581298  , -0.19068487 , 0.10896278 , 10.269742 , 0.018563394 , -0.010607653 , -0.9997714
83862301  , -0.19068487 , 0.14982383 , 10.310603 , 0.018488942 , -0.014527025 , -0.99972343
274659  , -0.19068487 , 0.14982383 , 10.310603 , 0.018488944 , -0.014527027 , -0.9997235
213623  , -0.14982383 , 0.14982383 , 10.269742 , 0.014585757 , -0.014585757 , -0.9997873
13641358  , -0.14982383 , 0.14982383 , 10.269742 , 0.014585758 , -0.014585758 , -0.99978733
274658  , -0.14982383 , 0.10896278 , 10.228881 , 0.014644736 , -0.010650717 , -0.999836
38726806  , -0.14982383 , 0.10896278 , 10.228881 , 0.014644738 , -0.010650716 , -0.9998361
213623  , -0.19068487 , 0.10896278 , 10.228881 , 0.018637517 , -0.01065001 , -0.99976957
29785157  , -0.19068487 , 0.10896278 , 10.228881 , 0.01863752 , -0.01065001 , -0.99976957
366211  , -0.23154591 , 0.10896278 , 10.269742 , 0.022539426 , -0.010606788 , -0.99968976
29449464  , -0.23154591 , 0.10896278 , 10.269742 , 0.022539422 , -0.010606787 , -0.99968964
366211  , -0.19068487 , 0.14982383 , 10.310603 , 0.018488942 , -0.014527026 , -0.9997235
39581300  , -0.19068487 , 0.14982383 , 10.310603 , 0.01848894 , -0.014527024 , -0.9997234
396728  , -0.23154591 , 0.14982383 , 10.337844 , 0.022389926 , -0.014487599 , -0.99964434
39337159  , -0.23154591 , 0.14982383 , 10.337844 , 0.022389924 , -0.014487599 , -0.9996442
488281  , -0.19068487 , 0.14982383 , 10.310603 , 0.018488942 , -0.014527026 , -0.9997235
38757324  , -0.19068487 , 0.14982383 , 10.310603 , 0.018488945 , -0.0145270275 , -0.9997237
488281  , -0.19068487 , 0.14982383 , 10.337844 , 0.01844025 , -0.014488768 , -0.999725
39062501  , -0.19068487 , 0.14982383 , 10.337844 , 0.018440254 , -0.01448877 , -0.9997251
518799  , -0.14982383 , 0.14982383 , 10.269742 , 0.014585759 , -0.0145857595 , -0.9997874
38879395  , -0.14982383 , 0.14982383 , 10.269742 , 0.014585757 , -0.014585757 , -0.9997872
488281  , -0.19068487 , 0.10896278 , 10.310603 , 0.018489862 , -0.010565636 , -0.99977314
39154052  , -0.19068487 , 0.10896278 , 10.310603 , 0.01848986 , -0.010565635 , -0.99977314
488281  , -0.19068487 , 0.19068487 , 10.269742 , 0.018561244 , -0.01856124 , -0.9996555
38513183  , -0.19068487 , 0.19068487 , 10.269742 , 0.018561242 , -0.01856124 , -0.99965537
30517578  , -0.19068487 , 0.19068487 , 10.269742 , 0.018561242 , -0.018561242 , -0.9996554
549316  , -0.14982383 , 0.14982383 , 10.228881 , 0.014643999 , -0.014643999 , -0.99978566
38604736  , -0.14982383 , 0.14982383 , 10.228881 , 0.014643996 , -0.014643995 , -0.9997854
488281  , -0.19068487 , 0.10896278 , 10.269742 , 0.018563394 , -0.010607653 , -0.9997713
39154051  , -0.19068487 , 0.10896278 , 10.269742 , 0.018563394 , -0.010607654 , -0.99977136
488281  , -0.19068487 , 0.19068487 , 10.337844 , 0.01843905 , -0.018439053 , -0.99966
38635252  , -0.19068487 , 0.19068487 , 10.337844 , 0.018439053 , -0.018439053 , -0.99965996
457764  , -0.19068487 , 0.14982383 , 10.269742 , 0.018562466 , -0.014584794 , -0.9997213
38879396  , -0.19068487 , 0.14982383 , 10.269742 , 0.018562466 , -0.014584794 , -0.9997213
549317  , -0.19068487 , 0.14982383 , 10.337844 , 0.018440254 , -0.01448877 , -0.99972516
39184572  , -0.19068487 , 0.14982383 , 10.337844 , 0.018440252 , -0.014488769 , -0.99972504
488281  , -0.19068487 , 0.19068487 , 10.269742 , 0.01856124 , -0.01856124 , -0.9996554
39886476  , -0.19068487 , 0.19068487 , 10.269742 , 0.01856124 , -0.018561244 , -0.9996554
213623  , -0.19068487 , 0.19068487 , 10.337844 , 0.018439049 , -0.018439047 , -0.99965984
38879395  , -0.19068487 , 0.19068487 , 10.337844 , 0.01843905 , -0.018439047 , -0.9996598
427246  , -0.14982383 , 0.14982383 , 10.269742 , 0.0145857595 , -0.0145857595 , -0.99978745
39550782  , -0.14982383 , 0.14982383 , 10.269742 , 0.0145857595 , -0.014585759 , -0.99978745
488281  , -0.19068487 , 0.14982383 , 10.310603 , 0.018488942 , -0.014527026 , -0.9997235
38360596  , -0.19068487 , 0.14982383 , 10.310603 , 0.01848894 , -0.014527023 , -0.99972326
488281  , -0.19068487 , 0.19068487 , 10.228881 , 0.018635336 , -0.018635334 , -0.9996525
66680908  , -0.19068487 , 0.19068487 , 10.228881 , 0.018635334 , -0.018635338 , -0.9996527
274658  , -0.14982383 , 0.14982383 , 10.18802 , 0.014702704 , -0.014702704 , -0.9997837
1068115  , -0.14982383 , 0.14982383 , 10.18802 , 0.014702705 , -0.014702704 , -0.9997838
213623  , -0.19068487 , 0.14982383 , 10.228881 , 0.018636573 , -0.014643024 , -0.999719
29602050  , -0.19068487 , 0.14982383 , 10.228881 , 0.018636577 , -0.014643023 , -0.999719
244141  , -0.19068487 , 0.19068487 , 10.310603 , 0.018487731 , -0.018487733 , -0.9996581
38665771  , -0.19068487 , 0.19068487 , 10.310603 , 0.018487735 , -0.018487735 , -0.9996582
244141  , -0.23154591 , 0.19068487 , 10.269742 , 0.022536809 , -0.018559726 , -0.9995737
30120849  , -0.23154591 , 0.19068487 , 10.269742 , 0.022536807 , -0.018559724 , -0.9995737
427246  , -0.23154591 , 0.14982383 , 10.310603 , 0.02244904 , -0.014525849 , -0.99964255
39428710  , -0.23154591 , 0.14982383 , 10.310603 , 0.02244904 , -0.014525849 , -0.9996425
488281  , -0.19068487 , 0.14982383 , 10.269742 , 0.018562466 , -0.014584794 , -0.99972135
38696288  , -0.19068487 , 0.14982383 , 10.269742 , 0.018562464 , -0.014584792 , -0.9997212
488281  , -0.14982383 , 0.14982383 , 10.269742 , 0.014585759 , -0.014585759 , -0.9997874
57037355  , -0.14982383 , 0.14982383 , 10.269742 , 0.014585758 , -0.014585758 , -0.9997874
488282  , -0.19068487 , 0.14982383 , 10.310603 , 0.018488945 , -0.014527028 , -0.9997237
32043458  , -0.19068487 , 0.14982383 , 10.310603 , 0.018488942 , -0.014527026 , -0.99972343
732422  , -0.19068487 , 0.14982383 , 10.228881 , 0.018636573 , -0.014643024 , -0.999719
36926270  , -0.19068487 , 0.14982383 , 10.228881 , 0.018636577 , -0.014643025 , -0.9997192
213623  , -0.19068487 , 0.14982383 , 10.269742 , 0.018562468 , -0.014584794 , -0.99972135
29479981  , -0.19068487 , 0.14982383 , 10.269742 , 0.018562464 , -0.014584793 , -0.9997213
244141  , -0.23154591 , 0.14982383 , 10.310603 , 0.022449039 , -0.014525849 , -0.9996425
30609131  , -0.23154591 , 0.14982383 , 10.310603 , 0.022449033 , -0.014525845 , -0.99964225
427246  , -0.23154591 , 0.14982383 , 10.269742 , 0.022538293 , -0.014583603 , -0.9996395
38543702  , -0.19068487 , 0.14982383 , 10.228881 , 0.018636577 , -0.014643025 , -0.9997192
29937744  , -0.19068487 , 0.14982383 , 10.228881 , 0.018636571 , -0.014643022 , -0.99971896
457764  , -0.19068487 , 0.14982383 , 10.310603 , 0.018488942 , -0.014527026 , -0.9997235
38787842  , -0.19068487 , 0.14982383 , 10.310603 , 0.018488942 , -0.014527027 , -0.9997235
518799  , -0.19068487 , 0.14982383 , 10.337844 , 0.01844025 , -0.01448877 , -0.99972504
39337158  , -0.19068487 , 0.14982383 , 10.337844 , 0.018440252 , -0.014488769 , -0.999725
457764  , -0.14982383 , 0.19068487 , 10.310603 , 0.014527026 , -0.018488942 , -0.99972343
38818359  , -0.14982383 , 0.19068487 , 10.310603 , 0.014527026 , -0.018488944 , -0.99972355
518799  , -0.19068487 , 0.19068487 , 10.269742 , 0.018561244 , -0.018561242 , -0.99965554
39093016  , -0.19068487 , 0.19068487 , 10.269742 , 0.018561244 , -0.018561242 , -0.9996555
488281  , -0.14982383 , 0.19068487 , 10.269742 , 0.0145847965 , -0.018562464 , -0.9997214
38635252  , -0.19068487 , 0.19068487 , 10.228881 , 0.018635338 , -0.018635338 , -0.99965274
40161131  , -0.19068487 , 0.19068487 , 10.228881 , 0.01863534 , -0.018635338 , -0.9996528
488281  , -0.19068487 , 0.14982383 , 10.269742 , 0.018562466 , -0.014584794 , -0.99972135
30120849  , -0.19068487 , 0.14982383 , 10.269742 , 0.018562464 , -0.014584795 , -0.9997213
1342774  , -0.19068487 , 0.14982383 , 10.310603 , 0.018488944 , -0.014527029 , -0.9997237
36224367  , -0.19068487 , 0.14982383 , 10.310603 , 0.018488942 , -0.0145270275 , -0.9997236
213623  , -0.19068487 , 0.14982383 , 10.228881 , 0.018636577 , -0.014643025 , -0.99971914
29510499  , -0.19068487 , 0.14982383 , 10.228881 , 0.018636573 , -0.014643022 , -0.9997189
213623  , -0.19068487 , 0.19068487 , 10.18802 , 0.018710027 , -0.018710025 , -0.9996499
53924562  , -0.19068487 , 0.19068487 , 10.18802 , 0.018710028 , -0.018710027 , -0.9996499
274659  , -0.19068487 , 0.19068487 , 10.269742 , 0.01856124 , -0.01856124 , -0.99965537
5096436  , -0.19068487 , 0.19068487 , 10.269742 , 0.01856124 , -0.018561242 , -0.99965537
1007080  , -0.23154591 , 0.27240697 , 10.269742 , 0.022532772 , -0.026509142 , -0.99939466
38879396  , -0.23154591 , 0.27240697 , 10.269742 , 0.02253277 , -0.02650914 , -0.9993946
213623  , -0.23154591 , 0.38136974 , 10.269742 , 0.022525175 , -0.037100285 , -0.99905765
29541016  , -0.23154591 , 0.38136974 , 10.269742 , 0.022525175 , -0.037100285 , -0.99905765
244141  , -0.19068487 , 0.19068487 , 10.228881 , 0.018635334 , -0.018635338 , -0.9996527
29632569  , -0.19068487 , 0.19068487 , 10.228881 , 0.018635336 , -0.018635336 , -0.9996526
305176  , -0.19068487 , 0.19068487 , 10.269742 , 0.018561244 , -0.018561242 , -0.9996555
30029297  , -0.19068487 , 0.19068487 , 10.269742 , 0.018561242 , -0.01856124 , -0.99965537
457764  , -0.23154591 , 0.23154591 , 10.269742 , 0.022534968 , -0.02253497 , -0.9994921
39031982  , -0.23154591 , 0.23154591 , 10.269742 , 0.022534966 , -0.022534968 , -0.9994921
488281  , -0.23154591 , 0.10896278 , 10.269742 , 0.022539424 , -0.010606788 , -0.99968976
39031982  , -0.23154591 , 0.10896278 , 10.269742 , 0.022539422 , -0.010606787 , -0.99968964
488282  , -0.19068487 , 0.10896278 , 10.337844 , 0.018441161 , -0.010537805 , -0.9997743
38879394  , -0.19068487 , 0.10896278 , 10.337844 , 0.018441157 , -0.010537806 , -0.9997743
488281  , -0.23154591 , 0.10896278 , 10.310603 , 0.022450158 , -0.01056478 , -0.99969226
38879394  , -0.23154591 , 0.10896278 , 10.310603 , 0.022450155 , -0.01056478 , -0.9996922
488281  , -0.23154591 , 0.19068487 , 10.337844 , 0.02238847 , -0.018437563 , -0.99957937
39276122  , -0.23154591 , 0.19068487 , 10.337844 , 0.022388473 , -0.018437566 , -0.9995795
488281  , -0.19068487 , 0.14982383 , 10.228881 , 0.018636575 , -0.014643025 , -0.9997191
38726807  , -0.19068487 , 0.14982383 , 10.228881 , 0.018636577 , -0.014643026 , -0.9997192
457764  , -0.19068487 , 0.19068487 , 10.310603 , 0.018487735 , -0.018487733 , -0.9996581
39245607  , -0.19068487 , 0.19068487 , 10.310603 , 0.018487731 , -0.01848773 , -0.999658
488281  , -0.19068487 , 0.19068487 , 10.269742 , 0.018561244 , -0.018561242 , -0.9996554
38574220  , -0.19068487 , 0.19068487 , 10.269742 , 0.018561238 , -0.01856124 , -0.99965537
488281  , -0.14982383 , 0.19068487 , 10.269742 , 0.014584794 , -0.018562464 , -0.9997213
39581300  , -0.14982383 , 0.19068487 , 10.269742 , 0.014584795 , -0.018562464 , -0.99972135
213623  , -0.19068487 , 0.14982383 , 10.310603 , 0.018488944 , -0.014527028 , -0.9997236
39306641  , -0.19068487 , 0.14982383 , 10.310603 , 0.018488942 , -0.014527026 , -0.9997235
396729  , -0.23154591 , 0.42223078 , 10.269742 , 0.02252167 , -0.041068934 , -0.9989024
39489747  , -0.23154591 , 0.42223078 , 10.269742 , 0.02252167 , -0.04106893 , -0.9989023
488281  , -0.27240697 , 0.61291564 , 10.269742 , 0.02646881 , -0.05955482 , -0.997874
38543701  , -0.27240697 , 0.61291564 , 10.269742 , 0.026468813 , -0.059554823 , -0.9978742
488282  , -0.19068487 , 0.19068487 , 10.269742 , 0.018561242 , -0.018561242 , -0.9996554
39062500  , -0.19068487 , 0.19068487 , 10.269742 , 0.018561244 , -0.018561242 , -0.99965537
518799  , -0.23154591 , 0.3405087 , 10.310603 , 0.022439182 , -0.0329988 , -0.9992035
38696288  , -0.23154591 , 0.3405087 , 10.310603 , 0.022439176 , -0.03299879 , -0.99920326
823974  , -0.27240697 , 0.46309182 , 10.310603 , 0.026384283 , -0.044853278 , -0.998645
38879394  , -0.27240697 , 0.46309182 , 10.310603 , 0.026384283 , -0.044853285 , -0.9986451
488281  , -0.14982383 , 0.313268 , 10.269742 , 0.014580529 , -0.03048656 , -0.9994289
38726806  , -0.14982383 , 0.313268 , 10.269742 , 0.014580526 , -0.030486556 , -0.9994288
518798  , -0.14982383 , 0.14982383 , 10.269742 , 0.014585758 , -0.014585758 , -0.99978733
96435543  , -0.14982383 , 0.14982383 , 10.269742 , 0.014585758 , -0.014585756 , -0.9997873
274658  , -0.19068487 , 0.19068487 , 10.269742 , 0.01856124 , -0.01856124 , -0.9996553
213623  , -0.19068487 , 0.19068487 , 10.269742 , 0.01856124 , -0.018561238 , -0.99965537
213623  , -0.23154591 , 0.14982383 , 10.269742 , 0.022538297 , -0.014583604 , -0.9996397
11718750  , -0.23154591 , 0.14982383 , 10.269742 , 0.022538297 , -0.0145836035 , -0.9996397
244140  , -0.19068487 , 0.19068487 , 10.310603 , 0.018487735 , -0.018487735 , -0.9996582
38482667  , -0.19068487 , 0.19068487 , 10.310603 , 0.018487737 , -0.018487737 , -0.9996583
213623  , -0.19068487 , 0.14982383 , 10.310603 , 0.018488942 , -0.014527025 , -0.99972343
29418946  , -0.19068487 , 0.14982383 , 10.310603 , 0.018488945 , -0.0145270275 , -0.9997236
213623  , -0.19068487 , 0.14982383 , 10.269742 , 0.018562468 , -0.014584795 , -0.9997214
29907227  , -0.19068487 , 0.14982383 , 10.269742 , 0.018562466 , -0.014584795 , -0.99972135
305176  , -0.19068487 , 0.14982383 , 10.228881 , 0.018636575 , -0.014643024 , -0.9997191
39825441  , -0.19068487 , 0.14982383 , 10.228881 , 0.018636579 , -0.014643025 , -0.99971914
488281  , -0.23154591 , 0.19068487 , 10.269742 , 0.02253681 , -0.018559726 , -0.99957377
39031983  , -0.23154591 , 0.19068487 , 10.269742 , 0.022536812 , -0.018559728 , -0.9995738
518799  , -0.19068487 , 0.14982383 , 10.269742 , 0.018562466 , -0.014584794 , -0.9997213
38726807  , -0.19068487 , 0.14982383 , 10.269742 , 0.018562468 , -0.014584795 , -0.99972135
488282  , -0.14982383 , 0.14982383 , 10.269742 , 0.014585759 , -0.0145857595 , -0.9997874
39245606  , -0.14982383 , 0.14982383 , 10.269742 , 0.014585759 , -0.014585759 , -0.99978733
457763  , -0.23154591 , 0.14982383 , 10.269742 , 0.022538295 , -0.0145836035 , -0.99963963
38940429  , -0.23154591 , 0.14982383 , 10.269742 , 0.022538297 , -0.0145836035 , -0.99963963
518798  , -0.23154591 , 0.14982383 , 10.18802 , 0.022718951 , -0.0147004975 , -0.9996337
39184570  , -0.23154591 , 0.14982383 , 10.18802 , 0.022718953 , -0.0147004975 , -0.9996338
488281  , -0.19068487 , 0.19068487 , 10.269742 , 0.018561242 , -0.018561242 , -0.9996554
38787841  , -0.19068487 , 0.19068487 , 10.269742 , 0.018561242 , -0.018561242 , -0.9996555
549317  , -0.23154591 , 0.14982383 , 10.269742 , 0.022538293 , -0.0145836035 , -0.9996397
38818359  , -0.23154591 , 0.14982383 , 10.269742 , 0.022538297 , -0.014583605 , -0.99963975
488281  , -0.19068487 , 0.14982383 , 10.269742 , 0.01856246 , -0.01458479 , -0.9997211
39001464  , -0.19068487 , 0.14982383 , 10.269742 , 0.018562462 , -0.014584792 , -0.9997211
701904  , -0.14982383 , 0.14982383 , 10.18802 , 0.014702703 , -0.014702704 , -0.9997838
39062501  , -0.14982383 , 0.14982383 , 10.18802 , 0.014702707 , -0.014702706 , -0.99978393
488281  , -0.19068487 , 0.23154591 , 10.228881 , 0.018633798 , -0.022626758 , -0.9995702
37902834  , -0.19068487 , 0.23154591 , 10.228881 , 0.018633801 , -0.022626756 , -0.99957025
762939  , -0.14982383 , 0.14982383 , 10.310603 , 0.0145279765 , -0.014527974 , -0.9997888
38879396  , -0.14982383 , 0.14982383 , 10.310603 , 0.014527979 , -0.014527977 , -0.999789
488281  , -0.19068487 , 0.19068487 , 10.269742 , 0.018561242 , -0.018561242 , -0.9996554
38574219  , -0.19068487 , 0.19068487 , 10.269742 , 0.018561242 , -0.01856124 , -0.99965537
30914307  , -0.19068487 , 0.19068487 , 10.269742 , 0.01856124 , -0.01856124 , -0.99965537
732421  , -0.19068487 , 0.14982383 , 10.18802 , 0.018711276 , -0.0147017175 , -0.9997167
38543702  , -0.19068487 , 0.14982383 , 10.18802 , 0.018711282 , -0.014701721 , -0.999717
213623  , -0.19068487 , 0.19068487 , 10.228881 , 0.018635336 , -0.018635334 , -0.9996525
38757325  , -0.19068487 , 0.19068487 , 10.228881 , 0.018635336 , -0.018635336 , -0.9996527
335694  , -0.19068487 , 0.14982383 , 10.269742 , 0.018562464 , -0.014584793 , -0.9997212
39489746  , -0.19068487 , 0.14982383 , 10.269742 , 0.018562466 , -0.014584794 , -0.99972135
488282  , -0.23154591 , 0.10896278 , 10.269742 , 0.022539428 , -0.010606788 , -0.9996898
63415526  , -0.23154591 , 0.10896278 , 10.269742 , 0.022539426 , -0.010606788 , -0.9996898
244140  , -0.19068487 , 0.14982383 , 10.310603 , 0.018488942 , -0.014527027 , -0.9997237
3784180  , -0.19068487 , 0.14982383 , 10.310603 , 0.018488944 , -0.014527026 , -0.99972355
244141  , -0.14982383 , 0.14982383 , 10.269742 , 0.014585758 , -0.014585757 , -0.9997873
29113769  , -0.14982383 , 0.14982383 , 10.269742 , 0.014585759 , -0.014585758 , -0.99978733
854492  , -0.19068487 , 0.14982383 , 10.269742 , 0.018562466 , -0.014584795 , -0.99972135
38391112  , -0.19068487 , 0.14982383 , 10.269742 , 0.018562466 , -0.014584794 , -0.9997213
213623  , -0.19068487 , 0.14982383 , 10.310603 , 0.018488944 , -0.014527027 , -0.99972355
30273436  , -0.19068487 , 0.14982383 , 10.310603 , 0.018488945 , -0.014527028 , -0.9997236
396728  , -0.19068487 , 0.14982383 , 10.337844 , 0.018440252 , -0.014488769 , -0.99972504
29296874  , -0.19068487 , 0.14982383 , 10.337844 , 0.01844025 , -0.014488766 , -0.9997249
518799  , -0.19068487 , 0.14982383 , 10.310603 , 0.018488945 , -0.014527028 , -0.9997237
39031983  , -0.19068487 , 0.14982383 , 10.310603 , 0.018488945 , -0.014527027 , -0.99972355
488281  , -0.23154591 , 0.14982383 , 10.269742 , 0.022538291 , -0.0145836 , -0.9996394
39093019  , -0.23154591 , 0.14982383 , 10.269742 , 0.022538295 , -0.014583602 , -0.9996396
488281  , -0.19068487 , 0.27240697 , 10.310603 , 0.018484445 , -0.026406351 , -0.99948025
39154054  , -0.19068487 , 0.27240697 , 10.310603 , 0.018484445 , -0.02640635 , -0.99948025
549316  , -0.27240697 , 0.5720546 , 10.269742 , 0.026474865 , -0.055597212 , -0.99810237
38635255  , -0.27240697 , 0.5720546 , 10.269742 , 0.026474863 , -0.055597212 , -0.99810237
457764  , -0.19068487 , 0.19068487 , 10.310603 , 0.018487735 , -0.018487737 , -0.99965835
39001466  , -0.19068487 , 0.19068487 , 10.310603 , 0.018487735 , -0.018487735 , -0.9996582
488281  , -0.19068487 , 0.14982383 , 10.310603 , 0.018488942 , -0.014527024 , -0.99972343
39367677  , -0.19068487 , 0.14982383 , 10.310603 , 0.018488942 , -0.014527027 , -0.9997235
518799  , -0.19068487 , 0.19068487 , 10.228881 , 0.018635334 , -0.018635334 , -0.99965256
38726807  , -0.19068487 , 0.19068487 , 10.228881 , 0.018635333 , -0.018635334 , -0.9996525
457764  , -0.19068487 , 0.10896278 , 10.18802 , 0.01871223 , -0.010692704 , -0.99976766
38940429  , -0.19068487 , 0.10896278 , 10.18802 , 0.018712228 , -0.010692703 , -0.99976754
488282  , -0.23154591 , 0.19068487 , 10.310603 , 0.022447571 , -0.018486237 , -0.99957716
38879394  , -0.23154591 , 0.19068487 , 10.310603 , 0.022447573 , -0.018486235 , -0.9995771
488281  , -0.27240697 , 0.27240697 , 10.310603 , 0.026401663 , -0.02640166 , -0.9993028
38757324  , -0.27240697 , 0.27240697 , 10.310603 , 0.026401665 , -0.026401658 , -0.99930286
549317  , -0.19068487 , 0.14982383 , 10.310603 , 0.018488945 , -0.014527028 , -0.9997236
39154052  , -0.19068487 , 0.14982383 , 10.310603 , 0.01848894 , -0.014527026 , -0.99972343
488281  , -0.19068487 , 0.19068487 , 10.269742 , 0.01856124 , -0.018561242 , -0.9996554
38818358  , -0.19068487 , 0.19068487 , 10.269742 , 0.018561244 , -0.018561242 , -0.9996554
488281  , -0.19068487 , 0.10896278 , 10.310603 , 0.018489862 , -0.010565636 , -0.9997733
39001465  , -0.14982383 , 0.14982383 , 10.228881 , 0.014643997 , -0.014643995 , -0.9997855
40374757  , -0.14982383 , 0.14982383 , 10.228881 , 0.014643999 , -0.014643996 , -0.9997856
732421  , -0.19068487 , 0.14982383 , 10.337844 , 0.018440254 , -0.014488769 , -0.99972504
39123537  , -0.19068487 , 0.14982383 , 10.337844 , 0.018440247 , -0.014488767 , -0.9997249
793457  , -0.27240697 , 0.313268 , 10.310603 , 0.026398689 , -0.030358491 , -0.9991903
37719727  , -0.27240697 , 0.313268 , 10.310603 , 0.026398692 , -0.030358499 , -0.99919045
366211  , -0.27240697 , 0.5720546 , 10.269742 , 0.026474861 , -0.055597205 , -0.9981022
28717042  , -0.19068487 , 0.10896278 , 10.228881 , 0.018637516 , -0.01065001 , -0.99976957
58349610  , -0.19068487 , 0.10896278 , 10.228881 , 0.018637516 , -0.010650008 , -0.9997695
244141  , -0.19068487 , 0.10896278 , 10.269742 , 0.018563394 , -0.010607653 , -0.9997713
1037598  , -0.19068487 , 0.10896278 , 10.269742 , 0.018563395 , -0.010607654 , -0.9997714
244141  , -0.23154591 , 0.10896278 , 10.269742 , 0.02253943 , -0.01060679 , -0.9996899
29785156  , -0.23154591 , 0.10896278 , 10.269742 , 0.022539428 , -0.010606788 , -0.9996898
213623  , -0.19068487 , 0.14982383 , 10.18802 , 0.01871128 , -0.01470172 , -0.999717
28930664  , -0.19068487 , 0.14982383 , 10.18802 , 0.018711282 , -0.01470172 , -0.999717
213623  , -0.19068487 , 0.14982383 , 10.228881 , 0.018636575 , -0.014643023 , -0.9997191
29785156  , -0.19068487 , 0.14982383 , 10.228881 , 0.018636571 , -0.014643025 , -0.9997191
305176  , -0.14982383 , 0.14982383 , 10.269742 , 0.014585757 , -0.014585758 , -0.9997874
29571533  , -0.14982383 , 0.14982383 , 10.269742 , 0.014585757 , -0.014585757 , -0.99978733
335693  , -0.19068487 , 0.10896278 , 10.310603 , 0.018489862 , -0.010565637 , -0.9997733
29968261  , -0.19068487 , 0.10896278 , 10.310603 , 0.018489858 , -0.010565634 , -0.9997731
427246  , -0.14982383 , 0.14982383 , 10.337844 , 0.014489711 , -0.014489711 , -0.99979
39215087  , -0.14982383 , 0.14982383 , 10.337844 , 0.01448971 , -0.01448971 , -0.99978995
488281  , -0.19068487 , 0.14982383 , 10.337844 , 0.018440256 , -0.01448877 , -0.99972516
38543700  , -0.19068487 , 0.14982383 , 10.337844 , 0.018440252 , -0.014488769 , -0.999725
518799  , -0.19068487 , 0.14982383 , 10.310603 , 0.018488945 , -0.0145270275 , -0.99972355
38879392  , -0.19068487 , 0.14982383 , 10.310603 , 0.018488944 , -0.014527026 , -0.9997236
457763  , -0.19068487 , 0.14982383 , 10.269742 , 0.018562466 , -0.014584793 , -0.9997213
38818360  , -0.19068487 , 0.14982383 , 10.269742 , 0.018562462 , -0.014584792 , -0.99972117
793457  , -0.19068487 , 0.14982383 , 10.337844 , 0.01844025 , -0.014488767 , -0.9997249
39001466  , -0.19068487 , 0.14982383 , 10.337844 , 0.018440252 , -0.014488769 , -0.999725
488281  , -0.14982383 , 0.14982383 , 10.269742 , 0.0145857595 , -0.014585758 , -0.99978733
38635256  , -0.14982383 , 0.14982383 , 10.269742 , 0.0145857595 , -0.01458576 , -0.9997875
40802003  , -0.14982383 , 0.14982383 , 10.269742 , 0.014585758 , -0.014585758 , -0.9997873
732422  , -0.23154591 , 0.10896278 , 10.269742 , 0.022539424 , -0.010606788 , -0.99968976
38879395  , -0.23154591 , 0.10896278 , 10.269742 , 0.022539426 , -0.010606789 , -0.99968976
213623  , -0.14982383 , 0.14982383 , 10.310603 , 0.014527977 , -0.014527977 , -0.99978894
38391113  , -0.14982383 , 0.14982383 , 10.310603 , 0.0145279765 , -0.0145279765 , -0.9997889
305176  , -0.19068487 , 0.14982383 , 10.269742 , 0.018562466 , -0.014584796 , -0.99972147
39611817  , -0.19068487 , 0.14982383 , 10.269742 , 0.018562466 , -0.014584796 , -0.99972135
427246  , -0.19068487 , 0.14982383 , 10.310603 , 0.018488942 , -0.014527025 , -0.9997235
38513183  , -0.19068487 , 0.14982383 , 10.310603 , 0.018488944 , -0.0145270275 , -0.9997237
40344237  , -0.19068487 , 0.14982383 , 10.310603 , 0.018488944 , -0.014527026 , -0.9997235
39978026  , -0.19068487 , 0.14982383 , 10.310603 , 0.01848894 , -0.014527026 , -0.99972343
701904  , -0.19068487 , 0.14982383 , 10.269742 , 0.018562462 , -0.014584792 , -0.99972117
39215087  , -0.19068487 , 0.14982383 , 10.269742 , 0.018562466 , -0.014584795 , -0.9997214
213623  , -0.19068487 , 0.19068487 , 10.269742 , 0.018561244 , -0.018561242 , -0.9996555
36682128  , -0.19068487 , 0.19068487 , 10.269742 , 0.018561242 , -0.018561242 , -0.9996555
335693  , -0.19068487 , 0.10896278 , 10.269742 , 0.018563392 , -0.010607654 , -0.9997713
28656005  , -0.19068487 , 0.10896278 , 10.269742 , 0.018563395 , -0.010607652 , -0.9997713
335693  , -0.19068487 , 0.19068487 , 10.269742 , 0.018561246 , -0.018561244 , -0.9996556
29296876  , -0.19068487 , 0.19068487 , 10.269742 , 0.01856124 , -0.01856124 , -0.99965537
335693  , -0.19068487 , 0.14982383 , 10.269742 , 0.018562462 , -0.014584793 , -0.9997212
62744143  , -0.19068487 , 0.14982383 , 10.269742 , 0.018562468 , -0.014584796 , -0.9997214
244140  , -0.23154591 , 0.313268 , 10.310603 , 0.022441057 , -0.03036143 , -0.999287
244141  , -0.23154591 , 0.313268 , 10.310603 , 0.022441056 , -0.030361429 , -0.999287
244140  , -0.27240697 , 0.38136974 , 10.337844 , 0.026323427 , -0.0368528 , -0.998974
26245118  , -0.27240697 , 0.38136974 , 10.337844 , 0.026323428 , -0.036852796 , -0.998974
213623  , -0.23154591 , 0.14982383 , 10.310603 , 0.022449037 , -0.014525851 , -0.9996425
28289796  , -0.23154591 , 0.14982383 , 10.310603 , 0.022449037 , -0.014525848 , -0.99964243
213623  , -0.23154591 , 0.19068487 , 10.337844 , 0.02238847 , -0.018437563 , -0.99957925
29663087  , -0.23154591 , 0.19068487 , 10.337844 , 0.022388471 , -0.018437564 , -0.9995793
213623  , -0.23154591 , 0.19068487 , 10.310603 , 0.022447571 , -0.018486237 , -0.9995771
30609132  , -0.23154591 , 0.19068487 , 10.310603 , 0.022447575 , -0.018486235 , -0.99957716
396729  , -0.19068487 , 0.14982383 , 10.269742 , 0.018562466 , -0.014584795 , -0.9997213
38818359  , -0.19068487 , 0.14982383 , 10.269742 , 0.018562466 , -0.014584793 , -0.9997212
457764  , -0.19068487 , 0.19068487 , 10.269742 , 0.018561238 , -0.01856124 , -0.99965537
39062500  , -0.19068487 , 0.19068487 , 10.269742 , 0.01856124 , -0.01856124 , -0.9996553
488281  , -0.14982383 , 0.14982383 , 10.310603 , 0.014527977 , -0.014527977 , -0.99978894
39093017  , -0.14982383 , 0.14982383 , 10.310603 , 0.014527977 , -0.014527977 , -0.999789
518798  , -0.19068487 , 0.14982383 , 10.269742 , 0.018562466 , -0.014584795 , -0.9997213
38604735  , -0.19068487 , 0.14982383 , 10.269742 , 0.018562466 , -0.014584795 , -0.9997213
488282  , -0.19068487 , 0.14982383 , 10.337844 , 0.018440252 , -0.01448877 , -0.99972504
39123534  , -0.19068487 , 0.14982383 , 10.337844 , 0.01844025 , -0.014488769 , -0.99972504
488282  , -0.19068487 , 0.10896278 , 10.269742 , 0.018563397 , -0.010607655 , -0.9997715
39123534  , -0.19068487 , 0.10896278 , 10.269742 , 0.018563397 , -0.010607654 , -0.9997715
488281  , -0.19068487 , 0.14982383 , 10.228881 , 0.018636573 , -0.014643022 , -0.99971896
38909911  , -0.19068487 , 0.14982383 , 10.228881 , 0.018636571 , -0.014643023 , -0.99971896
488281  , -0.23154591 , 0.14982383 , 10.310603 , 0.022449039 , -0.01452585 , -0.99964255
38970949  , -0.23154591 , 0.14982383 , 10.310603 , 0.022449035 , -0.014525848 , -0.9996424
488282  , -0.14982383 , 0.19068487 , 10.269742 , 0.014584796 , -0.018562468 , -0.9997214
39245607  , -0.14982383 , 0.19068487 , 10.269742 , 0.014584795 , -0.018562464 , -0.9997213
488281  , -0.19068487 , 0.14982383 , 10.228881 , 0.018636575 , -0.014643025 , -0.99971914
38879396  , -0.19068487 , 0.14982383 , 10.228881 , 0.018636579 , -0.0146430265 , -0.99971926
457764  , -0.19068487 , 0.10896278 , 10.310603 , 0.018489864 , -0.010565636 , -0.9997732
39062501  , -0.19068487 , 0.10896278 , 10.310603 , 0.018489858 , -0.010565634 , -0.999773
610352  , -0.19068487 , 0.14982383 , 10.269742 , 0.018562462 , -0.014584793 , -0.99972117
38726807  , -0.19068487 , 0.14982383 , 10.269742 , 0.018562464 , -0.014584794 , -0.9997212
488281  , -0.14982383 , 0.14982383 , 10.228881 , 0.014643999 , -0.014644 , -0.9997857
39154053  , -0.14982383 , 0.14982383 , 10.228881 , 0.014643996 , -0.014643996 , -0.9997855
488281  , -0.19068487 , 0.19068487 , 10.269742 , 0.018561237 , -0.018561238 , -0.9996553
38848877  , -0.19068487 , 0.19068487 , 10.269742 , 0.018561238 , -0.01856124 , -0.99965537
488281  , -0.19068487 , 0.14982383 , 10.337844 , 0.018440252 , -0.014488771 , -0.9997251
39123535  , -0.19068487 , 0.14982383 , 10.337844 , 0.018440252 , -0.014488771 , -0.99972516
549317  , -0.14982383 , 0.19068487 , 10.269742 , 0.014584794 , -0.018562464 , -0.9997214
38696289  , -0.14982383 , 0.19068487 , 10.269742 , 0.014584795 , -0.018562464 , -0.9997213
518799  , -0.14982383 , 0.19068487 , 10.310603 , 0.014527028 , -0.018488944 , -0.9997236
63110350  , -0.14982383 , 0.19068487 , 10.310603 , 0.0145270275 , -0.018488944 , -0.99972355
244140  , -0.19068487 , 0.14982383 , 10.269742 , 0.018562462 , -0.014584792 , -0.99972117
4577637  , -0.19068487 , 0.14982383 , 10.269742 , 0.018562464 , -0.014584794 , -0.9997213
305175  , -0.23154591 , 0.14982383 , 10.228881 , 0.022628259 , -0.014641816 , -0.9996366
38818358  , -0.23154591 , 0.14982383 , 10.228881 , 0.022628263 , -0.014641818 , -0.99963677
213623  , -0.23154591 , 0.14982383 , 10.310603 , 0.022449039 , -0.0145258475 , -0.99964243
29479980  , -0.23154591 , 0.14982383 , 10.310603 , 0.022449037 , -0.0145258475 , -0.9996423
274658  , -0.19068487 , 0.14982383 , 10.310603 , 0.018488944 , -0.014527026 , -0.99972355
29724123  , -0.19068487 , 0.14982383 , 10.310603 , 0.018488944 , -0.014527027 , -0.9997236
305176  , -0.19068487 , 0.10896278 , 10.269742 , 0.018563392 , -0.010607653 , -0.9997713
39794923  , -0.19068487 , 0.10896278 , 10.269742 , 0.018563397 , -0.010607655 , -0.9997715
427247  , -0.19068487 , 0.14982383 , 10.310603 , 0.018488944 , -0.014527027 , -0.99972355
39031983  , -0.19068487 , 0.14982383 , 10.310603 , 0.018488942 , -0.014527025 , -0.9997235
518798  , -0.19068487 , 0.14982383 , 10.269742 , 0.018562466 , -0.014584793 , -0.9997212
38787842  , -0.19068487 , 0.14982383 , 10.269742 , 0.018562466 , -0.014584792 , -0.9997212
30792237  , -0.19068487 , 0.14982383 , 10.269742 , 0.018562466 , -0.014584792 , -0.99972117
732422  , -0.19068487 , 0.19068487 , 10.310603 , 0.018487738 , -0.018487737 , -0.9996582
39245605  , -0.19068487 , 0.19068487 , 10.310603 , 0.018487731 , -0.018487733 , -0.99965805
244140  , -0.14982383 , 0.10896278 , 10.269742 , 0.014586486 , -0.010608353 , -0.9998372
38452148  , -0.14982383 , 0.10896278 , 10.269742 , 0.014586489 , -0.0106083555 , -0.9998374
335693  , -0.19068487 , 0.14982383 , 10.269742 , 0.018562464 , -0.014584793 , -0.9997212
39215088  , -0.19068487 , 0.14982383 , 10.269742 , 0.018562464 , -0.014584795 , -0.99972135
396728  , -0.23154591 , 0.38136974 , 10.269742 , 0.022525173 , -0.03710029 , -0.9990577
38940429  , -0.23154591 , 0.38136974 , 10.269742 , 0.022525173 , -0.037100285 , -0.9990576
488281  , -0.23154591 , 0.313268 , 10.228881 , 0.02262009 , -0.03060365 , -0.9992756
38970947  , -0.23154591 , 0.313268 , 10.228881 , 0.02262009 , -0.03060365 , -0.9992756
488281  , -0.14982383 , 0.10896278 , 10.269742 , 0.014586485 , -0.010608354 , -0.99983716
38909911  , -0.14982383 , 0.10896278 , 10.269742 , 0.01458649 , -0.0106083555 , -0.99983746
488281  , -0.14982383 , 0.19068487 , 10.269742 , 0.014584794 , -0.018562464 , -0.9997213
39031981  , -0.14982383 , 0.19068487 , 10.269742 , 0.014584794 , -0.018562462 , -0.9997212
488281  , -0.29964766 , 0.53119355 , 10.269742 , 0.029126406 , -0.05163317 , -0.9982413
38787840  , -0.29964766 , 0.53119355 , 10.269742 , 0.029126402 , -0.051633168 , -0.99824125
244141  , -0.27240697 , 0.61291564 , 10.310603 , 0.026364356 , -0.059319798 , -0.99789083
29022217  , -0.27240697 , 0.61291564 , 10.310603 , 0.02636436 , -0.059319794 , -0.99789083
213623  , -0.27240697 , 0.6537767 , 10.337844 , 0.026288837 , -0.0630932 , -0.9976613
29541017  , -0.27240697 , 0.6537767 , 10.337844 , 0.026288835 , -0.0630932 , -0.9976613
213623  , -0.23154591 , 0.3405087 , 10.269742 , 0.022528319 , -0.03312988 , -0.9991972
29418946  , -0.23154591 , 0.3405087 , 10.269742 , 0.022528317 , -0.033129875 , -0.999197
213623  , -0.23154591 , 0.27240697 , 10.269742 , 0.02253277 , -0.02650914 , -0.9993946
30700685  , -0.23154591 , 0.27240697 , 10.269742 , 0.022532769 , -0.02650914 , -0.99939454
366211  , -0.23154591 , 0.23154591 , 10.337844 , 0.02238666 , -0.02238666 , -0.99949855
39306641  , -0.23154591 , 0.23154591 , 10.337844 , 0.022386666 , -0.022386666 , -0.9994988
457763  , -0.19068487 , 0.14982383 , 10.269742 , 0.018562466 , -0.014584795 , -0.99972135
38818360  , -0.19068487 , 0.14982383 , 10.269742 , 0.018562462 , -0.014584795 , -0.9997213
50415039  , -0.23154591 , 0.313268 , 10.337844 , 0.022382008 , -0.030281542 , -0.99929076
305176  , -0.23154591 , 0.313268 , 10.337844 , 0.02238201 , -0.030281542 , -0.9992909
244141  , -0.23154591 , 0.23154591 , 10.337844 , 0.022386665 , -0.022386663 , -0.99949867
7720948  , -0.23154591 , 0.23154591 , 10.337844 , 0.022386665 , -0.022386666 , -0.9994987
274658  , -0.23154591 , 0.14982383 , 10.269742 , 0.022538295 , -0.0145836035 , -0.99963963
38330078  , -0.23154591 , 0.14982383 , 10.269742 , 0.022538291 , -0.0145836035 , -0.99963963
213623  , -0.23154591 , 0.50395286 , 10.269742 , 0.022513613 , -0.049000215 , -0.99854493
29815674  , -0.23154591 , 0.50395286 , 10.269742 , 0.022513617 , -0.049000226 , -0.9985451
305176  , -0.23154591 , 0.42223078 , 10.310603 , 0.022432612 , -0.04090653 , -0.998911
30487060  , -0.23154591 , 0.42223078 , 10.310603 , 0.022432612 , -0.04090653 , -0.998911
488281  , -0.19068487 , 0.10896278 , 10.310603 , 0.018489862 , -0.010565634 , -0.9997731
38574218  , -0.19068487 , 0.10896278 , 10.310603 , 0.018489862 , -0.010565636 , -0.99977326
488282  , -0.14982383 , 0.14982383 , 10.310603 , 0.014527978 , -0.014527977 , -0.999789
39184569  , -0.14982383 , 0.14982383 , 10.310603 , 0.014527978 , -0.0145279765 , -0.99978906
488281  , -0.19068487 , 0.14982383 , 10.310603 , 0.018488944 , -0.014527027 , -0.9997235
39733886  , -0.19068487 , 0.14982383 , 10.310603 , 0.018488944 , -0.014527029 , -0.9997237
1556396  , -0.19068487 , 0.14982383 , 10.337844 , 0.018440252 , -0.014488771 , -0.99972516
36132813  , -0.19068487 , 0.14982383 , 10.337844 , 0.018440254 , -0.01448877 , -0.9997251
213623  , -0.19068487 , 0.14982383 , 10.310603 , 0.018488944 , -0.014527027 , -0.99972355
38665774  , -0.19068487 , 0.14982383 , 10.310603 , 0.018488938 , -0.014527025 , -0.99972343
213623  , -0.19068487 , 0.14982383 , 10.269742 , 0.018562462 , -0.014584792 , -0.99972117
29174806  , -0.19068487 , 0.14982383 , 10.269742 , 0.01856247 , -0.0145847965 , -0.99972147
213623  , -0.19068487 , 0.14982383 , 10.310603 , 0.018488942 , -0.014527024 , -0.9997234
29785157  , -0.19068487 , 0.14982383 , 10.310603 , 0.018488945 , -0.014527027 , -0.99972355
305176  , -0.14982383 , 0.14982383 , 10.269742 , 0.014585759 , -0.014585758 , -0.99978745
29479981  , -0.14982383 , 0.14982383 , 10.269742 , 0.014585758 , -0.014585757 , -0.9997873
335694  , -0.14982383 , 0.14982383 , 10.228881 , 0.014643999 , -0.014643999 , -0.99978566
30151368  , -0.14982383 , 0.14982383 , 10.228881 , 0.014643999 , -0.014643999 , -0.99978566
396728  , -0.19068487 , 0.14982383 , 10.310603 , 0.01848894 , -0.014527025 , -0.9997235
38818360  , -0.19068487 , 0.14982383 , 10.310603 , 0.018488938 , -0.014527025 , -0.99972343
488281  , -0.19068487 , 0.10896278 , 10.310603 , 0.018489862 , -0.010565635 , -0.99977314
38940430  , -0.19068487 , 0.10896278 , 10.310603 , 0.018489858 , -0.010565634 , -0.9997731
457763  , -0.19068487 , 0.14982383 , 10.228881 , 0.018636577 , -0.014643024 , -0.9997191
39184570  , -0.19068487 , 0.14982383 , 10.228881 , 0.018636575 , -0.014643025 , -0.99971914
518799  , -0.14982383 , 0.19068487 , 10.310603 , 0.0145270275 , -0.018488945 , -0.99972355
38848877  , -0.14982383 , 0.19068487 , 10.310603 , 0.0145270275 , -0.018488945 , -0.9997236
457764  , -0.19068487 , 0.14982383 , 10.228881 , 0.018636577 , -0.014643025 , -0.9997191
39062499  , -0.19068487 , 0.14982383 , 10.228881 , 0.018636575 , -0.014643024 , -0.999719
488281  , -0.19068487 , 0.10896278 , 10.269742 , 0.018563394 , -0.010607652 , -0.9997713
38818358  , -0.19068487 , 0.10896278 , 10.269742 , 0.0185634 , -0.010607655 , -0.9997715
457764  , -0.19068487 , 0.14982383 , 10.269742 , 0.018562468 , -0.014584794 , -0.99972135
39276122  , -0.19068487 , 0.14982383 , 10.269742 , 0.018562466 , -0.014584795 , -0.9997214
488281  , -0.23154591 , 0.14982383 , 10.310603 , 0.022449039 , -0.014525848 , -0.99964243
38787840  , -0.23154591 , 0.14982383 , 10.310603 , 0.022449039 , -0.014525849 , -0.9996425
549316  , -0.14982383 , 0.14982383 , 10.228881 , 0.014643999 , -0.014643998 , -0.9997856
58471681  , -0.14982383 , 0.14982383 , 10.228881 , 0.014643998 , -0.014643998 , -0.99978554
274658  , -0.23154591 , 0.10896278 , 10.228881 , 0.022629408 , -0.010649133 , -0.99968725
9521485  , -0.23154591 , 0.10896278 , 10.228881 , 0.022629404 , -0.010649131 , -0.99968714
213623  , -0.19068487 , 0.10896278 , 10.310603 , 0.018489862 , -0.010565635 , -0.99977314
38696291  , -0.19068487 , 0.10896278 , 10.310603 , 0.018489862 , -0.010565635 , -0.9997732
213623  , -0.14982383 , 0.14982383 , 10.310603 , 0.014527977 , -0.0145279765 , -0.9997889
29632569  , -0.14982383 , 0.14982383 , 10.310603 , 0.014527976 , -0.014527975 , -0.9997888
274658  , -0.19068487 , 0.10896278 , 10.269742 , 0.018563397 , -0.010607654 , -0.9997715
29663086  , -0.19068487 , 0.10896278 , 10.269742 , 0.018563394 , -0.010607654 , -0.9997715
305175  , -0.19068487 , 0.14982383 , 10.269742 , 0.018562466 , -0.014584795 , -0.99972135
30059815  , -0.19068487 , 0.14982383 , 10.269742 , 0.018562464 , -0.014584794 , -0.9997213
427246  , -0.19068487 , 0.14982383 , 10.310603 , 0.018488942 , -0.014527027 , -0.9997237
38970948  , -0.19068487 , 0.14982383 , 10.310603 , 0.018488942 , -0.014527025 , -0.99972343
488281  , -0.19068487 , 0.10896278 , 10.269742 , 0.018563397 , -0.010607654 , -0.9997715
38848877  , -0.19068487 , 0.10896278 , 10.269742 , 0.018563394 , -0.010607653 , -0.99977136
488281  , -0.23154591 , 0.10896278 , 10.269742 , 0.022539426 , -0.010606789 , -0.9996899
39001464  , -0.23154591 , 0.10896278 , 10.269742 , 0.022539426 , -0.010606788 , -0.99968976
518799  , -0.14982383 , 0.10896278 , 10.269742 , 0.0145864915 , -0.010608356 , -0.9998377
38879394  , -0.14982383 , 0.10896278 , 10.269742 , 0.014586488 , -0.0106083555 , -0.99983746
457764  , -0.27240697 , 0.42223078 , 10.310603 , 0.026388764 , -0.04090258 , -0.99881464
39520263  , -0.27240697 , 0.42223078 , 10.310603 , 0.026388763 , -0.040902585 , -0.9988145
518798  , -0.19068487 , 0.10896278 , 10.269742 , 0.018563397 , -0.010607654 , -0.9997714
38574218  , -0.19068487 , 0.10896278 , 10.269742 , 0.018563395 , -0.010607655 , -0.9997715
488281  , -0.19068487 , 0.14982383 , 10.269742 , 0.018562466 , -0.014584793 , -0.9997213
38513182  , -0.19068487 , 0.14982383 , 10.269742 , 0.018562462 , -0.014584793 , -0.99972117
29724121  , -0.19068487 , 0.14982383 , 10.269742 , 0.018562462 , -0.014584791 , -0.99972117
29937745  , -0.19068487 , 0.14982383 , 10.269742 , 0.018562462 , -0.014584794 , -0.9997212
457764  , -0.19068487 , 0.19068487 , 10.310603 , 0.018487733 , -0.018487733 , -0.9996581
39031984  , -0.19068487 , 0.19068487 , 10.310603 , 0.018487735 , -0.018487737 , -0.99965817
488281  , -0.23154591 , 0.3405087 , 10.310603 , 0.02243918 , -0.032998797 , -0.99920344
39245606  , -0.23154591 , 0.3405087 , 10.310603 , 0.022439176 , -0.03299879 , -0.99920344
488281  , -0.19068487 , 0.14982383 , 10.310603 , 0.018488947 , -0.0145270275 , -0.9997236
38879395  , -0.19068487 , 0.14982383 , 10.310603 , 0.01848894 , -0.014527026 , -0.99972355
488281  , -0.23154591 , 0.10896278 , 10.310603 , 0.02245015 , -0.010564779 , -0.99969214
39062501  , -0.23154591 , 0.10896278 , 10.310603 , 0.02245015 , -0.010564777 , -0.9996921
488281  , -0.19068487 , 0.19068487 , 10.310603 , 0.018487735 , -0.018487733 , -0.9996581
38848877  , -0.19068487 , 0.19068487 , 10.310603 , 0.018487733 , -0.018487735 , -0.99965805
488281  , -0.19068487 , 0.10896278 , 10.269742 , 0.018563394 , -0.010607653 , -0.99977136
39154053  , -0.19068487 , 0.10896278 , 10.269742 , 0.018563394 , -0.010607653 , -0.99977136
488281  , -0.19068487 , 0.14982383 , 10.337844 , 0.01844025 , -0.014488768 , -0.999725
38635254  , -0.19068487 , 0.14982383 , 10.337844 , 0.018440252 , -0.01448877 , -0.9997251
762940  , -0.19068487 , 0.14982383 , 10.269742 , 0.018562466 , -0.014584794 , -0.99972135
39062499  , -0.19068487 , 0.14982383 , 10.269742 , 0.018562466 , -0.014584794 , -0.9997212
457764  , -0.14982383 , 0.14982383 , 10.228881 , 0.014643997 , -0.014643998 , -0.99978554
72998045  , -0.14982383 , 0.14982383 , 10.228881 , 0.014643998 , -0.014643998 , -0.9997856
274658  , -0.19068487 , 0.14982383 , 10.228881 , 0.018636577 , -0.014643022 , -0.99971896
244141  , -0.19068487 , 0.14982383 , 10.228881 , 0.018636577 , -0.014643024 , -0.99971914
244140  , -0.23154591 , 0.313268 , 10.269742 , 0.022530217 , -0.030482057 , -0.9992814
24230956  , -0.23154591 , 0.313268 , 10.269742 , 0.022530219 , -0.030482061 , -0.99928147
29754638  , -0.23154591 , 0.313268 , 10.269742 , 0.022530224 , -0.030482065 , -0.9992816
244141  , -0.19068487 , 0.14982383 , 10.269742 , 0.018562464 , -0.014584793 , -0.9997212
29418945  , -0.19068487 , 0.14982383 , 10.269742 , 0.018562464 , -0.014584793 , -0.9997213
274658  , -0.19068487 , 0.14982383 , 10.310603 , 0.018488942 , -0.014527025 , -0.99972343
29724123  , -0.19068487 , 0.14982383 , 10.310603 , 0.018488944 , -0.014527027 , -0.99972355
31311036  , -0.19068487 , 0.14982383 , 10.310603 , 0.018488942 , -0.014527025 , -0.9997234
732422  , -0.19068487 , 0.14982383 , 10.269742 , 0.018562468 , -0.014584795 , -0.9997212
38452149  , -0.19068487 , 0.14982383 , 10.269742 , 0.018562466 , -0.014584794 , -0.9997213
823974  , -0.23154591 , 0.10896278 , 10.269742 , 0.022539426 , -0.010606789 , -0.9996898
37933351  , -0.23154591 , 0.10896278 , 10.269742 , 0.02253942 , -0.010606787 , -0.9996897
335694  , -0.19068487 , 0.14982383 , 10.337844 , 0.018440248 , -0.014488766 , -0.99972486
39581299  , -0.19068487 , 0.14982383 , 10.337844 , 0.01844025 , -0.01448877 , -0.99972504
457764  , -0.19068487 , 0.14982383 , 10.269742 , 0.018562462 , -0.014584792 , -0.99972117
39184570  , -0.19068487 , 0.14982383 , 10.269742 , 0.018562464 , -0.014584795 , -0.9997213
244141  , -0.19068487 , 0.14982383 , 10.228881 , 0.018636579 , -0.014643026 , -0.9997192
28625489  , -0.19068487 , 0.14982383 , 10.228881 , 0.018636573 , -0.014643022 , -0.999719
213623  , -0.23154591 , 0.10896278 , 10.269742 , 0.022539422 , -0.010606787 , -0.99968964
29388428  , -0.23154591 , 0.10896278 , 10.269742 , 0.02253943 , -0.010606789 , -0.99968994
244140  , -0.19068487 , 0.10896278 , 10.310603 , 0.018489858 , -0.010565633 , -0.9997731
29602050  , -0.19068487 , 0.10896278 , 10.310603 , 0.018489858 , -0.010565634 , -0.999773
305175  , -0.14982383 , 0.10896278 , 10.310603 , 0.0145287 , -0.010566326 , -0.9998386
30212402  , -0.14982383 , 0.10896278 , 10.310603 , 0.014528697 , -0.010566324 , -0.9998384
396728  , -0.14982383 , 0.14982383 , 10.310603 , 0.014527976 , -0.014527975 , -0.9997888
39154052  , -0.14982383 , 0.14982383 , 10.310603 , 0.0145279765 , -0.014527976 , -0.99978894
518798  , -0.19068487 , 0.19068487 , 10.269742 , 0.01856124 , -0.01856124 , -0.99965537
38574217  , -0.19068487 , 0.19068487 , 10.269742 , 0.018561242 , -0.018561244 , -0.9996555
488282  , -0.19068487 , 0.14982383 , 10.269742 , 0.01856247 , -0.0145847965 , -0.99972147
39062499  , -0.19068487 , 0.14982383 , 10.269742 , 0.018562466 , -0.014584791 , -0.99972117
488282  , -0.14982383 , 0.14982383 , 10.310603 , 0.01452798 , -0.014527979 , -0.9997891
38940430  , -0.14982383 , 0.14982383 , 10.310603 , 0.0145279765 , -0.0145279765 , -0.9997889
488281  , -0.19068487 , 0.19068487 , 10.310603 , 0.01848773 , -0.018487731 , -0.999658
44158937  , -0.19068487 , 0.19068487 , 10.310603 , 0.018487735 , -0.018487737 , -0.9996582
213623  , -0.10896278 , 0.5720546 , 10.038197 , 0.010836597 , -0.056892138 , -0.99832153
34088136  , -0.10896278 , 0.5720546 , 10.038197 , 0.010836598 , -0.05689214 , -0.99832165
274659  , -0.14982383 , -0.08172209 , 10.228881 , 0.014645099 , 0.007988235 , -0.99986076
40130617  , -0.14982383 , -0.08172209 , 10.228881 , 0.014645101 , 0.007988237 , -0.9998609
366211  , -0.23154591 , -0.10896278 , 10.460427 , 0.022128792 , 0.01041355 , -0.9997008
48583985  , -0.23154591 , -0.10896278 , 10.460427 , 0.022128792 , 0.010413549 , -0.9997007
366211  , 0.10896278 , 0.10896278 , 10.501288 , -0.010375019 , -0.01037502 , -0.9998925
