59570311  , 0.53119355 , 9.656827 , 2.1792557    , 0.0 , 0.0 , -1.0    ,-20.375 , -39.875 , -1.5625
45532229  , 0.53119355 , 9.997335 , 2.1792557    , 0.0 , 0.0 , -1.0    ,-20.375 , -39.875 , -1.5625
213623  , 0.53119355 , 9.997335 , 2.1792557    , 0.0 , 0.0 , -1.0    ,-20.625 , -40.375 , -1.125
183106  , 0.50395286 , 9.724928 , 2.1792557    , 0.0 , 0.0 , -1.0    ,-20.625 , -40.375 , -1.125
31250001  , 0.50395286 , 9.724928 , 2.1792557    , 0.0 , 0.0 , -1.0    ,-20.625 , -40.625 , -1.5625
3265380  , 0.42223078 , 9.888372 , 2.0294318    , 0.0 , 0.0 , -1.0    ,-20.625 , -40.625 , -1.5625
22521973  , 0.42223078 , 9.888372 , 2.0294318    , 0.0 , 0.0 , -1.0    ,-20.625 , -40.375 , -1.375
4364014  , 0.313268 , 10.228881 , 2.2609777    , 0.0 , 0.0 , -1.0    ,-20.625 , -40.375 , -1.375
24871826  , 0.313268 , 10.228881 , 2.2609777    , 0.0 , 0.0 , -1.0    ,-20.625 , -40.125 , -1.125
183105  , 0.3405087 , 9.956474 , 2.3426998    , 0.0 , 0.0 , -1.0    ,-20.625 , -40.125 , -1.125
26733400  , 0.3405087 , 9.956474 , 2.3426998    , 0.0 , 0.0 , -1.0    ,-20.375 , -39.625 , -1.375
183106  , 0.38136974 , 9.765789 , 2.2201166    , 0.0 , 0.0 , -1.0    ,-20.375 , -39.625 , -1.375
23742676  , 0.38136974 , 9.765789 , 2.2201166    , 0.0 , 0.0 , -1.0    ,-20.375 , -39.375 , -1.125
213623  , 0.38136974 , 9.997335 , 2.3018389    , 0.0 , 0.0 , -1.0    ,-20.375 , -39.375 , -1.125
27435303  , 0.38136974 , 9.997335 , 2.3018389    , 0.0 , 0.0 , -1.0    ,-20.625 , -39.1875 , -1.375
183106  , 0.50395286 , 9.997335 , 2.4925237    , 0.0 , 0.0 , -1.0    ,-20.625 , -39.1875 , -1.375
41168213  , 0.50395286 , 9.997335 , 2.4925237    , 0.0 , 0.0 , -1.0    ,-20.875 , -38.9375 , -1.8125
183106  , 0.46309182 , 10.269742 , 2.3699405    , 0.0 , 0.0 , -1.0    ,-20.875 , -38.9375 , -1.8125
26489258  , 0.46309182 , 10.269742 , 2.3699405    , 0.0 , 0.0 , -1.0    ,-20.875 , -39.1875 , -2.0625
183105  , 0.50395286 , 10.228881 , 2.3426998    , 0.0 , 0.0 , -1.0    ,-20.875 , -39.1875 , -2.0625
40252685  , 0.50395286 , 10.228881 , 2.3426998    , 0.0 , 0.0 , -1.0    ,-20.625 , -39.625 , -2.3125
213623  , 0.50395286 , 9.888372 , 2.3018389    , 0.0 , 0.0 , -1.0    ,-20.625 , -39.625 , -2.3125
45104980  , 0.50395286 , 9.888372 , 2.3018389    , 0.0 , 0.0 , -1.0    ,-20.625 , -40.125 , -1.8125
183105  , 0.42223078 , 9.724928 , 2.070293    , 0.0 , 0.0 , -1.0    ,-20.625 , -40.125 , -1.8125
26428221  , 0.42223078 , 9.724928 , 2.070293    , 0.0 , 0.0 , -1.0    ,-19.875 , -40.125 , -1.8125
4180908  , 0.46309182 , 9.697687 , 2.152015    , 0.0 , 0.0 , -1.0    ,-19.875 , -40.125 , -1.8125
22338866  , 0.46309182 , 9.697687 , 2.152015    , 0.0 , 0.0 , -1.0    ,-19.875 , -39.875 , -1.5625
213623  , 0.42223078 , 9.697687 , 2.2609777    , 0.0 , 0.0 , -1.0    ,-19.875 , -39.875 , -1.5625
20629882  , 0.42223078 , 9.697687 , 2.2609777    , 0.0 , 0.0 , -1.0    ,-19.875 , -39.625 , -1.5625
213623  , 0.38136974 , 9.656827 , 2.2609777    , 0.0 , 0.0 , -1.0    ,-19.875 , -39.625 , -1.5625
20843504  , 0.38136974 , 9.656827 , 2.2609777    , 0.0 , 0.0 , -1.0    ,-19.875 , -39.375 , -2.5625
213623  , 0.23154591 , 9.80665 , 2.2609777    , 0.0 , 0.0 , -1.0    ,-19.875 , -39.375 , -2.5625
33081053  , 0.23154591 , 9.80665 , 2.2609777    , 0.0 , 0.0 , -1.0    ,-20.125 , -39.875 , -2.5625
183105  , 0.3405087 , 9.615966 , 2.3426998    , 0.0 , 0.0 , -1.0    ,-20.125 , -39.875 , -2.5625
30578615  , 0.3405087 , 9.615966 , 2.3426998    , 0.0 , 0.0 , -1.0    ,-20.125 , -40.125 , -2.8125
183106  , 0.27240697 , 9.765789 , 2.2201166    , 0.0 , 0.0 , -1.0    ,-20.125 , -40.125 , -2.8125
16845704  , 0.27240697 , 9.765789 , 2.2201166    , 0.0 , 0.0 , -1.0    ,-20.125 , -40.125 , -2.3125
213623  , 0.38136974 , 9.80665 , 2.4108016    , 0.0 , 0.0 , -1.0    ,-20.125 , -40.125 , -2.3125
32318117  , 0.38136974 , 9.80665 , 2.4108016    , 0.0 , 0.0 , -1.0    ,-19.625 , -40.375 , -1.8125
213623  , 0.3405087 , 9.724928 , 2.3426998    , 0.0 , 0.0 , -1.0    ,-19.625 , -40.375 , -1.8125
32623292  , 0.3405087 , 9.724928 , 2.3426998    , 0.0 , 0.0 , -1.0    ,-20.125 , -39.875 , -2.3125
183106  , 0.27240697 , 9.765789 , 2.3018389    , 0.0 , 0.0 , -1.0    ,-20.125 , -39.875 , -2.3125
20507813  , 0.27240697 , 9.765789 , 2.3018389    , 0.0 , 0.0 , -1.0    ,-20.375 , -39.875 , -2.5625
335693  , 0.10896278 , 9.888372 , 2.4108016    , 0.0 , 0.0 , -1.0    ,-20.375 , -39.875 , -2.5625
17425537  , 0.10896278 , 9.888372 , 2.4108016    , 0.0 , 0.0 , -1.0    ,-20.375 , -40.125 , -2.8125
3875732  , 0.08172209 , 9.724928 , 2.3018389    , 0.0 , 0.0 , -1.0    ,-20.375 , -40.125 , -2.8125
4364014  , 0.08172209 , 9.724928 , 2.3018389    , 0.0 , 0.0 , -1.0    ,-20.875 , -40.125 , -2.8125
244140  , 0.10896278 , 9.697687 , 2.1792557    , 0.0 , 0.0 , -1.0    ,-20.875 , -40.125 , -2.8125
20446777  , 0.10896278 , 9.697687 , 2.1792557    , 0.0 , 0.0 , -1.0    ,-20.625 , -40.375 , -2.5625
213623  , 0.27240697 , 9.697687 , 2.2201166    , 0.0 , 0.0 , -1.0    ,-20.625 , -40.375 , -2.5625
42541503  , 0.27240697 , 9.697687 , 2.2201166    , 0.0 , 0.0 , -1.0    ,-20.875 , -40.625 , -2.5625
183105  , 0.38136974 , 9.724928 , 2.3426998    , 0.0 , 0.0 , -1.0    ,-20.875 , -40.625 , -2.5625
19927979  , 0.38136974 , 9.724928 , 2.3426998    , 0.0 , 0.0 , -1.0    ,-20.875 , -40.375 , -2.5625
183105  , 0.53119355 , 9.724928 , 2.3426998    , 0.0 , 0.0 , -1.0    ,-20.875 , -40.375 , -2.5625
28594970  , 0.53119355 , 9.724928 , 2.3426998    , 0.0 , 0.0 , -1.0    ,-20.875 , -40.125 , -2.8125
213623  , 0.50395286 , 9.656827 , 1.8387469    , 0.0 , 0.0 , -1.0    ,-20.875 , -40.125 , -2.8125
24963378  , 0.50395286 , 9.656827 , 1.8387469    , 0.0 , 0.0 , -1.0    ,-20.625 , -39.625 , -2.3125
762939  , 0.7218784 , 9.80665 , 2.152015    , 0.0 , 0.0 , -1.0    ,-20.625 , -39.625 , -2.3125
35522460  , 0.7218784 , 9.80665 , 2.152015    , 0.0 , 0.0 , -1.0    ,-20.375 , -39.1875 , -2.0625
183106  , 1.1441092 , 9.466142 , 2.070293    , 0.0 , 0.0 , -1.0    ,-20.375 , -39.1875 , -2.0625
17242431  , 1.1441092 , 9.466142 , 2.070293    , 0.0 , 0.0 , -1.0    ,-21.125 , -39.1875 , -1.8125
213623  , 0.6537767 , 9.847511 , 1.9477097    , 0.0 , 0.0 , -1.0    ,-21.125 , -39.1875 , -1.8125
25451660  , 0.6537767 , 9.847511 , 1.9477097    , 0.0 , 0.0 , -1.0    ,-21.125 , -39.375 , -1.375
213623  , 0.27240697 , 9.915613 , 2.0294318    , 0.0 , 0.0 , -1.0    ,-21.125 , -39.375 , -1.375
45471189  , 0.27240697 , 9.915613 , 2.0294318    , 0.0 , 0.0 , -1.0    ,-21.375 , -39.875 , -1.8125
183106  , 0.27240697 , 9.656827 , 2.3699405    , 0.0 , 0.0 , -1.0    ,-21.375 , -39.875 , -1.8125
24383547  , 0.27240697 , 9.656827 , 2.3699405    , 0.0 , 0.0 , -1.0    ,-21.375 , -40.125 , -2.0625
1892089  , 0.38136974 , 9.575105 , 2.3426998    , 0.0 , 0.0 , -1.0    ,-21.375 , -40.125 , -2.0625
19927980  , 0.38136974 , 9.575105 , 2.3426998    , 0.0 , 0.0 , -1.0    ,-20.625 , -40.125 , -2.5625
213623  , 0.27240697 , 9.615966 , 2.1111538    , 0.0 , 0.0 , -1.0    ,-20.625 , -40.125 , -2.5625
24932862  , 0.27240697 , 9.615966 , 2.1111538    , 0.0 , 0.0 , -1.0    ,-20.625 , -39.875 , -2.5625
183105  , 0.313268 , 9.656827 , 2.2609777    , 0.0 , 0.0 , -1.0    ,-20.625 , -39.875 , -2.5625
25726319  , 0.313268 , 9.656827 , 2.2609777    , 0.0 , 0.0 , -1.0    ,-20.375 , -39.875 , -2.3125
3631593  , 0.42223078 , 9.847511 , 2.1792557    , 0.0 , 0.0 , -1.0    ,-20.375 , -39.875 , -2.3125
12451172  , 0.50395286 , 9.997335 , 1.9477097    , 0.0 , 0.0 , -1.0    ,-20.375 , -39.875 , -2.3125
31188966  , 0.50395286 , 9.997335 , 1.9477097    , 0.0 , 0.0 , -1.0    ,-20.875 , -39.375 , -2.0625
335693  , 0.38136974 , 9.847511 , 1.9477097    , 0.0 , 0.0 , -1.0    ,-20.875 , -39.375 , -2.0625
39123535  , 0.38136974 , 9.847511 , 1.9477097    , 0.0 , 0.0 , -1.0    ,-20.875 , -39.375 , -2.3125
427246  , 0.10896278 , 9.847511 , 1.879608    , 0.0 , 0.0 , -1.0    ,-20.875 , -39.375 , -2.3125
38696289  , 0.10896278 , 9.847511 , 1.879608    , 0.0 , 0.0 , -1.0    ,-20.875 , -39.375 , -2.5625
427247  , 0.040861044 , 9.956474 , 1.4165162    , 0.0 , 0.0 , -1.0    ,-20.875 , -39.375 , -2.5625
39031982  , 0.040861044 , 9.956474 , 1.4165162    , 0.0 , 0.0 , -1.0    ,-21.125 , -39.1875 , -2.0625
457764  , 0.27240697 , 10.119919 , 1.5390993    , 0.0 , 0.0 , -1.0    ,-21.125 , -39.1875 , -2.0625
39062499  , 0.27240697 , 10.119919 , 1.5390993    , 0.0 , 0.0 , -1.0    ,-20.875 , -39.375 , -1.8125
427246  , 0.14982383 , 9.997335 , 1.4573772    , 0.0 , 0.0 , -1.0    ,-20.875 , -39.375 , -1.8125
39001464  , 0.14982383 , 9.997335 , 1.4573772    , 0.0 , 0.0 , -1.0    ,-20.875 , -39.625 , -1.375
457764  , 0.08172209 , 10.119919 , 1.7570249    , 0.0 , 0.0 , -1.0    ,-20.875 , -39.625 , -1.375
62683104  , 0.08172209 , 10.119919 , 1.7570249    , 0.0 , 0.0 , -1.0    ,-21.375 , -39.375 , -0.875
244140  , 0.23154591 , 9.847511 , 1.1849703    , 0.0 , 0.0 , -1.0    ,-21.375 , -39.375 , -0.875
4791259  , 0.23154591 , 9.847511 , 1.1849703    , 0.0 , 0.0 , -1.0    ,-21.125 , -39.625 , -0.875
183106  , 0.46309182 , 10.079058 , 0.7218784    , 0.0 , 0.0 , -1.0    ,-21.125 , -39.625 , -0.875
29815673  , 0.46309182 , 10.079058 , 0.7218784    , 0.0 , 0.0 , -1.0    ,-20.875 , -39.875 , -0.875
244141  , 0.95342433 , 10.923519 , 0.53119355    , 0.0 , 0.0 , -1.0    ,-20.875 , -39.875 , -0.875
28808593  , 0.95342433 , 10.923519 , 0.53119355    , 0.0 , 0.0 , -1.0    ,-21.125 , -39.875 , -1.125
213623  , 1.2666923 , 11.114203 , 0.313268    , 0.0 , 0.0 , -1.0    ,-21.125 , -39.875 , -1.125
31524657  , 1.2666923 , 11.114203 , 0.313268    , 0.0 , 0.0 , -1.0    ,-21.125 , -40.125 , -0.875
305176  , 0.7627395 , 11.073342 , -0.0    , 0.0 , 0.0 , -1.0    ,-21.125 , -40.125 , -0.875
38574221  , 0.7627395 , 11.073342 , -0.0    , 0.0 , 0.0 , -1.0    ,-21.125 , -39.875 , -0.375
427246  , 0.7627395 , 10.651112 , -0.42223078    , 0.0 , 0.0 , -1.0    ,-21.125 , -39.875 , -0.375
38635255  , 0.7627395 , 10.651112 , -0.42223078    , 0.0 , 0.0 , -1.0    ,-21.125 , -39.875 , 0.375
427246  , 0.84446156 , 10.501288 , -0.5720546    , 0.0 , 0.0 , -1.0    ,-21.125 , -39.875 , 0.375
39154054  , 0.84446156 , 10.501288 , -0.5720546    , 0.0 , 0.0 , -1.0    ,-20.875 , -40.125 , 1.125
427246  , 0.8036005 , 9.997335 , 0.23154591    , 0.0 , 0.0 , -1.0    ,-20.875 , -40.125 , 1.125
39093018  , 0.8036005 , 9.997335 , 0.23154591    , 0.0 , 0.0 , -1.0    ,-20.875 , -40.625 , 1.5625
427246  , 0.46309182 , 9.765789 , -0.38136974    , 0.0 , 0.0 , -1.0    ,-20.875 , -40.625 , 1.5625
38818360  , 0.46309182 , 9.765789 , -0.38136974    , 0.0 , 0.0 , -1.0    ,-21.125 , -40.875 , 1.8125
427246  , 0.5720546 , 9.956474 , 0.88532263    , 0.0 , 0.0 , -1.0    ,-21.125 , -40.875 , 1.8125
39093018  , 0.5720546 , 9.956474 , 0.88532263    , 0.0 , 0.0 , -1.0    ,-21.625 , -40.875 , 2.5625
457764  , 0.92618364 , 9.466142 , -0.6537767    , 0.0 , 0.0 , -1.0    ,-21.625 , -40.875 , 2.5625
38970948  , 0.92618364 , 9.466142 , -0.6537767    , 0.0 , 0.0 , -1.0    ,-21.875 , -40.375 , 4.0625
427246  , 1.0760075 , 9.656827 , 1.8387469    , 0.0 , 0.0 , -1.0    ,-21.875 , -40.375 , 4.0625
39154052  , 1.0760075 , 9.656827 , 1.8387469    , 0.0 , 0.0 , -1.0    ,-22.875 , -39.375 , 4.5
427246  , 1.920469 , 9.384419 , 0.42223078    , 0.0 , 0.0 , -1.0    ,-22.875 , -39.375 , 4.5
38879394  , 1.920469 , 9.384419 , 0.42223078    , 0.0 , 0.0 , -1.0    ,-23.6875 , -39.1875 , 5.0
427246  , 1.56634 , 9.193735 , 1.4982382    , 0.0 , 0.0 , -1.0    ,-23.6875 , -39.1875 , 5.0
60852049  , 1.56634 , 9.193735 , 1.4982382    , 0.0 , 0.0 , -1.0    ,-23.9375 , -38.9375 , 5.25
213623  , 2.7240696 , 9.384419 , 1.1168685    , 0.0 , 0.0 , -1.0    ,-23.9375 , -38.9375 , 5.25
27221679  , 2.7240696 , 9.384419 , 1.1168685    , 0.0 , 0.0 , -1.0    ,-24.1875 , -38.6875 , 4.0625
183106  , 1.4982382 , 9.534244 , 2.982856    , 0.0 , 0.0 , -1.0    ,-24.1875 , -38.6875 , 4.0625
41168211  , 1.4982382 , 9.534244 , 2.982856    , 0.0 , 0.0 , -1.0    ,-23.6875 , -38.4375 , 3.5625
213624  , 1.9885708 , 9.275456 , 2.6014864    , 0.0 , 0.0 , -1.0    ,-23.6875 , -38.4375 , 3.5625
33569337  , 1.9885708 , 9.275456 , 2.6014864    , 0.0 , 0.0 , -1.0    ,-23.6875 , -37.6875 , 3.8125
213623  , 2.6014864 , 9.575105 , 2.8330324    , 0.0 , 0.0 , -1.0    ,-23.6875 , -37.6875 , 3.8125
32348635  , 2.6014864 , 9.575105 , 2.8330324    , 0.0 , 0.0 , -1.0    ,-24.1875 , -37.4375 , 3.3125
183105  , 2.4516625 , 10.228881 , 2.8330324    , 0.0 , 0.0 , -1.0    ,-24.1875 , -37.4375 , 3.3125
19134522  , 2.4516625 , 10.228881 , 2.8330324    , 0.0 , 0.0 , -1.0    ,-24.9375 , -37.4375 , 3.8125
183106  , 1.920469 , 9.765789 , 2.8330324    , 0.0 , 0.0 , -1.0    ,-24.9375 , -37.4375 , 3.8125
43273927  , 1.920469 , 9.765789 , 2.8330324    , 0.0 , 0.0 , -1.0    ,-25.6875 , -37.4375 , 4.25
213623  , 2.4925237 , 9.343558 , 3.718355    , 0.0 , 0.0 , -1.0    ,-25.6875 , -37.4375 , 4.25
34240723  , 2.4925237 , 9.343558 , 3.718355    , 0.0 , 0.0 , -1.0    ,-25.9375 , -37.6875 , 4.5
213623  , 1.9885708 , 9.915613 , 3.7864566    , 0.0 , 0.0 , -1.0    ,-25.9375 , -37.6875 , 4.5
64575196  , 1.9885708 , 9.915613 , 3.7864566    , 0.0 , 0.0 , -1.0    ,-25.6875 , -37.1875 , 5.0
183105  , 2.4108016 , 9.724928 , 5.09401    , 0.0 , 0.0 , -1.0    ,-25.6875 , -37.1875 , 5.0
14678955  , 2.4108016 , 9.724928 , 5.09401    , 0.0 , 0.0 , -1.0    ,-25.4375 , -37.4375 , 5.25
213623  , 2.3018389 , 9.534244 , 4.5219555    , 0.0 , 0.0 , -1.0    ,-25.4375 , -37.4375 , 5.25
22613525  , 2.3018389 , 9.534244 , 4.5219555    , 0.0 , 0.0 , -1.0    ,-24.9375 , -38.1875 , 5.5
244141  , 1.7297841 , 9.112013 , 3.6774938    , 0.0 , 0.0 , -1.0    ,-24.9375 , -38.1875 , 5.5
29327392  , 1.7297841 , 9.112013 , 3.6774938    , 0.0 , 0.0 , -1.0    ,-24.1875 , -39.1875 , 5.5
213623  , 1.6480621 , 8.730643 , 2.9147544    , 0.0 , 0.0 , -1.0    ,-24.1875 , -39.1875 , 5.5
30090331  , 1.6480621 , 8.730643 , 2.9147544    , 0.0 , 0.0 , -1.0    ,-24.1875 , -39.875 , 5.25
305176  , 1.56634 , 8.390134 , 1.920469    , 0.0 , 0.0 , -1.0    ,-24.1875 , -39.875 , 5.25
39398192  , 1.56634 , 8.390134 , 1.920469    , 0.0 , 0.0 , -1.0    ,-23.9375 , -40.125 , 5.0
396728  , 1.879608 , 8.689782 , 1.8387469    , 0.0 , 0.0 , -1.0    ,-23.9375 , -40.125 , 5.0
39428710  , 1.879608 , 8.689782 , 1.8387469    , 0.0 , 0.0 , -1.0    ,-23.1875 , -40.125 , 4.75
427246  , 2.2201166 , 9.00305 , 0.9942854    , 0.0 , 0.0 , -1.0    ,-23.1875 , -40.125 , 4.75
38879393  , 2.2201166 , 9.00305 , 0.9942854    , 0.0 , 0.0 , -1.0    ,-23.4375 , -39.625 , 4.75
427246  , 3.1463003 , 9.575105 , 1.1849703    , 0.0 , 0.0 , -1.0    ,-23.4375 , -39.625 , 4.75
39031981  , 3.1463003 , 9.575105 , 1.1849703    , 0.0 , 0.0 , -1.0    ,-23.4375 , -39.625 , 5.0
427246  , 3.173541 , 9.656827 , 0.6946377    , 0.0 , 0.0 , -1.0    ,-23.4375 , -39.625 , 5.0
39093018  , 3.173541 , 9.656827 , 0.6946377    , 0.0 , 0.0 , -1.0    ,-23.6875 , -39.1875 , 5.25
427246  , 3.445948 , 9.425281 , 1.4573772    , 0.0 , 0.0 , -1.0    ,-23.6875 , -39.1875 , 5.25
39581301  , 3.445948 , 9.425281 , 1.4573772    , 0.0 , 0.0 , -1.0    ,-24.6875 , -38.6875 , 6.0
427246  , 3.759216 , 9.302697 , 0.50395286    , 0.0 , 0.0 , -1.0    ,-24.6875 , -38.6875 , 6.0
38482668  , 3.759216 , 9.302697 , 0.50395286    , 0.0 , 0.0 , -1.0    ,-24.9375 , -38.1875 , 6.75
427246  , 4.3312707 , 9.343558 , 1.0351465    , 0.0 , 0.0 , -1.0    ,-24.9375 , -38.1875 , 6.75
39184572  , 4.3312707 , 9.343558 , 1.0351465    , 0.0 , 0.0 , -1.0    ,-25.4375 , -37.9375 , 6.9375
427246  , 4.7126403 , 9.425281 , 0.38136974    , 0.0 , 0.0 , -1.0    ,-25.4375 , -37.9375 , 6.9375
38970948  , 4.7126403 , 9.425281 , 0.38136974    , 0.0 , 0.0 , -1.0    ,-25.6875 , -37.9375 , 7.4375
457763  , 4.5628166 , 9.575105 , 0.84446156    , 0.0 , 0.0 , -1.0    ,-25.6875 , -37.9375 , 7.4375
38970947  , 4.5628166 , 9.575105 , 0.84446156    , 0.0 , 0.0 , -1.0    ,-25.4375 , -38.4375 , 7.6875
457764  , 4.3312707 , 9.534244 , 0.92618364    , 0.0 , 0.0 , -1.0    ,-25.4375 , -38.4375 , 7.6875
38818359  , 4.3312707 , 9.534244 , 0.92618364    , 0.0 , 0.0 , -1.0    ,-24.9375 , -39.1875 , 7.6875
427246  , 4.399372 , 9.425281 , 1.4165162    , 0.0 , 0.0 , -1.0    ,-24.9375 , -39.1875 , 7.6875
39215087  , 4.399372 , 9.425281 , 1.4165162    , 0.0 , 0.0 , -1.0    ,-24.6875 , -39.375 , 8.6875
427247  , 4.440233 , 9.466142 , 1.8387469    , 0.0 , 0.0 , -1.0    ,-24.6875 , -39.375 , 8.6875
38970946  , 4.440233 , 9.466142 , 1.8387469    , 0.0 , 0.0 , -1.0    ,-24.1875 , -39.375 , 9.1875
427246  , 4.2904096 , 9.80665 , 1.6480621    , 0.0 , 0.0 , -1.0    ,-24.1875 , -39.375 , 9.1875
40222167  , 4.2904096 , 9.80665 , 1.6480621    , 0.0 , 0.0 , -1.0    ,-23.6875 , -39.1875 , 9.875
457764  , 3.990762 , 9.615966 , 1.9477097    , 0.0 , 0.0 , -1.0    ,-23.6875 , -39.1875 , 9.875
37719725  , 3.990762 , 9.615966 , 1.9477097    , 0.0 , 0.0 , -1.0    ,-23.9375 , -38.9375 , 10.875
457763  , 3.5957718 , 9.656827 , 2.5333846    , 0.0 , 0.0 , -1.0    ,-23.9375 , -38.9375 , 10.875
39154051  , 3.5957718 , 9.656827 , 2.5333846    , 0.0 , 0.0 , -1.0    ,-22.625 , -39.375 , 11.625
427246  , 2.982856 , 9.534244 , 2.7921712    , 0.0 , 0.0 , -1.0    ,-22.625 , -39.375 , 11.625
38879394  , 2.982856 , 9.534244 , 2.7921712    , 0.0 , 0.0 , -1.0    ,-21.625 , -39.625 , 12.375
457764  , 2.3426998 , 9.466142 , 2.8738933    , 0.0 , 0.0 , -1.0    ,-21.625 , -39.625 , 12.375
71228030  , 2.3426998 , 9.466142 , 2.8738933    , 0.0 , 0.0 , -1.0    ,-20.375 , -39.375 , 13.0625
213623  , 2.1111538 , 9.384419 , 3.0237172    , 0.0 , 0.0 , -1.0    ,-20.375 , -39.375 , 13.0625
213623  , 2.1111538 , 9.384419 , 3.0237172    , 0.0 , 0.0 , -1.0    ,-18.875 , -39.625 , 13.5625
213623  , 1.7978859 , 9.152874 , 2.5606253    , 0.0 , 0.0 , -1.0    ,-18.875 , -39.625 , 13.5625
25817872  , 1.7978859 , 9.152874 , 2.5606253    , 0.0 , 0.0 , -1.0    ,-17.5625 , -39.625 , 13.3125
213623  , 1.2258313 , 9.043911 , 2.152015    , 0.0 , 0.0 , -1.0    ,-17.5625 , -39.625 , 13.3125
30242921  , 1.2258313 , 9.043911 , 2.152015    , 0.0 , 0.0 , -1.0    ,-16.3125 , -40.125 , 13.5625
183106  , 0.7218784 , 9.193735 , 2.5333846    , 0.0 , 0.0 , -1.0    ,-16.3125 , -40.125 , 13.5625
29022218  , 0.7218784 , 9.193735 , 2.5333846    , 0.0 , 0.0 , -1.0    ,-15.3125 , -40.625 , 13.5625
274658  , 1.0351465 , 9.466142 , 3.0645783    , 0.0 , 0.0 , -1.0    ,-15.3125 , -40.625 , 13.5625
29724121  , 1.0351465 , 9.466142 , 3.0645783    , 0.0 , 0.0 , -1.0    ,-14.0 , -41.125 , 13.3125
305176  , 0.23154591 , 9.724928 , 3.0645783    , 0.0 , 0.0 , -1.0    ,-14.0 , -41.125 , 13.3125
39672852  , 0.23154591 , 9.724928 , 3.0645783    , 0.0 , 0.0 , -1.0    ,-12.75 , -41.375 , 13.5625
457764  , -0.14982383 , 9.425281 , 3.5276701    , 0.0 , 0.0 , -1.0    ,-12.75 , -41.375 , 13.5625
39367676  , -0.14982383 , 9.425281 , 3.5276701    , 0.0 , 0.0 , -1.0    ,-12.0 , -41.875 , 13.3125
427246  , -1.3756552 , 8.921328 , 3.1054392    , 0.0 , 0.0 , -1.0    ,-12.0 , -41.875 , 13.3125
38726806  , -1.3756552 , 8.921328 , 3.1054392    , 0.0 , 0.0 , -1.0    ,-10.5 , -42.625 , 13.0625
457764  , -1.1168685 , 9.084772 , 4.0588636    , 0.0 , 0.0 , -1.0    ,-10.5 , -42.625 , 13.0625
39001464  , -1.1168685 , 9.084772 , 4.0588636    , 0.0 , 0.0 , -1.0    ,-9.1875 , -42.875 , 13.0625
457763  , -0.9125633 , 9.888372 , 3.336985    , 0.0 , 0.0 , -1.0    ,-9.1875 , -42.875 , 13.0625
38970946  , -0.9125633 , 9.888372 , 3.336985    , 0.0 , 0.0 , -1.0    ,-8.6875 , -43.125 , 12.8125
427246  , -0.38136974 , 9.765789 , 3.0645783    , 0.0 , 0.0 , -1.0    ,-8.6875 , -43.125 , 12.8125
39184569  , -0.38136974 , 9.765789 , 3.0645783    , 0.0 , 0.0 , -1.0    ,-7.1875 , -43.125 , 12.5625
427246  , -0.88532263 , 9.656827 , 2.5606253    , 0.0 , 0.0 , -1.0    ,-7.1875 , -43.125 , 12.5625
38604734  , -0.88532263 , 9.656827 , 2.5606253    , 0.0 , 0.0 , -1.0    ,-6.4375 , -43.125 , 12.5625
427246  , -0.84446156 , 9.384419 , 2.6832085    , 0.0 , 0.0 , -1.0    ,-6.4375 , -43.125 , 12.5625
39154052  , -0.84446156 , 9.384419 , 2.6832085    , 0.0 , 0.0 , -1.0    ,-5.875 , -42.875 , 12.5625
457764  , -0.84446156 , 10.269742 , 2.5606253    , 0.0 , 0.0 , -1.0    ,-5.875 , -42.875 , 12.5625
39062502  , -0.84446156 , 10.269742 , 2.5606253    , 0.0 , 0.0 , -1.0    ,-5.375 , -42.875 , 12.375
457764  , -0.040861044 , 10.56939 , 3.2961242    , 0.0 , 0.0 , -1.0    ,-5.375 , -42.875 , 12.375
38970949  , -0.040861044 , 10.56939 , 3.2961242    , 0.0 , 0.0 , -1.0    ,-5.625 , -42.875 , 12.5625
427246  , 0.08172209 , 10.228881 , 2.3699405    , 0.0 , 0.0 , -1.0    ,-5.625 , -42.875 , 12.5625
38787843  , 0.08172209 , 10.228881 , 2.3699405    , 0.0 , 0.0 , -1.0    ,-5.625 , -42.875 , 12.375
457764  , -0.040861044 , 10.119919 , 2.982856    , 0.0 , 0.0 , -1.0    ,-5.625 , -42.875 , 12.375
39337159  , -0.040861044 , 10.119919 , 2.982856    , 0.0 , 0.0 , -1.0    ,-5.375 , -43.125 , 12.125
427246  , -0.3405087 , 9.302697 , 2.4925237    , 0.0 , 0.0 , -1.0    ,-5.375 , -43.125 , 12.125
38848877  , -0.3405087 , 9.302697 , 2.4925237    , 0.0 , 0.0 , -1.0    ,-5.125 , -43.375 , 11.375
427247  , -0.19068487 , 9.425281 , 2.6832085    , 0.0 , 0.0 , -1.0    ,-5.125 , -43.375 , 11.375
39031982  , -0.19068487 , 9.425281 , 2.6832085    , 0.0 , 0.0 , -1.0    ,-5.125 , -43.375 , 10.875
427246  , 0.61291564 , 9.112013 , 3.1054392    , 0.0 , 0.0 , -1.0    ,-5.125 , -43.375 , 10.875
39154052  , 0.61291564 , 9.112013 , 3.1054392    , 0.0 , 0.0 , -1.0    ,-6.125 , -43.125 , 10.875
427246  , 1.2258313 , 9.343558 , 4.0588636    , 0.0 , 0.0 , -1.0    ,-6.125 , -43.125 , 10.875
38909912  , 1.2258313 , 9.343558 , 4.0588636    , 0.0 , 0.0 , -1.0    ,-6.6875 , -43.125 , 10.625
457764  , 2.2609777 , 9.275456 , 2.7921712    , 0.0 , 0.0 , -1.0    ,-6.6875 , -43.125 , 10.625
73913573  , 2.2609777 , 9.275456 , 2.7921712    , 0.0 , 0.0 , -1.0    ,-7.1875 , -42.625 , 10.625
244141  , 2.070293 , 9.384419 , 3.636633    , 0.0 , 0.0 , -1.0    ,-7.1875 , -42.625 , 10.625
183105  , 2.070293 , 9.384419 , 3.636633    , 0.0 , 0.0 , -1.0    ,-7.1875 , -42.875 , 9.875
183105  , 0.92618364 , 8.62168 , 3.5276701    , 0.0 , 0.0 , -1.0    ,-7.1875 , -42.875 , 9.875
23010254  , 0.92618364 , 8.62168 , 3.5276701    , 0.0 , 0.0 , -1.0    ,-6.6875 , -42.875 , 8.9375
183105  , 1.2666923 , 7.5865335 , 3.405087    , 0.0 , 0.0 , -1.0    ,-6.6875 , -42.875 , 8.9375
29785156  , 1.2666923 , 7.5865335 , 3.405087    , 0.0 , 0.0 , -1.0    ,-6.9375 , -42.875 , 7.9375
213623  , 1.6889231 , 8.853226 , 3.8273177    , 0.0 , 0.0 , -1.0    ,-6.9375 , -42.875 , 7.9375
29449461  , 1.6889231 , 8.853226 , 3.8273177    , 0.0 , 0.0 , -1.0    ,-7.1875 , -43.625 , 7.6875
244141  , 1.9885708 , 9.466142 , 4.7535014    , 0.0 , 0.0 , -1.0    ,-7.1875 , -43.625 , 7.6875
30792238  , 1.9885708 , 9.466142 , 4.7535014    , 0.0 , 0.0 , -1.0    ,-7.4375 , -43.625 , 7.4375
366211  , 2.4925237 , 9.507003 , 6.0474343    , 0.0 , 0.0 , -1.0    ,-7.4375 , -43.625 , 7.4375
38726808  , 2.4925237 , 9.507003 , 6.0474343    , 0.0 , 0.0 , -1.0    ,-7.9375 , -43.875 , 6.9375
427246  , 2.6423476 , 9.343558 , 4.3312707    , 0.0 , 0.0 , -1.0    ,-7.9375 , -43.875 , 6.9375
39031984  , 2.6423476 , 9.343558 , 4.3312707    , 0.0 , 0.0 , -1.0    ,-7.9375 , -43.875 , 6.5
427246  , 1.56634 , 8.812365 , 5.134871    , 0.0 , 0.0 , -1.0    ,-7.9375 , -43.875 , 6.5
39306641  , 1.56634 , 8.812365 , 5.134871    , 0.0 , 0.0 , -1.0    ,-8.1875 , -43.375 , 6.0
457764  , 1.56634 , 9.466142 , 4.7126403    , 0.0 , 0.0 , -1.0    ,-8.1875 , -43.375 , 6.0
39062501  , 1.56634 , 9.466142 , 4.7126403    , 0.0 , 0.0 , -1.0    ,-8.6875 , -42.875 , 5.75
457764  , 1.0760075 , 9.765789 , 2.7240696    , 0.0 , 0.0 , -1.0    ,-8.6875 , -42.875 , 5.75
38604737  , 1.0760075 , 9.765789 , 2.7240696    , 0.0 , 0.0 , -1.0    ,-8.9375 , -43.125 , 5.75
427246  , 0.19068487 , 9.234595 , 5.6660647    , 0.0 , 0.0 , -1.0    ,-8.9375 , -43.125 , 5.75
39245605  , 0.19068487 , 9.234595 , 5.6660647    , 0.0 , 0.0 , -1.0    ,-9.1875 , -42.875 , 5.75
457764  , -0.29964766 , 10.269742 , 3.0645783    , 0.0 , 0.0 , -1.0    ,-9.1875 , -42.875 , 5.75
38665771  , -0.29964766 , 10.269742 , 3.0645783    , 0.0 , 0.0 , -1.0    ,-9.1875 , -42.875 , 5.5
427246  , -0.6537767 , 9.697687 , 3.173541    , 0.0 , 0.0 , -1.0    ,-9.1875 , -42.875 , 5.5
39093017  , -0.6537767 , 9.697687 , 3.173541    , 0.0 , 0.0 , -1.0    ,-8.4375 , -42.875 , 6.0
457764  , -1.2666923 , 9.152874 , 2.982856    , 0.0 , 0.0 , -1.0    ,-8.4375 , -42.875 , 6.0
39093016  , -1.2666923 , 9.152874 , 2.982856    , 0.0 , 0.0 , -1.0    ,-7.1875 , -42.375 , 6.5
427246  , -2.1792557 , 9.724928 , 1.4165162    , 0.0 , 0.0 , -1.0    ,-7.1875 , -42.375 , 6.5
39184569  , -2.1792557 , 9.724928 , 1.4165162    , 0.0 , 0.0 , -1.0    ,-6.125 , -43.125 , 7.1875
457764  , -2.9556155 , 10.18802 , 1.2258313    , 0.0 , 0.0 , -1.0    ,-6.125 , -43.125 , 7.1875
38848876  , -2.9556155 , 10.18802 , 1.2258313    , 0.0 , 0.0 , -1.0    ,-5.125 , -42.875 , 8.1875
427246  , -2.7513103 , 10.56939 , 1.1441092    , 0.0 , 0.0 , -1.0    ,-5.125 , -42.875 , 8.1875
44219969  , -2.7513103 , 10.56939 , 1.1441092    , 0.0 , 0.0 , -1.0    ,-4.125 , -43.375 , 8.1875
183105  , -2.8330324 , 10.038197 , 1.4982382    , 0.0 , 0.0 , -1.0    ,-4.125 , -43.375 , 8.1875
33630373  , -2.8330324 , 10.038197 , 1.4982382    , 0.0 , 0.0 , -1.0    ,-3.625 , -43.875 , 8.4375
213623  , -2.5606253 , 9.615966 , 1.1168685    , 0.0 , 0.0 , -1.0    ,-3.625 , -43.875 , 8.4375
40710451  , -2.5606253 , 9.615966 , 1.1168685    , 0.0 , 0.0 , -1.0    ,-3.375 , -43.625 , 8.9375
366211  , -1.525479 , 10.147159 , 1.0351465    , 0.0 , 0.0 , -1.0    ,-3.375 , -43.625 , 8.9375
38635255  , -1.525479 , 10.147159 , 1.0351465    , 0.0 , 0.0 , -1.0    ,-3.125 , -43.625 , 10.125
457764  , -1.3075534 , 10.147159 , 1.0760075    , 0.0 , 0.0 , -1.0    ,-3.125 , -43.625 , 10.125
39581300  , -1.3075534 , 10.147159 , 1.0760075    , 0.0 , 0.0 , -1.0    ,-3.875 , -43.375 , 10.875
60241700  , -0.8036005 , 10.419566 , -0.0    , 0.0 , 0.0 , -1.0    ,-3.875 , -43.375 , 10.875
244140  , -0.8036005 , 10.419566 , -0.0    , 0.0 , 0.0 , -1.0    ,-5.125 , -42.625 , 11.875
183105  , -0.6946377 , 10.269742 , 0.50395286    , 0.0 , 0.0 , -1.0    ,-5.125 , -42.625 , 11.875
7507324  , -0.6946377 , 10.269742 , 0.50395286    , 0.0 , 0.0 , -1.0    ,-5.625 , -41.875 , 12.125
213623  , -0.38136974 , 10.378705 , 0.5720546    , 0.0 , 0.0 , -1.0    ,-5.625 , -41.875 , 12.125
29541015  , -0.38136974 , 10.378705 , 0.5720546    , 0.0 , 0.0 , -1.0    ,-6.4375 , -41.625 , 11.625
183106  , -0.19068487 , 10.147159 , 0.42223078    , 0.0 , 0.0 , -1.0    ,-6.4375 , -41.625 , 11.625
29541015  , -0.19068487 , 10.147159 , 0.42223078    , 0.0 , 0.0 , -1.0    ,-6.6875 , -41.125 , 12.125
244140  , -0.29964766 , 9.847511 , 1.0351465    , 0.0 , 0.0 , -1.0    ,-6.6875 , -41.125 , 12.125
30487060  , -0.29964766 , 9.847511 , 1.0351465    , 0.0 , 0.0 , -1.0    ,-6.9375 , -41.125 , 12.375
396729  , -0.14982383 , 9.724928 , 1.4165162    , 0.0 , 0.0 , -1.0    ,-6.9375 , -41.125 , 12.375
38635253  , -0.14982383 , 9.724928 , 1.4165162    , 0.0 , 0.0 , -1.0    ,-7.4375 , -41.125 , 12.8125
457764  , -0.08172209 , 9.724928 , 1.7570249    , 0.0 , 0.0 , -1.0    ,-7.4375 , -41.125 , 12.8125
39306640  , -0.08172209 , 9.724928 , 1.7570249    , 0.0 , 0.0 , -1.0    ,-7.9375 , -40.625 , 13.0625
457764  , 0.08172209 , 9.888372 , 1.607201    , 0.0 , 0.0 , -1.0    ,-7.9375 , -40.625 , 13.0625
39520263  , 0.08172209 , 9.888372 , 1.607201    , 0.0 , 0.0 , -1.0    ,-8.1875 , -40.375 , 13.8125
457763  , -0.0 , 9.847511 , 1.3756552    , 0.0 , 0.0 , -1.0    ,-8.1875 , -40.375 , 13.8125
38421629  , -0.0 , 9.847511 , 1.3756552    , 0.0 , 0.0 , -1.0    ,-8.4375 , -40.125 , 13.8125
457764  , -0.10896278 , 9.80665 , 0.9942854    , 0.0 , 0.0 , -1.0    ,-8.4375 , -40.125 , 13.8125
38970948  , -0.10896278 , 9.80665 , 0.9942854    , 0.0 , 0.0 , -1.0    ,-8.6875 , -39.625 , 14.5625
427246  , -0.08172209 , 10.119919 , 0.7627395    , 0.0 , 0.0 , -1.0    ,-8.6875 , -39.625 , 14.5625
39184572  , -0.08172209 , 10.119919 , 0.7627395    , 0.0 , 0.0 , -1.0    ,-8.6875 , -39.875 , 15.0625
457763  , -0.5720546 , 10.147159 , 0.8036005    , 0.0 , 0.0 , -1.0    ,-8.6875 , -39.875 , 15.0625
38757325  , -0.5720546 , 10.147159 , 0.8036005    , 0.0 , 0.0 , -1.0    ,-8.4375 , -39.875 , 14.5625
427246  , -1.4982382 , 9.112013 , 1.334794    , 0.0 , 0.0 , -1.0    ,-8.4375 , -39.875 , 14.5625
39245607  , -1.4982382 , 9.112013 , 1.334794    , 0.0 , 0.0 , -1.0    ,-7.9375 , -40.125 , 15.0625
427246  , -1.9477097 , 8.580819 , 0.61291564    , 0.0 , 0.0 , -1.0    ,-7.9375 , -40.125 , 15.0625
38848878  , -1.9477097 , 8.580819 , 0.61291564    , 0.0 , 0.0 , -1.0    ,-7.6875 , -40.625 , 14.0625
427246  , -1.9885708 , 8.539958 , 1.56634    , 0.0 , 0.0 , -1.0    ,-7.6875 , -40.625 , 14.0625
39093018  , -1.9885708 , 8.539958 , 1.56634    , 0.0 , 0.0 , -1.0    ,-7.6875 , -40.875 , 13.5625
457763  , -2.2201166 , 8.430995 , 1.1168685    , 0.0 , 0.0 , -1.0    ,-7.6875 , -40.875 , 13.5625
38970947  , -2.2201166 , 8.430995 , 1.1168685    , 0.0 , 0.0 , -1.0    ,-8.1875 , -40.625 , 13.3125
427246  , -2.0294318 , 8.19945 , 0.6946377    , 0.0 , 0.0 , -1.0    ,-8.1875 , -40.625 , 13.3125
39489745  , -2.0294318 , 8.19945 , 0.6946377    , 0.0 , 0.0 , -1.0    ,-8.6875 , -40.375 , 12.125
427246  , -1.334794 , 8.962189 , 1.3756552    , 0.0 , 0.0 , -1.0    ,-8.6875 , -40.375 , 12.125
38360596  , -1.334794 , 8.962189 , 1.3756552    , 0.0 , 0.0 , -1.0    ,-9.9375 , -40.375 , 12.125
457763  , -1.1441092 , 9.302697 , 0.19068487    , 0.0 , 0.0 , -1.0    ,-9.9375 , -40.375 , 12.125
39550780  , -1.1441092 , 9.302697 , 0.19068487    , 0.0 , 0.0 , -1.0    ,-11.25 , -40.125 , 11.625
427246  , -0.50395286 , 8.471856 , 1.0351465    , 0.0 , 0.0 , -1.0    ,-11.25 , -40.125 , 11.625
38818359  , -0.50395286 , 8.471856 , 1.0351465    , 0.0 , 0.0 , -1.0    ,-12.75 , -40.375 , 11.375
457763  , 0.14982383 , 10.079058 , 1.0760075    , 0.0 , 0.0 , -1.0    ,-12.75 , -40.375 , 11.375
38879392  , 0.14982383 , 10.079058 , 1.0760075    , 0.0 , 0.0 , -1.0    ,-14.8125 , -40.125 , 11.375
427246  , -0.46309182 , 10.841797 , 3.0237172    , 0.0 , 0.0 , -1.0    ,-14.8125 , -40.125 , 11.375
38970945  , -0.46309182 , 10.841797 , 3.0237172    , 0.0 , 0.0 , -1.0    ,-16.8125 , -39.375 , 9.875
305175  , 0.23154591 , 10.691973 , 2.8330324    , 0.0 , 0.0 , -1.0    ,-16.8125 , -39.375 , 9.875
213623  , 0.23154591 , 10.691973 , 2.8330324    , 0.0 , 0.0 , -1.0    ,-18.875 , -38.6875 , 8.6875
244140  , -0.9942854 , 10.760075 , 1.0351465    , 0.0 , 0.0 , -1.0    ,-18.875 , -38.6875 , 8.6875
5432129  , -0.9942854 , 10.760075 , 1.0351465    , 0.0 , 0.0 , -1.0    ,-20.375 , -38.1875 , 7.1875
213623  , -0.95342433 , 10.337844 , 3.9090397    , 0.0 , 0.0 , -1.0    ,-20.375 , -38.1875 , 7.1875
29632569  , -0.95342433 , 10.337844 , 3.9090397    , 0.0 , 0.0 , -1.0    ,-21.375 , -38.1875 , 5.25
183105  , -0.6537767 , 11.114203 , 5.2165933    , 0.0 , 0.0 , -1.0    ,-21.375 , -38.1875 , 5.25
29541016  , -0.6537767 , 11.114203 , 5.2165933    , 0.0 , 0.0 , -1.0    ,-22.125 , -38.4375 , 4.0625
244140  , -0.38136974 , 10.528529 , 5.012288    , 0.0 , 0.0 , -1.0    ,-22.125 , -38.4375 , 4.0625
30487061  , -0.38136974 , 10.528529 , 5.012288    , 0.0 , 0.0 , -1.0    ,-22.875 , -38.4375 , 2.3125
396729  , -0.08172209 , 9.615966 , 5.243834    , 0.0 , 0.0 , -1.0    ,-22.875 , -38.4375 , 2.3125
38879395  , -0.08172209 , 9.615966 , 5.243834    , 0.0 , 0.0 , -1.0    ,-23.6875 , -37.9375 , 1.125
427246  , 1.9477097 , 9.507003 , 4.862464    , 0.0 , 0.0 , -1.0    ,-23.6875 , -37.9375 , 1.125
39093018  , 1.9477097 , 9.507003 , 4.862464    , 0.0 , 0.0 , -1.0    ,-24.4375 , -37.1875 , -0.125
457764  , 4.2904096 , 10.800936 , 3.8681788    , 0.0 , 0.0 , -1.0    ,-24.4375 , -37.1875 , -0.125
38818359  , 4.2904096 , 10.800936 , 3.8681788    , 0.0 , 0.0 , -1.0    ,-24.6875 , -37.1875 , -1.8125
457764  , 4.140586 , 8.662541 , 3.9499009    , 0.0 , 0.0 , -1.0    ,-24.6875 , -37.1875 , -1.8125
39062500  , 4.140586 , 8.662541 , 3.9499009    , 0.0 , 0.0 , -1.0    ,-24.6875 , -37.1875 , -3.0625
427246  , 5.47538 , 9.915613 , 5.012288    , 0.0 , 0.0 , -1.0    ,-24.6875 , -37.1875 , -3.0625
38970947  , 5.47538 , 9.915613 , 5.012288    , 0.0 , 0.0 , -1.0    ,-24.9375 , -37.6875 , -5.0
427246  , 5.325556 , 9.956474 , 4.440233    , 0.0 , 0.0 , -1.0    ,-24.9375 , -37.6875 , -5.0
39154052  , 5.325556 , 9.956474 , 4.440233    , 0.0 , 0.0 , -1.0    ,-24.6875 , -37.9375 , -6.5
427246  , 4.2495484 , 9.80665 , 4.440233    , 0.0 , 0.0 , -1.0    ,-24.6875 , -37.9375 , -6.5
38909911  , 4.2495484 , 9.80665 , 4.440233    , 0.0 , 0.0 , -1.0    ,-24.6875 , -37.1875 , -6.9375
427246  , 3.759216 , 9.724928 , 2.4925237    , 0.0 , 0.0 , -1.0    ,-24.6875 , -37.1875 , -6.9375
39398192  , 3.759216 , 9.724928 , 2.4925237    , 0.0 , 0.0 , -1.0    ,-24.6875 , -37.1875 , -7.4375
457763  , 2.8738933 , 9.043911 , 1.7297841    , 0.0 , 0.0 , -1.0    ,-24.6875 , -37.1875 , -7.4375
38787843  , 2.8738933 , 9.043911 , 1.7297841    , 0.0 , 0.0 , -1.0    ,-24.1875 , -36.9375 , -7.9375
427246  , 1.8387469 , 8.853226 , 1.920469    , 0.0 , 0.0 , -1.0    ,-24.1875 , -36.9375 , -7.9375
38940431  , 1.8387469 , 8.853226 , 1.920469    , 0.0 , 0.0 , -1.0    ,-24.4375 , -36.9375 , -7.6875
457764  , 1.7570249 , 9.507003 , 1.6889231    , 0.0 , 0.0 , -1.0    ,-24.4375 , -36.9375 , -7.6875
38879395  , 1.7570249 , 9.507003 , 1.6889231    , 0.0 , 0.0 , -1.0    ,-24.4375 , -37.1875 , -7.9375
427246  , 1.7297841 , 9.915613 , 2.6014864    , 0.0 , 0.0 , -1.0    ,-24.4375 , -37.1875 , -7.9375
39550782  , 1.7297841 , 9.915613 , 2.6014864    , 0.0 , 0.0 , -1.0    ,-24.1875 , -36.9375 , -7.4375
427246  , 1.607201 , 9.997335 , 2.1111538    , 0.0 , 0.0 , -1.0    ,-24.1875 , -36.9375 , -7.4375
38299561  , 1.6480621 , 9.765789 , 1.8387469    , 0.0 , 0.0 , -1.0    ,-24.1875 , -36.9375 , -7.4375
40618897  , 1.6480621 , 9.765789 , 1.8387469    , 0.0 , 0.0 , -1.0    ,-23.9375 , -36.9375 , -7.4375
640869  , 1.3756552 , 9.466142 , 1.920469    , 0.0 , 0.0 , -1.0    ,-23.9375 , -36.9375 , -7.4375
39581298  , 1.3756552 , 9.466142 , 1.920469    , 0.0 , 0.0 , -1.0    ,-23.6875 , -36.9375 , -7.1875
244140  , 1.0760075 , 9.043911 , 1.607201    , 0.0 , 0.0 , -1.0    ,-23.6875 , -36.9375 , -7.1875
26550293  , 1.0760075 , 9.043911 , 1.607201    , 0.0 , 0.0 , -1.0    ,-23.1875 , -36.6875 , -7.9375
183105  , 1.3075534 , 9.615966 , 1.7297841    , 0.0 , 0.0 , -1.0    ,-23.1875 , -36.6875 , -7.9375
29541015  , 1.3075534 , 9.615966 , 1.7297841    , 0.0 , 0.0 , -1.0    ,-23.4375 , -36.6875 , -7.6875
244141  , 1.334794 , 10.337844 , 2.0294318    , 0.0 , 0.0 , -1.0    ,-23.4375 , -36.6875 , -7.6875
62011717  , 1.334794 , 10.337844 , 2.0294318    , 0.0 , 0.0 , -1.0    ,-23.1875 , -36.9375 , -7.9375
244141  , 1.3756552 , 10.800936 , 2.0294318    , 0.0 , 0.0 , -1.0    ,-23.1875 , -36.9375 , -7.9375
183106  , 1.3756552 , 10.800936 , 2.0294318    , 0.0 , 0.0 , -1.0    ,-23.1875 , -36.6875 , -8.4375
183105  , 1.6889231 , 11.34575 , 1.4982382    , 0.0 , 0.0 , -1.0    ,-23.1875 , -36.6875 , -8.4375
26214599  , 1.6889231 , 11.34575 , 1.4982382    , 0.0 , 0.0 , -1.0    ,-23.1875 , -37.1875 , -8.1875
213623  , 2.1111538 , 11.536434 , 0.313268    , 0.0 , 0.0 , -1.0    ,-23.1875 , -37.1875 , -8.1875
29632567  , 2.1111538 , 11.536434 , 0.313268    , 0.0 , 0.0 , -1.0    ,-22.625 , -37.1875 , -8.1875
244141  , 1.7978859 , 11.032481 , 0.313268    , 0.0 , 0.0 , -1.0    ,-22.625 , -37.1875 , -8.1875
29510496  , 1.7978859 , 11.032481 , 0.313268    , 0.0 , 0.0 , -1.0    ,-22.375 , -37.4375 , -7.9375
274658  , 1.5390993 , 10.882658 , -0.10896278    , 0.0 , 0.0 , -1.0    ,-22.375 , -37.4375 , -7.9375
30700683  , 1.5390993 , 10.882658 , -0.10896278    , 0.0 , 0.0 , -1.0    ,-22.125 , -37.6875 , -6.75
396728  , 1.7978859 , 10.760075 , -0.7627395    , 0.0 , 0.0 , -1.0    ,-22.125 , -37.6875 , -6.75
38665773  , 1.7978859 , 10.760075 , -0.7627395    , 0.0 , 0.0 , -1.0    ,-22.125 , -37.9375 , -5.75
457763  , 2.1792557 , 10.528529 , -0.6946377    , 0.0 , 0.0 , -1.0    ,-22.125 , -37.9375 , -5.75
39123536  , 2.1792557 , 10.528529 , -0.6946377    , 0.0 , 0.0 , -1.0    ,-22.125 , -38.1875 , -4.5
427246  , 1.607201 , 10.119919 , 0.6537767    , 0.0 , 0.0 , -1.0    ,-22.125 , -38.1875 , -4.5
38909913  , 1.607201 , 10.119919 , 0.6537767    , 0.0 , 0.0 , -1.0    ,-22.625 , -38.1875 , -3.0625
457764  , 0.95342433 , 9.997335 , 0.46309182    , 0.0 , 0.0 , -1.0    ,-22.625 , -38.1875 , -3.0625
39184571  , 0.95342433 , 9.997335 , 0.46309182    , 0.0 , 0.0 , -1.0    ,-22.375 , -38.6875 , -2.5625
457764  , 0.7627395 , 9.956474 , -0.19068487    , 0.0 , 0.0 , -1.0    ,-22.375 , -38.6875 , -2.5625
39093018  , 0.7627395 , 9.956474 , -0.19068487    , 0.0 , 0.0 , -1.0    ,-22.625 , -38.6875 , -1.375
427246  , 0.313268 , 8.771504 , 1.6480621    , 0.0 , 0.0 , -1.0    ,-22.625 , -38.6875 , -1.375
38757324  , 0.313268 , 8.771504 , 1.6480621    , 0.0 , 0.0 , -1.0    ,-22.625 , -38.6875 , -0.625
457764  , 0.53119355 , 7.8861814 , 4.6036777    , 0.0 , 0.0 , -1.0    ,-22.625 , -38.6875 , -0.625
38848877  , 0.53119355 , 7.8861814 , 4.6036777    , 0.0 , 0.0 , -1.0    ,-22.875 , -38.6875 , -0.375
427246  , 1.1849703 , 8.158588 , 4.862464    , 0.0 , 0.0 , -1.0    ,-22.875 , -38.6875 , -0.375
39276123  , 1.1849703 , 8.158588 , 4.862464    , 0.0 , 0.0 , -1.0    ,-23.4375 , -38.9375 , 0.125
427246  , 1.1441092 , 8.076866 , 6.2108784    , 0.0 , 0.0 , -1.0    ,-23.4375 , -38.9375 , 0.125
38787841  , 1.1441092 , 8.076866 , 6.2108784    , 0.0 , 0.0 , -1.0    ,-23.4375 , -39.625 , -0.125
457763  , 0.95342433 , 8.281172 , 4.3312707    , 0.0 , 0.0 , -1.0    ,-23.4375 , -39.625 , -0.125
39123534  , 0.95342433 , 8.281172 , 4.3312707    , 0.0 , 0.0 , -1.0    ,-23.9375 , -40.125 , -0.125
457764  , 1.1441092 , 8.921328 , 4.3312707    , 0.0 , 0.0 , -1.0    ,-23.9375 , -40.125 , -0.125
38787840  , 1.1441092 , 8.921328 , 4.3312707    , 0.0 , 0.0 , -1.0    ,-23.1875 , -40.125 , -0.125
427246  , 0.6537767 , 8.921328 , 2.7649305    , 0.0 , 0.0 , -1.0    ,-23.1875 , -40.125 , -0.125
40344237  , 0.6537767 , 8.921328 , 2.7649305    , 0.0 , 0.0 , -1.0    ,-22.875 , -40.125 , -0.125
457764  , 0.38136974 , 9.425281 , 2.4516625    , 0.0 , 0.0 , -1.0    ,-22.875 , -40.125 , -0.125
37719728  , 0.38136974 , 9.425281 , 2.4516625    , 0.0 , 0.0 , -1.0    ,-22.875 , -39.875 , -0.125
457763  , 0.92618364 , 9.00305 , 3.9090397    , 0.0 , 0.0 , -1.0    ,-22.875 , -39.875 , -0.125
39245607  , 0.92618364 , 9.00305 , 3.9090397    , 0.0 , 0.0 , -1.0    ,-23.1875 , -39.625 , -0.125
427246  , 0.3405087 , 9.302697 , 2.070293    , 0.0 , 0.0 , -1.0    ,-23.1875 , -39.625 , -0.125
38940431  , 0.3405087 , 9.302697 , 2.070293    , 0.0 , 0.0 , -1.0    ,-23.9375 , -39.375 , -0.375
427246  , 0.7218784 , 10.269742 , 2.3699405    , 0.0 , 0.0 , -1.0    ,-23.9375 , -39.375 , -0.375
39184571  , 0.7218784 , 10.269742 , 2.3699405    , 0.0 , 0.0 , -1.0    ,-24.1875 , -38.9375 , -0.625
457764  , 1.1441092 , 10.147159 , 1.9477097    , 0.0 , 0.0 , -1.0    ,-24.1875 , -38.9375 , -0.625
57647706  , 1.1441092 , 10.147159 , 1.9477097    , 0.0 , 0.0 , -1.0    ,-24.9375 , -37.9375 , -0.875
244141  , 1.2666923 , 10.228881 , 1.5390993    , 0.0 , 0.0 , -1.0    ,-24.9375 , -37.9375 , -0.875
9735108  , 1.2666923 , 10.228881 , 1.5390993    , 0.0 , 0.0 , -1.0    ,-24.9375 , -37.4375 , -1.375
183105  , 1.3075534 , 10.337844 , 2.152015    , 0.0 , 0.0 , -1.0    ,-24.9375 , -37.4375 , -1.375
29754639  , 1.3075534 , 10.337844 , 2.152015    , 0.0 , 0.0 , -1.0    ,-25.1875 , -37.6875 , -1.125
213623  , 1.334794 , 10.119919 , 2.3426998    , 0.0 , 0.0 , -1.0    ,-25.1875 , -37.6875 , -1.125
29296875  , 1.3756552 , 9.997335 , 2.3426998    , 0.0 , 0.0 , -1.0    ,-25.1875 , -37.6875 , -1.125
31707763  , 1.3756552 , 9.997335 , 2.3426998    , 0.0 , 0.0 , -1.0    ,-24.9375 , -38.1875 , -1.125
457763  , 1.334794 , 9.997335 , 2.3699405    , 0.0 , 0.0 , -1.0    ,-24.9375 , -38.1875 , -1.125
38238525  , 1.334794 , 9.997335 , 2.3699405    , 0.0 , 0.0 , -1.0    ,-25.1875 , -38.1875 , -1.125
457764  , 1.4573772 , 10.18802 , 2.4925237    , 0.0 , 0.0 , -1.0    ,-25.1875 , -38.1875 , -1.125
38818358  , 1.4573772 , 10.18802 , 2.4925237    , 0.0 , 0.0 , -1.0    ,-24.9375 , -38.1875 , -1.125
457763  , 1.5390993 , 11.073342 , 1.56634    , 0.0 , 0.0 , -1.0    ,-24.9375 , -38.1875 , -1.125
39245604  , 1.5390993 , 11.073342 , 1.56634    , 0.0 , 0.0 , -1.0    ,-25.1875 , -38.1875 , -1.375
427246  , 2.7240696 , 12.571581 , 2.5606253    , 0.0 , 0.0 , -1.0    ,-25.1875 , -38.1875 , -1.375
38757322  , 2.7240696 , 12.571581 , 2.5606253    , 0.0 , 0.0 , -1.0    ,-25.1875 , -38.1875 , -1.125
457764  , 3.173541 , 13.593107 , 2.3018389    , 0.0 , 0.0 , -1.0    ,-25.1875 , -38.1875 , -1.125
39398192  , 3.173541 , 13.593107 , 2.3018389    , 0.0 , 0.0 , -1.0    ,-24.9375 , -38.1875 , -0.375
213623  , 2.7240696 , 14.137921 , 2.6832085    , 0.0 , 0.0 , -1.0    ,-24.9375 , -38.1875 , -0.375
39550784  , 2.7240696 , 14.137921 , 2.6832085    , 0.0 , 0.0 , -1.0    ,-24.6875 , -38.1875 , -0.125
366211  , 2.6832085 , 13.824653 , 2.4925237    , 0.0 , 0.0 , -1.0    ,-24.6875 , -38.1875 , -0.125
38513185  , 2.6832085 , 13.824653 , 2.4925237    , 0.0 , 0.0 , -1.0    ,-24.9375 , -38.1875 , 1.5625
366211  , 2.6014864 , 13.33432 , 2.9556155    , 0.0 , 0.0 , -1.0    ,-24.9375 , -38.1875 , 1.5625
39550783  , 2.6014864 , 13.33432 , 2.9556155    , 0.0 , 0.0 , -1.0    ,-24.6875 , -38.1875 , 2.3125
427246  , 2.2609777 , 12.14935 , 1.8387469    , 0.0 , 0.0 , -1.0    ,-24.6875 , -38.1875 , 2.3125
38879396  , 2.2609777 , 12.14935 , 1.8387469    , 0.0 , 0.0 , -1.0    ,-24.4375 , -38.4375 , 4.0625
427246  , 1.56634 , 11.032481 , 1.1168685    , 0.0 , 0.0 , -1.0    ,-24.4375 , -38.4375 , 4.0625
39123536  , 1.56634 , 11.032481 , 1.1168685    , 0.0 , 0.0 , -1.0    ,-24.4375 , -37.9375 , 6.0
427246  , 1.7570249 , 9.997335 , 0.6537767    , 0.0 , 0.0 , -1.0    ,-24.4375 , -37.9375 , 6.0
38787842  , 1.7570249 , 9.997335 , 0.6537767    , 0.0 , 0.0 , -1.0    ,-23.9375 , -37.9375 , 7.1875
457763  , 1.7570249 , 8.499097 , -0.46309182    , 0.0 , 0.0 , -1.0    ,-23.9375 , -37.9375 , 7.1875
39306641  , 1.7570249 , 8.499097 , -0.46309182    , 0.0 , 0.0 , -1.0    ,-23.1875 , -37.4375 , 9.1875
427246  , 1.1168685 , 6.742072 , 0.38136974    , 0.0 , 0.0 , -1.0    ,-23.1875 , -37.4375 , 9.1875
38879395  , 1.1168685 , 6.742072 , 0.38136974    , 0.0 , 0.0 , -1.0    ,-22.875 , -37.6875 , 10.125
427246  , 1.0760075 , 5.175732 , 0.5720546    , 0.0 , 0.0 , -1.0    ,-22.875 , -37.6875 , 10.125
39123534  , 1.0760075 , 5.175732 , 0.5720546    , 0.0 , 0.0 , -1.0    ,-22.125 , -38.1875 , 11.375
427246  , 1.2666923 , 5.829509 , 1.2258313    , 0.0 , 0.0 , -1.0    ,-22.125 , -38.1875 , 11.375
38818358  , 1.2666923 , 5.829509 , 1.2258313    , 0.0 , 0.0 , -1.0    ,-21.375 , -38.4375 , 11.375
457764  , 1.1849703 , 6.2789803 , 2.1792557    , 0.0 , 0.0 , -1.0    ,-21.375 , -38.4375 , 11.375
39306640  , 1.1849703 , 6.2789803 , 2.1792557    , 0.0 , 0.0 , -1.0    ,-20.625 , -39.375 , 11.125
457763  , 0.08172209 , 6.4424243 , 0.7627395    , 0.0 , 0.0 , -1.0    ,-20.625 , -39.375 , 11.125
38787840  , 0.08172209 , 6.4424243 , 0.7627395    , 0.0 , 0.0 , -1.0    ,-19.375 , -40.125 , 10.625
427246  , -1.0760075 , 7.273266 , 1.0760075    , 0.0 , 0.0 , -1.0    ,-19.375 , -40.125 , 10.625
67260744  , -1.0760075 , 7.273266 , 1.0760075    , 0.0 , 0.0 , -1.0    ,-18.0625 , -40.625 , 9.875
244141  , -0.61291564 , 7.8180795 , 0.313268    , 0.0 , 0.0 , -1.0    ,-18.0625 , -40.625 , 9.875
1129150  , -0.61291564 , 7.8180795 , 0.313268    , 0.0 , 0.0 , -1.0    ,-17.0625 , -41.375 , 10.125
213623  , 0.040861044 , 9.084772 , 0.6946377    , 0.0 , 0.0 , -1.0    ,-17.0625 , -41.375 , 10.125
28930665  , 0.040861044 , 9.084772 , 0.6946377    , 0.0 , 0.0 , -1.0    ,-17.0625 , -41.625 , 10.125
213623  , 0.313268 , 9.384419 , 1.334794    , 0.0 , 0.0 , -1.0    ,-17.0625 , -41.625 , 10.125
28869630  , 0.313268 , 9.384419 , 1.334794    , 0.0 , 0.0 , -1.0    ,-16.8125 , -41.375 , 10.375
183105  , 0.53119355 , 9.507003 , 0.5720546    , 0.0 , 0.0 , -1.0    ,-16.8125 , -41.375 , 10.375
30487062  , 0.53119355 , 9.507003 , 0.5720546    , 0.0 , 0.0 , -1.0    ,-17.0625 , -41.125 , 10.375
335693  , 0.88532263 , 9.765789 , 0.61291564    , 0.0 , 0.0 , -1.0    ,-17.0625 , -41.125 , 10.375
39672853  , 0.88532263 , 9.765789 , 0.61291564    , 0.0 , 0.0 , -1.0    ,-17.5625 , -40.875 , 10.625
457764  , 0.84446156 , 10.18802 , 1.1168685    , 0.0 , 0.0 , -1.0    ,-17.5625 , -40.875 , 10.625
38208008  , 0.84446156 , 10.18802 , 1.1168685    , 0.0 , 0.0 , -1.0    ,-17.8125 , -40.875 , 10.625
457763  , 1.0760075 , 9.888372 , 0.7218784    , 0.0 , 0.0 , -1.0    ,-17.8125 , -40.875 , 10.625
39154053  , 1.0760075 , 9.888372 , 0.7218784    , 0.0 , 0.0 , -1.0    ,-18.5625 , -40.875 , 10.625
427246  , 1.4165162 , 9.956474 , 0.23154591    , 0.0 , 0.0 , -1.0    ,-18.5625 , -40.875 , 10.625
38940429  , 1.4165162 , 9.956474 , 0.23154591    , 0.0 , 0.0 , -1.0    ,-19.625 , -40.875 , 11.125
427246  , 1.334794 , 9.80665 , 0.53119355    , 0.0 , 0.0 , -1.0    ,-19.625 , -40.875 , 11.125
39062500  , 1.334794 , 9.80665 , 0.53119355    , 0.0 , 0.0 , -1.0    ,-20.125 , -40.625 , 10.875
427246  , 2.4108016 , 10.119919 , -0.0    , 0.0 , 0.0 , -1.0    ,-20.125 , -40.625 , 10.875
39031981  , 2.4108016 , 10.119919 , -0.0    , 0.0 , 0.0 , -1.0    ,-20.875 , -40.125 , 11.625
457763  , 3.6774938 , 10.147159 , -0.08172209    , 0.0 , 0.0 , -1.0    ,-20.875 , -40.125 , 11.625
39337157  , 3.6774938 , 10.147159 , -0.08172209    , 0.0 , 0.0 , -1.0    ,-21.625 , -39.375 , 12.125
427246  , 4.7126403 , 9.997335 , -0.6946377    , 0.0 , 0.0 , -1.0    ,-21.625 , -39.375 , 12.125
38604735  , 4.7126403 , 9.997335 , -0.6946377    , 0.0 , 0.0 , -1.0    ,-22.125 , -38.9375 , 12.125
457763  , 5.6252036 , 9.915613 , -0.7218784    , 0.0 , 0.0 , -1.0    ,-22.125 , -38.9375 , 12.125
39276121  , 5.6252036 , 9.915613 , -0.7218784    , 0.0 , 0.0 , -1.0    ,-22.375 , -38.6875 , 12.5625
427246  , 6.1291566 , 10.310603 , -0.29964766    , 0.0 , 0.0 , -1.0    ,-22.375 , -38.6875 , 12.5625
38818361  , 6.1291566 , 10.310603 , -0.29964766    , 0.0 , 0.0 , -1.0    ,-22.375 , -38.1875 , 13.0625
427246  , 5.6660647 , 10.56939 , -1.4982382    , 0.0 , 0.0 , -1.0    ,-22.375 , -38.1875 , 13.0625
39245607  , 5.6660647 , 10.56939 , -1.4982382    , 0.0 , 0.0 , -1.0    ,-21.375 , -37.9375 , 14.3125
427246  , 5.012288 , 10.61025 , -0.38136974    , 0.0 , 0.0 , -1.0    ,-21.375 , -37.9375 , 14.3125
38818361  , 5.012288 , 10.61025 , -0.38136974    , 0.0 , 0.0 , -1.0    ,-20.375 , -38.4375 , 16.0
427246  , 4.6036777 , 10.528529 , 0.88532263    , 0.0 , 0.0 , -1.0    ,-20.375 , -38.4375 , 16.0
39184571  , 4.6036777 , 10.528529 , 0.88532263    , 0.0 , 0.0 , -1.0    ,-18.3125 , -38.1875 , 18.4375
457764  , 4.3312707 , 9.915613 , 0.92618364    , 0.0 , 0.0 , -1.0    ,-18.3125 , -38.1875 , 18.4375
38879395  , 4.3312707 , 9.915613 , 0.92618364    , 0.0 , 0.0 , -1.0    ,-15.5625 , -38.6875 , 20.6875
457764  , 2.6832085 , 9.234595 , 2.6423476    , 0.0 , 0.0 , -1.0    ,-15.5625 , -38.6875 , 20.6875
39093018  , 2.6832085 , 9.234595 , 2.6423476    , 0.0 , 0.0 , -1.0    ,-12.5 , -38.6875 , 21.875
457764  , 1.1849703 , 8.580819 , 2.152015    , 0.0 , 0.0 , -1.0    ,-12.5 , -38.6875 , 21.875
39001465  , 1.1849703 , 8.580819 , 2.152015    , 0.0 , 0.0 , -1.0    ,-8.9375 , -39.1875 , 22.875
457763  , -0.19068487 , 8.349273 , 2.070293    , 0.0 , 0.0 , -1.0    ,-8.9375 , -39.1875 , 22.875
39154052  , -0.19068487 , 8.349273 , 2.070293    , 0.0 , 0.0 , -1.0    ,-5.875 , -39.375 , 23.125
427246  , -1.334794 , 8.662541 , 3.214402    , 0.0 , 0.0 , -1.0    ,-5.875 , -39.375 , 23.125
63079832  , -1.334794 , 8.662541 , 3.214402    , 0.0 , 0.0 , -1.0    ,-2.625 , -40.125 , 23.125
213623  , -1.7297841 , 9.112013 , 3.718355    , 0.0 , 0.0 , -1.0    ,-2.625 , -40.125 , 23.125
4333496  , -1.7297841 , 9.112013 , 3.718355    , 0.0 , 0.0 , -1.0    ,-0.0625 , -40.625 , 22.625
213623  , -2.0294318 , 9.234595 , 2.9556155    , 0.0 , 0.0 , -1.0    ,-0.0625 , -40.625 , 22.625
29785156  , -2.0294318 , 9.234595 , 2.9556155    , 0.0 , 0.0 , -1.0    ,1.4375 , -40.375 , 21.875
213623  , -2.6014864 , 9.275456 , 2.4108016    , 0.0 , 0.0 , -1.0    ,1.4375 , -40.375 , 21.875
29724120  , -2.6014864 , 9.275456 , 2.4108016    , 0.0 , 0.0 , -1.0    ,3.25 , -40.625 , 21.125
274658  , -2.8738933 , 9.193735 , 2.4516625    , 0.0 , 0.0 , -1.0    ,3.25 , -40.625 , 21.125
30639647  , -2.8738933 , 9.193735 , 2.4516625    , 0.0 , 0.0 , -1.0    ,3.5 , -40.125 , 20.875
457764  , -2.7921712 , 9.343558 , 2.1111538    , 0.0 , 0.0 , -1.0    ,3.5 , -40.125 , 20.875
38208009  , -2.7921712 , 9.343558 , 2.1111538    , 0.0 , 0.0 , -1.0    ,3.5 , -40.375 , 21.375
457764  , -2.4516625 , 9.466142 , 1.4982382    , 0.0 , 0.0 , -1.0    ,3.5 , -40.375 , 21.375
39245607  , -2.4516625 , 9.466142 , 1.4982382    , 0.0 , 0.0 , -1.0    ,4.25 , -40.125 , 22.125
457764  , -1.7570249 , 9.152874 , 1.3075534    , 0.0 , 0.0 , -1.0    ,4.25 , -40.125 , 22.125
39611818  , -1.7570249 , 9.152874 , 1.3075534    , 0.0 , 0.0 , -1.0    ,3.75 , -39.875 , 22.375
427246  , -1.525479 , 9.084772 , 0.7627395    , 0.0 , 0.0 , -1.0    ,3.75 , -39.875 , 22.375
38360597  , -1.525479 , 9.084772 , 0.7627395    , 0.0 , 0.0 , -1.0    ,3.75 , -40.125 , 22.875
457764  , -0.9125633 , 8.390134 , -0.6946377    , 0.0 , 0.0 , -1.0    ,3.75 , -40.125 , 22.875
38909913  , -0.9125633 , 8.390134 , -0.6946377    , 0.0 , 0.0 , -1.0    ,3.25 , -39.875 , 22.625
457764  , -0.7218784 , 8.117727 , -0.7627395    , 0.0 , 0.0 , -1.0    ,3.25 , -39.875 , 22.625
39123536  , -0.7218784 , 8.117727 , -0.7627395    , 0.0 , 0.0 , -1.0    ,2.5 , -39.625 , 22.625
427246  , -0.46309182 , 7.6954966 , -2.8738933    , 0.0 , 0.0 , -1.0    ,2.5 , -39.625 , 22.625
38848877  , -0.46309182 , 7.6954966 , -2.8738933    , 0.0 , 0.0 , -1.0    ,1.9375 , -39.625 , 23.125
427246  , -0.23154591 , 7.164303 , -3.214402    , 0.0 , 0.0 , -1.0    ,1.9375 , -39.625 , 23.125
39154053  , -0.23154591 , 7.164303 , -3.214402    , 0.0 , 0.0 , -1.0    ,1.6875 , -38.9375 , 23.125
427246  , 0.19068487 , 7.273266 , -2.5333846    , 0.0 , 0.0 , -1.0    ,1.6875 , -38.9375 , 23.125
38909911  , 0.19068487 , 7.273266 , -2.5333846    , 0.0 , 0.0 , -1.0    ,1.1875 , -39.1875 , 23.375
427246  , 0.95342433 , 7.8589406 , -1.525479    , 0.0 , 0.0 , -1.0    ,1.1875 , -39.1875 , 23.375
39184569  , 0.95342433 , 7.8589406 , -1.525479    , 0.0 , 0.0 , -1.0    ,0.9375 , -39.875 , 22.375
427246  , 1.5390993 , 7.7363577 , -1.4982382    , 0.0 , 0.0 , -1.0    ,0.9375 , -39.875 , 22.375
39245604  , 1.5390993 , 7.7363577 , -1.4982382    , 0.0 , 0.0 , -1.0    ,0.4375 , -40.125 , 21.125
427246  , 2.2609777 , 8.539958 , -0.19068487    , 0.0 , 0.0 , -1.0    ,0.4375 , -40.125 , 21.125
39428710  , 2.2609777 , 8.539958 , -0.19068487    , 0.0 , 0.0 , -1.0    ,-1.0625 , -40.875 , 19.1875
457763  , 2.6423476 , 8.471856 , 0.7627395    , 0.0 , 0.0 , -1.0    ,-1.0625 , -40.875 , 19.1875
38116454  , 2.6423476 , 8.471856 , 0.7627395    , 0.0 , 0.0 , -1.0    ,-1.8125 , -41.375 , 17.5
427246  , 2.6423476 , 8.539958 , 1.7297841    , 0.0 , 0.0 , -1.0    ,-1.8125 , -41.375 , 17.5
39215090  , 2.6423476 , 8.539958 , 1.7297841    , 0.0 , 0.0 , -1.0    ,-3.375 , -41.375 , 16.25
427246  , 3.0237172 , 9.343558 , 3.3778462    , 0.0 , 0.0 , -1.0    ,-3.375 , -41.375 , 16.25
38879396  , 3.0237172 , 9.343558 , 3.3778462    , 0.0 , 0.0 , -1.0    ,-4.375 , -42.125 , 14.8125
427246  , 2.9556155 , 9.425281 , 3.0237172    , 0.0 , 0.0 , -1.0    ,-4.375 , -42.125 , 14.8125
39154054  , 2.9556155 , 9.425281 , 3.0237172    , 0.0 , 0.0 , -1.0    ,-5.125 , -42.875 , 13.3125
427246  , 2.5606253 , 9.152874 , 3.718355    , 0.0 , 0.0 , -1.0    ,-5.125 , -42.875 , 13.3125
38909913  , 2.5606253 , 9.152874 , 3.718355    , 0.0 , 0.0 , -1.0    ,-5.875 , -43.625 , 11.875
457764  , 2.9147544 , 9.656827 , 4.2495484    , 0.0 , 0.0 , -1.0    ,-5.875 , -43.625 , 11.875
62652589  , 2.9147544 , 9.656827 , 4.2495484    , 0.0 , 0.0 , -1.0    ,-6.6875 , -44.125 , 10.125
244141  , 4.0180025 , 10.079058 , 4.3312707    , 0.0 , 0.0 , -1.0    ,-6.6875 , -44.125 , 10.125
5035401  , 4.0180025 , 10.079058 , 4.3312707    , 0.0 , 0.0 , -1.0    ,-7.6875 , -44.625 , 8.6875
1007080  , 4.4810944 , 10.841797 , 5.6252036    , 0.0 , 0.0 , -1.0    ,-7.6875 , -44.625 , 8.6875
38879395  , 4.4810944 , 10.841797 , 5.6252036    , 0.0 , 0.0 , -1.0    ,-8.1875 , -44.375 , 7.1875
213623  , 4.5219555 , 11.073342 , 5.9793324    , 0.0 , 0.0 , -1.0    ,-8.1875 , -44.375 , 7.1875
29418945  , 4.5219555 , 11.073342 , 5.9793324    , 0.0 , 0.0 , -1.0    ,-8.9375 , -44.625 , 5.75
244141  , 3.636633 , 10.501288 , 5.9793324    , 0.0 , 0.0 , -1.0    ,-8.9375 , -44.625 , 5.75
30120849  , 3.636633 , 10.501288 , 5.9793324    , 0.0 , 0.0 , -1.0    ,-9.4375 , -44.375 , 4.5
366211  , 3.1463003 , 10.147159 , 5.597963    , 0.0 , 0.0 , -1.0    ,-9.4375 , -44.375 , 4.5
39154052  , 3.1463003 , 10.147159 , 5.597963    , 0.0 , 0.0 , -1.0    ,-9.6875 , -44.125 , 3.5625
457764  , 3.173541 , 9.724928 , 5.366417    , 0.0 , 0.0 , -1.0    ,-9.6875 , -44.125 , 3.5625
39184569  , 3.173541 , 9.724928 , 5.366417    , 0.0 , 0.0 , -1.0    ,-9.9375 , -44.375 , 3.5625
427246  , 3.2961242 , 9.656827 , 5.8567495    , 0.0 , 0.0 , -1.0    ,-9.9375 , -44.375 , 3.5625
38940429  , 3.2961242 , 9.656827 , 5.8567495    , 0.0 , 0.0 , -1.0    ,-10.1875 , -43.875 , 3.8125
457763  , 3.6774938 , 9.112013 , 4.944186    , 0.0 , 0.0 , -1.0    ,-10.1875 , -43.875 , 3.8125
43640135  , 3.6774938 , 9.112013 , 4.944186    , 0.0 , 0.0 , -1.0    ,-9.9375 , -44.125 , 4.5
427246  , 3.3778462 , 8.158588 , 4.372132    , 0.0 , 0.0 , -1.0    ,-9.9375 , -44.125 , 4.5
33599856  , 3.3778462 , 8.158588 , 4.372132    , 0.0 , 0.0 , -1.0    ,-10.1875 , -43.375 , 5.5
183106  , 2.9556155 , 7.1234417 , 4.862464    , 0.0 , 0.0 , -1.0    ,-10.1875 , -43.375 , 5.5
30639650  , 2.9556155 , 7.1234417 , 4.862464    , 0.0 , 0.0 , -1.0    ,-10.5 , -43.875 , 6.0
244141  , 2.7240696 , 6.2789803 , 4.0180025    , 0.0 , 0.0 , -1.0    ,-10.5 , -43.875 , 6.0
28686525  , 2.7240696 , 6.2789803 , 4.0180025    , 0.0 , 0.0 , -1.0    ,-10.75 , -43.625 , 6.25
244140  , 2.5333846 , 4.9850473 , 3.2961242    , 0.0 , 0.0 , -1.0    ,-10.75 , -43.625 , 6.25
29571534  , 2.5333846 , 4.9850473 , 3.2961242    , 0.0 , 0.0 , -1.0    ,-11.25 , -43.375 , 6.5
274658  , 2.7649305 , 4.0588636 , 2.9556155    , 0.0 , 0.0 , -1.0    ,-11.25 , -43.375 , 6.5
29541017  , 2.7649305 , 4.0588636 , 2.9556155    , 0.0 , 0.0 , -1.0    ,-12.0 , -44.375 , 6.75
396728  , 2.7240696 , 4.671779 , 2.7649305    , 0.0 , 0.0 , -1.0    ,-12.0 , -44.375 , 6.75
39428712  , 2.7240696 , 4.671779 , 2.7649305    , 0.0 , 0.0 , -1.0    ,-12.5 , -43.875 , 6.75
457764  , 2.3699405 , 4.7535014 , 2.3426998    , 0.0 , 0.0 , -1.0    ,-12.5 , -43.875 , 6.75
38818360  , 2.3699405 , 4.7535014 , 2.3426998    , 0.0 , 0.0 , -1.0    ,-12.75 , -43.875 , 6.75
457764  , 2.8738933 , 3.2961242 , 2.070293    , 0.0 , 0.0 , -1.0    ,-12.75 , -43.875 , 6.75
44189453  , 2.8738933 , 3.2961242 , 2.070293    , 0.0 , 0.0 , -1.0    ,-13.5 , -43.875 , 6.5
457764  , 2.6832085 , 3.9090397 , 2.152015    , 0.0 , 0.0 , -1.0    ,-13.5 , -43.875 , 6.5
34759522  , 2.6832085 , 3.9090397 , 2.152015    , 0.0 , 0.0 , -1.0    ,-14.0 , -42.875 , 6.0
457764  , 2.9147544 , 6.5513873 , 2.7921712    , 0.0 , 0.0 , -1.0    ,-14.0 , -42.875 , 6.0
37933349  , 2.9147544 , 6.5513873 , 2.7921712    , 0.0 , 0.0 , -1.0    ,-15.3125 , -42.375 , 5.25
183105  , 2.5333846 , 7.3141265 , 2.152015    , 0.0 , 0.0 , -1.0    ,-15.3125 , -42.375 , 5.25
29144286  , 2.5333846 , 7.3141265 , 2.152015    , 0.0 , 0.0 , -1.0    ,-16.3125 , -42.625 , 4.25
213623  , 3.3778462 , 8.19945 , 4.5219555    , 0.0 , 0.0 , -1.0    ,-16.3125 , -42.625 , 4.25
40802000  , 3.3778462 , 8.19945 , 4.5219555    , 0.0 , 0.0 , -1.0    ,-17.5625 , -41.875 , 3.0625
366211  , 5.012288 , 10.228881 , 6.66035    , 0.0 , 0.0 , -1.0    ,-17.5625 , -41.875 , 3.0625
38726805  , 5.012288 , 10.228881 , 6.66035    , 0.0 , 0.0 , -1.0    ,-19.375 , -41.375 , 1.125
427246  , 6.0474343 , 12.912089 , 9.343558    , 0.0 , 0.0 , -1.0    ,-19.375 , -41.375 , 1.125
60882568  , 6.0474343 , 12.912089 , 9.343558    , 0.0 , 0.0 , -1.0    ,-20.625 , -40.625 , -1.375
244141  , 4.8216033 , 12.571581 , 10.501288    , 0.0 , 0.0 , -1.0    ,-20.625 , -40.625 , -1.375
6774903  , 4.8216033 , 12.571581 , 10.501288    , 0.0 , 0.0 , -1.0    ,-21.875 , -39.375 , -3.8125
213623  , 4.1814466 , 11.795221 , 11.34575    , 0.0 , 0.0 , -1.0    ,-21.875 , -39.375 , -3.8125
29998780  , 4.1814466 , 11.795221 , 11.34575    , 0.0 , 0.0 , -1.0    ,-22.125 , -39.1875 , -6.0
213623  , 3.568531 , 11.604536 , 11.495573    , 0.0 , 0.0 , -1.0    ,-22.125 , -39.1875 , -6.0
29022218  , 3.568531 , 11.604536 , 11.495573    , 0.0 , 0.0 , -1.0    ,-21.625 , -39.375 , -7.9375
213623  , 1.56634 , 11.372991 , 10.882658    , 0.0 , 0.0 , -1.0    ,-21.625 , -39.375 , -7.9375
30853273  , 1.56634 , 11.372991 , 10.882658    , 0.0 , 0.0 , -1.0    ,-20.875 , -39.1875 , -8.6875
366211  , 1.607201 , 9.724928 , 10.228881    , 0.0 , 0.0 , -1.0    ,-20.875 , -39.1875 , -8.6875
38818361  , 1.607201 , 9.724928 , 10.228881    , 0.0 , 0.0 , -1.0    ,-20.625 , -39.1875 , -9.1875
457764  , 1.607201 , 9.152874 , 9.507003    , 0.0 , 0.0 , -1.0    ,-20.625 , -39.1875 , -9.1875
38940430  , 1.607201 , 9.152874 , 9.507003    , 0.0 , 0.0 , -1.0    ,-20.625 , -39.375 , -9.4375
457763  , 0.9942854 , 9.847511 , 9.302697    , 0.0 , 0.0 , -1.0    ,-20.625 , -39.375 , -9.4375
38818360  , 0.9942854 , 9.847511 , 9.302697    , 0.0 , 0.0 , -1.0    ,-20.625 , -38.6875 , -9.6875
427246  , 1.0351465 , 7.504812 , 8.580819    , 0.0 , 0.0 , -1.0    ,-20.625 , -38.6875 , -9.6875
39337158  , 1.0351465 , 7.504812 , 8.580819    , 0.0 , 0.0 , -1.0    ,-20.375 , -38.9375 , -9.875
427246  , 1.3075534 , 7.668256 , 8.349273    , 0.0 , 0.0 , -1.0    ,-20.375 , -38.9375 , -9.875
38787842  , 1.3075534 , 7.668256 , 8.349273    , 0.0 , 0.0 , -1.0    ,-20.625 , -38.4375 , -10.625
427246  , 2.5606253 , 8.158588 , 7.5865335    , 0.0 , 0.0 , -1.0    ,-20.625 , -38.4375 , -10.625
39154052  , 2.5606253 , 8.158588 , 7.5865335    , 0.0 , 0.0 , -1.0    ,-20.375 , -37.6875 , -11.625
427246  , 2.982856 , 7.9270425 , 7.205164    , 0.0 , 0.0 , -1.0    ,-20.375 , -37.6875 , -11.625
38757323  , 2.982856 , 7.9270425 , 7.205164    , 0.0 , 0.0 , -1.0    ,-19.875 , -37.6875 , -12.5625
457764  , 4.3312707 , 7.7363577 , 6.1700177    , 0.0 , 0.0 , -1.0    ,-19.875 , -37.6875 , -12.5625
39550780  , 4.3312707 , 7.7363577 , 6.1700177    , 0.0 , 0.0 , -1.0    ,-20.375 , -37.1875 , -14.3125
457764  , 5.053149 , 8.158588 , 5.597963    , 0.0 , 0.0 , -1.0    ,-20.375 , -37.1875 , -14.3125
38696288  , 5.053149 , 8.158588 , 5.597963    , 0.0 , 0.0 , -1.0    ,-19.875 , -36.6875 , -15.0625
457763  , 4.3312707 , 7.8861814 , 5.6660647    , 0.0 , 0.0 , -1.0    ,-19.875 , -36.6875 , -15.0625
39001465  , 4.3312707 , 7.8861814 , 5.6660647    , 0.0 , 0.0 , -1.0    ,-20.125 , -36.6875 , -16.25
457763  , 4.5219555 , 7.668256 , 5.175732    , 0.0 , 0.0 , -1.0    ,-20.125 , -36.6875 , -16.25
38818361  , 4.5219555 , 7.668256 , 5.175732    , 0.0 , 0.0 , -1.0    ,-20.625 , -36.4375 , -16.5
427246  , 3.990762 , 8.662541 , 7.3549876    , 0.0 , 0.0 , -1.0    ,-20.625 , -36.4375 , -16.5
39123537  , 3.990762 , 8.662541 , 7.3549876    , 0.0 , 0.0 , -1.0    ,-20.625 , -36.1875 , -16.75
427246  , 4.7126403 , 8.471856 , 5.829509    , 0.0 , 0.0 , -1.0    ,-20.625 , -36.1875 , -16.75
38787843  , 4.7126403 , 8.471856 , 5.829509    , 0.0 , 0.0 , -1.0    ,-21.375 , -36.1875 , -16.75
427246  , 4.1814466 , 8.962189 , 6.891896    , 0.0 , 0.0 , -1.0    ,-21.375 , -36.1875 , -16.75
39550782  , 4.1814466 , 8.962189 , 6.891896    , 0.0 , 0.0 , -1.0    ,-22.125 , -35.4375 , -15.75
427246  , 4.2904096 , 9.466142 , 6.742072    , 0.0 , 0.0 , -1.0    ,-22.125 , -35.4375 , -15.75
39001465  , 4.2904096 , 9.466142 , 6.742072    , 0.0 , 0.0 , -1.0    ,-22.625 , -35.6875 , -15.0625
457764  , 3.7864566 , 10.337844 , 6.0201936    , 0.0 , 0.0 , -1.0    ,-22.625 , -35.6875 , -15.0625
38665771  , 3.7864566 , 10.337844 , 6.0201936    , 0.0 , 0.0 , -1.0    ,-23.4375 , -35.6875 , -13.3125
457763  , 2.3018389 , 10.800936 , 6.3607025    , 0.0 , 0.0 , -1.0    ,-23.4375 , -35.6875 , -13.3125
38818359  , 2.3018389 , 10.800936 , 6.3607025    , 0.0 , 0.0 , -1.0    ,-23.4375 , -36.4375 , -12.5625
457763  , 1.7297841 , 10.760075 , 4.7943625    , 0.0 , 0.0 , -1.0    ,-23.4375 , -36.4375 , -12.5625
58746337  , 1.7297841 , 10.760075 , 4.7943625    , 0.0 , 0.0 , -1.0    ,-23.1875 , -37.6875 , -11.125
213623  , 0.92618364 , 10.800936 , 4.099725    , 0.0 , 0.0 , -1.0    ,-23.1875 , -37.6875 , -11.125
8941650  , 0.92618364 , 10.800936 , 4.099725    , 0.0 , 0.0 , -1.0    ,-22.875 , -38.1875 , -9.4375
213623  , 1.6480621 , 10.528529 , 3.405087    , 0.0 , 0.0 , -1.0    ,-22.875 , -38.1875 , -9.4375
29693603  , 1.6480621 , 10.528529 , 3.405087    , 0.0 , 0.0 , -1.0    ,-21.875 , -39.1875 , -7.6875
244141  , 2.152015 , 10.528529 , 2.2609777    , 0.0 , 0.0 , -1.0    ,-21.875 , -39.1875 , -7.6875
29541015  , 2.152015 , 10.528529 , 2.2609777    , 0.0 , 0.0 , -1.0    ,-21.375 , -39.875 , -4.75
244141  , 1.8387469 , 9.847511 , 2.152015    , 0.0 , 0.0 , -1.0    ,-21.375 , -39.875 , -4.75
30609129  , 1.8387469 , 9.847511 , 2.152015    , 0.0 , 0.0 , -1.0    ,-20.125 , -40.625 , -3.3125
366211  , 1.2258313 , 7.9679036 , 1.7297841    , 0.0 , 0.0 , -1.0    ,-20.125 , -40.625 , -3.3125
38970945  , 1.2258313 , 7.9679036 , 1.7297841    , 0.0 , 0.0 , -1.0    ,-19.125 , -41.125 , -1.5625
427246  , 0.9942854 , 7.1234417 , 2.4516625    , 0.0 , 0.0 , -1.0    ,-19.125 , -41.125 , -1.5625
38879397  , 0.9942854 , 7.1234417 , 2.4516625    , 0.0 , 0.0 , -1.0    ,-19.125 , -41.125 , -0.125
457764  , 1.3756552 , 6.510526 , 3.568531    , 0.0 , 0.0 , -1.0    ,-19.125 , -41.125 , -0.125
38787843  , 1.3756552 , 6.510526 , 3.568531    , 0.0 , 0.0 , -1.0    ,-18.875 , -40.875 , 0.625
457763  , 0.38136974 , 6.3198414 , 2.6832085    , 0.0 , 0.0 , -1.0    ,-18.875 , -40.875 , 0.625
39398195  , 0.38136974 , 6.3198414 , 2.6832085    , 0.0 , 0.0 , -1.0    ,-19.375 , -40.875 , 2.0625
457764  , 0.19068487 , 6.5922484 , 2.9147544    , 0.0 , 0.0 , -1.0    ,-19.375 , -40.875 , 2.0625
38604737  , 0.19068487 , 6.5922484 , 2.9147544    , 0.0 , 0.0 , -1.0    ,-19.875 , -40.375 , 2.5625
457764  , 0.08172209 , 8.19945 , 2.8330324    , 0.0 , 0.0 , -1.0    ,-19.875 , -40.375 , 2.5625
39093018  , 0.08172209 , 8.19945 , 2.8330324    , 0.0 , 0.0 , -1.0    ,-19.625 , -40.375 , 3.0625
427246  , -0.14982383 , 8.240311 , 1.8387469    , 0.0 , 0.0 , -1.0    ,-19.625 , -40.375 , 3.0625
38848877  , -0.14982383 , 8.240311 , 1.8387469    , 0.0 , 0.0 , -1.0    ,-19.875 , -40.375 , 4.0625
457764  , 0.313268 , 8.730643 , 2.070293    , 0.0 , 0.0 , -1.0    ,-19.875 , -40.375 , 4.0625
39276123  , 0.313268 , 8.730643 , 2.070293    , 0.0 , 0.0 , -1.0    ,-20.125 , -40.125 , 4.25
427246  , 0.53119355 , 9.084772 , 1.7297841    , 0.0 , 0.0 , -1.0    ,-20.125 , -40.125 , 4.25
38848877  , 0.53119355 , 9.084772 , 1.7297841    , 0.0 , 0.0 , -1.0    ,-20.625 , -40.375 , 4.75
457763  , 0.84446156 , 9.193735 , 1.0760075    , 0.0 , 0.0 , -1.0    ,-20.625 , -40.375 , 4.75
39215087  , 0.84446156 , 9.193735 , 1.0760075    , 0.0 , 0.0 , -1.0    ,-21.125 , -40.125 , 5.5
427246  , 0.9942854 , 9.724928 , 1.56634    , 0.0 , 0.0 , -1.0    ,-21.125 , -40.125 , 5.5
38574217  , 0.9942854 , 9.724928 , 1.56634    , 0.0 , 0.0 , -1.0    ,-21.375 , -40.125 , 5.5
457763  , 1.2258313 , 9.697687 , 1.2258313    , 0.0 , 0.0 , -1.0    ,-21.375 , -40.125 , 5.5
39367675  , 1.2258313 , 9.697687 , 1.2258313    , 0.0 , 0.0 , -1.0    ,-21.625 , -39.625 , 5.75
427246  , 1.1168685 , 9.80665 , 1.4165162    , 0.0 , 0.0 , -1.0    ,-21.625 , -39.625 , 5.75
39581297  , 1.1168685 , 9.80665 , 1.4165162    , 0.0 , 0.0 , -1.0    ,-21.125 , -40.125 , 6.25
213623  , 0.6537767 , 9.384419 , 0.95342433    , 0.0 , 0.0 , -1.0    ,-21.125 , -40.125 , 6.25
42022706  , 0.6537767 , 9.384419 , 0.95342433    , 0.0 , 0.0 , -1.0    ,-21.125 , -40.375 , 6.25
305176  , 1.1168685 , 9.466142 , 1.3075534    , 0.0 , 0.0 , -1.0    ,-21.125 , -40.375 , 6.25
35278322  , 1.1168685 , 9.466142 , 1.3075534    , 0.0 , 0.0 , -1.0    ,-20.875 , -40.375 , 5.75
305175  , 1.1168685 , 9.724928 , 1.1168685    , 0.0 , 0.0 , -1.0    ,-20.875 , -40.375 , 5.75
41381837  , 1.1168685 , 9.724928 , 1.1168685    , 0.0 , 0.0 , -1.0    ,-20.875 , -40.875 , 5.75
854492  , 1.0351465 , 9.997335 , 1.7297841    , 0.0 , 0.0 , -1.0    ,-20.875 , -40.875 , 5.75
37658692  , 1.0351465 , 9.997335 , 1.7297841    , 0.0 , 0.0 , -1.0    ,-21.375 , -40.125 , 5.75
213623  , 0.6537767 , 9.847511 , 0.61291564    , 0.0 , 0.0 , -1.0    ,-21.375 , -40.125 , 5.75
42755128  , 0.6537767 , 9.847511 , 0.61291564    , 0.0 , 0.0 , -1.0    ,-21.125 , -39.625 , 5.5
701905  , 0.8036005 , 9.80665 , 1.2666923    , 0.0 , 0.0 , -1.0    ,-21.125 , -39.625 , 5.5
35095215  , 0.8036005 , 9.80665 , 1.2666923    , 0.0 , 0.0 , -1.0    ,-21.125 , -39.625 , 6.25
183105  , 0.61291564 , 9.847511 , 1.0760075    , 0.0 , 0.0 , -1.0    ,-21.125 , -39.625 , 6.25
43487548  , 0.61291564 , 9.847511 , 1.0760075    , 0.0 , 0.0 , -1.0    ,-20.875 , -39.375 , 6.5
274658  , 0.5720546 , 9.575105 , 1.1849703    , 0.0 , 0.0 , -1.0    ,-20.875 , -39.375 , 6.5
34301758  , 0.5720546 , 9.575105 , 1.1849703    , 0.0 , 0.0 , -1.0    ,-20.875 , -39.625 , 6.0
305176  , 0.7627395 , 10.038197 , 1.1441092    , 0.0 , 0.0 , -1.0    ,-20.875 , -39.625 , 6.0
39947510  , 0.7627395 , 10.038197 , 1.1441092    , 0.0 , 0.0 , -1.0    ,-21.375 , -39.875 , 6.0
366211  , 0.95342433 , 9.575105 , 0.53119355    , 0.0 , 0.0 , -1.0    ,-21.375 , -39.875 , 6.0
