1290469841274975258  , -0.11111111 , 0.039215688 , 1.0093458    , 0.2626634 , 0.52629614 , 0.02384364    ,0.0 , 0.0 , 0.0
1290469841292689254  , -0.2020202 , 0.009803922 , 1.046729    , 0.27131724 , 0.7094692 , 0.02384364    ,0.0 , 0.0 , 0.0
1290469841300505237  , -0.1010101 , 0.029411765 , 1.046729    , 0.27131724 , 0.7273425 , 0.02384364    ,0.0 , 0.0 , 0.0
1290469841328870229  , -0.02020202 , 0.04901961 , 0.97196263    , 0.2391057 , 0.61628485 , -0.0040409756    ,0.0 , 0.0 , 0.0
1290469841339188200  , 0.0 , 0.029411765 , 1.0093458    , 0.23612162 , 0.5773591 , -0.013855299    ,0.0 , 0.0 , 0.0
1290469841340295190  , -0.01010101 , 0.04901961 , 0.97196263    , 0.23919855 , 0.50562835 , -0.038662992    ,0.0 , 0.0 , 0.0
1290469841341422189  , -0.07070707 , 0.039215688 , 1.0093458    , 0.21419854 , 0.2748591 , -0.21173991    ,0.0 , 0.0 , 0.0
1290469841352436188  , -0.08080808 , 0.04901961 , 1.0093458    , 0.19304469 , 0.24793601 , -0.25981683    ,0.0 , 0.0 , 0.0
1290469841354910177  , -0.08080808 , 0.039215688 , 1.0093458    , 0.19304469 , 0.2262577 , -0.25981683    ,0.0 , 0.0 , 0.0
1290469841372487174  , -0.060606062 , 0.019607844 , 1.0093458    , 0.19304469 , 0.032026924 , -0.25981683    ,0.0 , 0.0 , 0.0
1290469841376488157  , -0.02020202 , 0.029411765 , 1.0093458    , 0.18931167 , -0.017859953 , -0.25981683    ,0.0 , 0.0 , 0.0
1290469841393817153  , 0.0 , 0.039215688 , 0.97196263    , 0.17536935 , -0.25584072 , -0.25981683    ,0.0 , 0.0 , 0.0
1290469841396254136  , 0.030303031 , 0.04901961 , 0.97196263    , 0.1725413 , -0.29769593 , -0.25981683    ,0.0 , 0.0 , 0.0
1290469841413688133  , -0.01010101 , 0.019607844 , 1.0093458    , 0.1725413 , -0.37782413 , -0.2662271    ,0.0 , 0.0 , 0.0
1290469841416111116  , -0.04040404 , 0.05882353 , 1.0093458    , 0.1725413 , -0.36402324 , -0.2662271    ,0.0 , 0.0 , 0.0
1290469841433756113  , -0.05050505 , 0.019607844 , 1.0093458    , 0.17895156 , -0.2210745 , -0.2662271    ,0.0 , 0.0 , 0.0
1290469841437899096  , -0.05050505 , 0.039215688 , 1.0093458    , 0.18483391 , -0.2001469 , -0.26509586    ,0.0 , 0.0 , 0.0
1290469841455032091  , -0.060606062 , 0.039215688 , 1.0093458    , 0.20252623 , -0.15091613 , -0.26509586    ,0.0 , 0.0 , 0.0
1290469841457626074  , -0.07070707 , 0.039215688 , 1.0093458    , 0.20987916 , -0.14322382 , -0.26509586    ,0.0 , 0.0 , 0.0
1290469841474996072  , -0.07070707 , 0.04901961 , 1.0093458    , 0.27910993 , -0.19418536 , -0.26509586    ,0.0 , 0.0 , 0.0
1290469841477348054  , 0.04040404 , 0.078431375 , 0.97196263    , 0.27910993 , -0.21341613 , -0.26616424    ,0.0 , 0.0 , 0.0
1290469841494965052  , 0.030303031 , 0.039215688 , 0.97196263    , 0.29930225 , -0.54033923 , -0.26616424    ,0.0 , 0.0 , 0.0
1290469841497329034  , -0.05050505 , 0.019607844 , 1.0093458    , 0.31831932 , -0.54033923 , -0.26477537    ,0.0 , 0.0 , 0.0
1290469841514953032  , -0.09090909 , 0.04901961 , 1.0093458    , 0.34428087 , -0.2605315 , -0.2455446    ,0.0 , 0.0 , 0.0
1290469841517671014  , -0.09090909 , 0.019607844 , 1.046729    , 0.3454561 , -0.23627938 , -0.2455446    ,0.0 , 0.0 , 0.0
1290469841534902012  , -0.08080808 , 0.039215688 , 1.0093458    , 0.3454561 , -0.2564717 , -0.2455446    ,0.0 , 0.0 , 0.0
1290469841538605994  , -0.030303031 , 0.019607844 , 1.0093458    , 0.34428087 , -0.29055288 , -0.2455446    ,0.0 , 0.0 , 0.0
1290469841556184991  , -0.01010101 , 0.039215688 , 0.97196263    , 0.34428087 , -0.5738862 , -0.2455446    ,0.0 , 0.0 , 0.0
1290469841560249973  , -0.01010101 , 0.029411765 , 1.0093458    , 0.34428087 , -0.6161939 , -0.2455446    ,0.0 , 0.0 , 0.0
1290469841576199969  , -0.02020202 , 0.019607844 , 1.0093458    , 0.3500501 , -0.7397516 , -0.2407369    ,0.0 , 0.0 , 0.0
1290469841579292953  , -0.01010101 , 0.029411765 , 1.0093458    , 0.3500501 , -0.7629487 , -0.2407369    ,0.0 , 0.0 , 0.0
1290469841596180950  , -0.02020202 , 0.019607844 , 1.0093458    , 0.3500501 , -0.8847436 , -0.2407369    ,0.0 , 0.0 , 0.0
1290469841599880933  , -0.01010101 , 0.019607844 , 1.0093458    , 0.3500501 , -0.90431374 , -0.2407369    ,0.0 , 0.0 , 0.0
1290469841617396929  , -0.01010101 , 0.019607844 , 1.0093458    , 0.3500501 , -0.96008295 , -0.23544843    ,0.0 , 0.0 , 0.0
1290469841620106912  , 0.0 , 0.019607844 , 1.0093458    , 0.3515207 , -0.96472096 , -0.23544843    ,0.0 , 0.0 , 0.0
1290469841637443909  , -0.02020202 , 0.019607844 , 1.0093458    , 0.3515207 , -0.96472096 , -0.23544843    ,0.0 , 0.0 , 0.0
1290469841639956892  , -0.02020202 , 0.039215688 , 1.0093458    , 0.3515207 , -0.95657617 , -0.23544843    ,0.0 , 0.0 , 0.0
1290469841657445889  , -0.02020202 , 0.019607844 , 1.0093458    , 0.35793096 , -0.87837106 , -0.23544843    ,0.0 , 0.0 , 0.0
1290469841659984872  , -0.030303031 , 0.029411765 , 1.0093458    , 0.35793096 , -0.8630996 , -0.23544843    ,0.0 , 0.0 , 0.0
1290469841677403869  , -0.02020202 , 0.029411765 , 1.0093458    , 0.35793096 , -0.7836124 , -0.23544843    ,0.0 , 0.0 , 0.0
1290469841680732852  , -0.030303031 , 0.019607844 , 1.0093458    , 0.35793096 , -0.7704902 , -0.23544843    ,0.0 , 0.0 , 0.0
1290469841697418849  , -0.04040404 , 0.019607844 , 1.0093458    , 0.35793096 , -0.7057466 , -0.23544843    ,0.0 , 0.0 , 0.0
1290469841701213832  , -0.04040404 , 0.039215688 , 1.0093458    , 0.35793096 , -0.6953394 , -0.23544843    ,0.0 , 0.0 , 0.0
1290469841718675828  , -0.05050505 , 0.019607844 , 1.0093458    , 0.3632194 , -0.6727432 , -0.23544843    ,0.0 , 0.0 , 0.0
1290469841721495811  , -0.060606062 , 0.04901961 , 1.0093458    , 0.3632194 , -0.6727432 , -0.23544843    ,0.0 , 0.0 , 0.0
1290469841738743808  , -0.05050505 , 0.039215688 , 1.0093458    , 0.3632194 , -0.7246663 , -0.23544843    ,0.0 , 0.0 , 0.0
1290469841743028791  , -0.01010101 , 0.029411765 , 1.0093458    , 0.3632194 , -0.75102377 , -0.23544843    ,0.0 , 0.0 , 0.0
1290469841758696786  , 0.05050505 , 0.039215688 , 0.97196263    , 0.3632194 , -0.90102375 , -0.23544843    ,0.0 , 0.0 , 0.0
1290469841762477771  , 0.08080808 , 0.019607844 , 0.97196263    , 0.3632194 , -0.93653655 , -0.23544843    ,0.0 , 0.0 , 0.0
1290469841779999767  , 0.09090909 , 0.019607844 , 0.97196263    , 0.3632194 , -0.9081712 , -0.23544843    ,0.0 , 0.0 , 0.0
1290469841782400749  , 0.0 , 0.019607844 , 1.0093458    , 0.3632194 , -0.8463122 , -0.23544843    ,0.0 , 0.0 , 0.0
1290469841799930747  , -0.08080808 , 0.039215688 , 1.0093458    , 0.38629633 , 0.22868778 , -0.23544843    ,0.0 , 0.0 , 0.0
1290469841802376729  , -0.08080808 , 0.039215688 , 1.0093458    , 0.38373223 , 0.35838863 , -0.23544843    ,0.0 , 0.0 , 0.0
1290469841819932727  , -0.030303031 , 0.078431375 , 0.97196263    , 0.3327707 , 1.3487732 , -0.23544843    ,0.0 , 0.0 , 0.0
1290469841824260709  , -0.01010101 , 0.0882353 , 0.97196263    , 0.31108266 , 1.4421493 , -0.2387604    ,0.0 , 0.0 , 0.0
1290469841841215705  , 0.030303031 , 0.068627454 , 1.1588784    , -0.06728273 , 1.9229186 , -0.2387604    ,0.0 , 0.0 , 0.0
1290469841843636688  , 0.07070707 , 0.029411765 , 1.2336448    , -0.17486191 , 2.0709956 , -0.22676945    ,0.0 , 0.0 , 0.0
1290469841861402686  , 0.08080808 , -0.009803922 , 1.271028    , 0.015522703 , 3.646957 , -0.0017694518    ,0.0 , 0.0 , 0.0
1290469841863605668  , -0.02020202 , -0.009803922 , 1.3831775    , 0.017552616 , 3.8405468 , 0.056884393    ,0.0 , 0.0 , 0.0
1290469841881183666  , -0.11111111 , -0.009803922 , 1.4205607    , -0.16129354 , 5.812662 , 0.909769    ,0.0 , 0.0 , 0.0
1290469841883596648  , -0.1919192 , -0.009803922 , 1.4205607    , -0.20915678 , 6.0127687 , 1.0316707    ,0.0 , 0.0 , 0.0
1290469841901228646  , -0.2020202 , 0.019607844 , 1.3831775    , -0.95819527 , 7.4069996 , 2.2460938    ,0.0 , 0.0 , 0.0
1290469841903714628  , -0.1919192 , -0.009803922 , 1.3457944    , -1.0798833 , 7.519927 , 2.3809228    ,0.0 , 0.0 , 0.0
1290469841921393626  , -0.2020202 , 0.0 , 1.3084112    , -2.476037 , 8.481465 , 3.5174613    ,0.0 , 0.0 , 0.0
1290469841924884608  , -0.1919192 , -0.029411765 , 1.271028    , -2.668879 , 8.594179 , 3.632205    ,0.0 , 0.0 , 0.0
1290469841942478604  , -0.1919192 , -0.039215688 , 1.2336448    , -3.6621482 , 9.066775 , 4.109128    ,0.0 , 0.0 , 0.0
1290469841945557587  , -0.1919192 , -0.05882353 , 1.1962616    , -3.918483 , 9.157839 , 4.2186303    ,0.0 , 0.0 , 0.0
1290469841962489584  , -0.2020202 , -0.029411765 , 1.1214954    , -5.472329 , 9.581556 , 4.8224764    ,0.0 , 0.0 , 0.0
1290469841964864567  , -0.1919192 , -0.039215688 , 1.1214954    , -5.760904 , 9.6425295 , 4.9253044    ,0.0 , 0.0 , 0.0
1290469841976293564  , -0.2020202 , -0.12745099 , 1.1214954    , -7.470519 , 10.011761 , 5.4772277    ,0.0 , 0.0 , 0.0
1290469841993686553  , -0.23232323 , -0.10784314 , 1.0841122    , -7.95968 , 10.119802 , 5.6195354    ,0.0 , 0.0 , 0.0
1290469841996148536  , -0.28282827 , -0.10784314 , 1.0841122    , -8.289658 , 10.193332 , 5.7075443    ,0.0 , 0.0 , 0.0
1290469842013689533  , -0.2929293 , -0.16666667 , 1.0841122    , -10.200555 , 10.488203 , 6.170365    ,0.0 , 0.0 , 0.0
1290469842016096516  , -0.27272728 , -0.18627451 , 1.0841122    , -10.548292 , 10.491258 , 6.238012    ,0.0 , 0.0 , 0.0
1290469842033830513  , -0.3030303 , -0.24509804 , 1.0841122    , -12.600216 , 10.259848 , 6.5033965    ,0.0 , 0.0 , 0.0
1290469842036143496  , -0.32323232 , -0.23529412 , 1.046729    , -12.978949 , 10.211771 , 6.5273786    ,0.0 , 0.0 , 0.0
1290469842053787493  , -0.3131313 , -0.23529412 , 1.0093458    , -15.232154 , 9.775873 , 6.5273786    ,0.0 , 0.0 , 0.0
1290469842058050476  , -0.27272728 , -0.2647059 , 0.97196263    , -15.642447 , 9.655059 , 6.5053196    ,0.0 , 0.0 , 0.0
1290469842074938471  , -0.22222222 , -0.29411766 , 0.93457943    , -17.067062 , 9.166597 , 6.364166    ,0.0 , 0.0 , 0.0
1290469842077387454  , -0.17171717 , -0.3627451 , 0.89719623    , -17.48867 , 9.029833 , 6.3057947    ,0.0 , 0.0 , 0.0
1290469842094992452  , -0.1919192 , -0.39215687 , 0.89719623    , -21.067516 , 8.105794 , 5.7269483    ,0.0 , 0.0 , 0.0
1290469842097490434  , -0.23232323 , -0.39215687 , 0.93457943    , -21.450102 , 8.033144 , 5.6662645    ,0.0 , 0.0 , 0.0
1290469842115018432  , -0.22222222 , -0.38235295 , 0.89719623    , -24.772217 , 7.548529 , 5.2114573    ,0.0 , 0.0 , 0.0
1290469842117456414  , -0.2020202 , -0.37254903 , 0.8598131    , -25.135677 , 7.4718194 , 5.1716065    ,0.0 , 0.0 , 0.0
1290469842134944412  , -0.17171717 , -0.38235295 , 0.8224299    , -28.369331 , 6.6573963 , 4.9283376    ,0.0 , 0.0 , 0.0
1290469842137369394  , -0.121212125 , -0.42156863 , 0.8224299    , -28.735464 , 6.5758796 , 4.907504    ,0.0 , 0.0 , 0.0
1290469842160174392  , -0.121212125 , -0.47058824 , 0.8598131    , -32.097965 , 6.08261 , 4.7882733    ,0.0 , 0.0 , 0.0
1290469842161280369  , -0.13131313 , -0.50980395 , 0.8598131    , -32.392445 , 6.0674763 , 4.7910323    ,0.0 , 0.0 , 0.0
1290469842168698368  , -0.060606062 , -0.5588235 , 0.89719623    , -39.45206 , 5.684784 , 5.029494    ,0.0 , 0.0 , 0.0
1290469842186247361  , -0.02020202 , -0.57843137 , 0.93457943    , -40.506184 , 5.640279 , 5.093505    ,0.0 , 0.0 , 0.0
1290469842188622343  , -0.07070707 , -0.5980392 , 0.89719623    , -40.941654 , 5.6592956 , 5.1281204    ,0.0 , 0.0 , 0.0
1290469842206241341  , -0.14141414 , -0.54901963 , 0.74766356    , -45.183 , 6.172757 , 5.5733128    ,0.0 , 0.0 , 0.0
1290469842208692323  , -0.1919192 , -0.5980392 , 0.71028036    , -45.686096 , 6.2311974 , 5.6315393    ,0.0 , 0.0 , 0.0
1290469842226181321  , -0.2020202 , -0.627451 , 0.6728972    , -50.36879 , 6.707159 , 6.207501    ,0.0 , 0.0 , 0.0
1290469842230564303  , -0.2020202 , -0.6862745 , 0.6728972    , -50.90191 , 6.770834 , 6.2727785    ,0.0 , 0.0 , 0.0
1290469842247443299  , -0.15151516 , -0.6764706 , 0.5981308    , -53.348064 , 7.1386228 , 6.576625    ,0.0 , 0.0 , 0.0
1290469842249910282  , -0.14141414 , -0.65686274 , 0.48598132    , -53.933243 , 7.2388487 , 6.654453    ,0.0 , 0.0 , 0.0
1290469842267456279  , -0.22222222 , -0.7058824 , 0.44859812    , -57.269783 , 7.9273105 , 7.1576576    ,0.0 , 0.0 , 0.0
1290469842270479262  , -0.33333334 , -0.7941176 , 0.44859812    , -57.852474 , 8.060116 , 7.25664    ,0.0 , 0.0 , 0.0
1290469842287454259  , -0.34343433 , -0.7745098 , 0.3364486    , -61.153755 , 8.82486 , 7.8245883    ,0.0 , 0.0 , 0.0
1290469842289960242  , -0.27272728 , -0.7254902 , 0.26168224    , -61.740974 , 8.916489 , 7.921647    ,0.0 , 0.0 , 0.0
1290469842307461239  , -0.23232323 , -0.6960784 , 0.1495327    , -65.01982 , 9.247899 , 8.471647    ,0.0 , 0.0 , 0.0
1290469842310028222  , -0.2929293 , -0.74509805 , 0.07476635    , -65.57321 , 9.297333 , 8.569272    ,0.0 , 0.0 , 0.0
1290469842327504219  , -0.3939394 , -0.8039216 , 0.037383176    , -68.49565 , 9.68259 , 9.092349    ,0.0 , 0.0 , 0.0
1290469842331668202  , -0.43434343 , -0.8039216 , 0.0    , -68.96556 , 9.773653 , 9.165652    ,0.0 , 0.0 , 0.0
1290469842348734198  , -0.43434343 , -0.8333333 , -0.037383176    , -70.756905 , 10.111633 , 9.347383    ,0.0 , 0.0 , 0.0
1290469842351488181  , -0.41414142 , -0.84313726 , -0.037383176    , -71.12455 , 10.158806 , 9.355754    ,0.0 , 0.0 , 0.0
1290469842368706178  , -0.3939394 , -0.88235295 , -0.037383176    , -72.895706 , 10.335729 , 9.189087    ,0.0 , 0.0 , 0.0
1290469842371107161  , -0.36363637 , -0.872549 , 0.0    , -73.15951 , 10.360502 , 9.122458    ,0.0 , 0.0 , 0.0
1290469842389034158  , -0.32323232 , -0.78431374 , 0.0    , -74.40182 , 10.474605 , 8.564125    ,0.0 , 0.0 , 0.0
1290469842392092140  , -0.2929293 , -0.7745098 , 0.0    , -74.578415 , 10.474605 , 8.452479    ,0.0 , 0.0 , 0.0
1290469842408719137  , -0.27272728 , -0.7941176 , 0.0    , -75.51944 , 10.292554 , 7.711454    ,0.0 , 0.0 , 0.0
1290469842411162121  , -0.25252524 , -0.7745098 , -0.037383176    , -75.68471 , 10.251568 , 7.561574    ,0.0 , 0.0 , 0.0
1290469842428708118  , -0.25252524 , -0.8235294 , -0.037383176    , -76.4815 , 10.038748 , 6.760933    ,0.0 , 0.0 , 0.0
1290469842432337101  , -0.26262626 , -0.78431374 , 0.0    , -76.604355 , 9.998363 , 6.625073    ,0.0 , 0.0 , 0.0
1290469842449935097  , -0.1919192 , -0.78431374 , -0.07476635    , -77.04522 , 9.917113 , 6.111612    ,0.0 , 0.0 , 0.0
1290469842452378079  , -0.1919192 , -0.7745098 , -0.07476635    , -77.13678 , 9.858353 , 6.003385    ,0.0 , 0.0 , 0.0
1290469842469975077  , -0.1919192 , -0.7745098 , -0.1495327    , -77.82716 , 9.628545 , 5.1581926    ,0.0 , 0.0 , 0.0
1290469842472432059  , -0.18181819 , -0.78431374 , -0.18691589    , -77.88016 , 9.590617 , 5.0759277    ,0.0 , 0.0 , 0.0
1290469842489946057  , -0.17171717 , -0.84313726 , -0.1495327    , -78.034 , 9.14254 , 4.417274    ,0.0 , 0.0 , 0.0
1290469842492385039  , -0.1919192 , -0.85294116 , -0.07476635    , -78.00804 , 9.0960655 , 4.348791    ,0.0 , 0.0 , 0.0
1290469842510203037  , -0.17171717 , -0.85294116 , 0.0    , -77.447464 , 8.678759 , 3.7641757    ,0.0 , 0.0 , 0.0
1290469842512508019  , -0.15151516 , -0.872549 , 0.037383176    , -77.3668 , 8.630361 , 3.7052014    ,0.0 , 0.0 , 0.0
1290469842529959017  , -0.18181819 , -0.872549 , 0.037383176    , -76.62641 , 8.232284 , 3.247509    ,0.0 , 0.0 , 0.0
1290469842533486999  , -0.17171717 , -0.85294116 , 0.0    , -76.54458 , 8.203972 , 3.2057354    ,0.0 , 0.0 , 0.0
1290469842551283996  , -0.14141414 , -0.85294116 , 0.0    , -76.03753 , 8.120639 , 2.9961202    ,0.0 , 0.0 , 0.0
1290469842553590978  , -0.14141414 , -0.8627451 , 0.0    , -75.94853 , 8.118395 , 2.9678082    ,0.0 , 0.0 , 0.0
1290469842571178976  , -0.18181819 , -0.9019608 , 0.0    , -75.04276 , 8.153972 , 2.803385    ,0.0 , 0.0 , 0.0
1290469842573687958  , -0.21212122 , -0.92156863 , 0.037383176    , -74.92492 , 8.153972 , 2.794304    ,0.0 , 0.0 , 0.0
1290469842591223956  , -0.23232323 , -0.8627451 , 0.0    , -73.68549 , 8.140511 , 2.7606502    ,0.0 , 0.0 , 0.0
1290469842593791938  , -0.23232323 , -0.872549 , 0.0    , -73.52663 , 8.132391 , 2.7546673    ,0.0 , 0.0 , 0.0
1290469842611229936  , -0.23232323 , -0.8235294 , -0.037383176    , -71.87086 , 8.095852 , 2.6162057    ,0.0 , 0.0 , 0.0
1290469842613581918  , -0.23232323 , -0.872549 , -0.07476635    , -71.65686 , 8.099164 , 2.5896032    ,0.0 , 0.0 , 0.0
1290469842631316916  , -0.26262626 , -0.8039216 , -0.11214953    , -69.36552 , 8.099164 , 2.2444108    ,0.0 , 0.0 , 0.0
1290469842634846898  , -0.22222222 , -0.75490195 , -0.1495327    , -69.05825 , 8.114549 , 2.1905646    ,0.0 , 0.0 , 0.0
1290469842652485895  , -0.26262626 , -0.7254902 , -0.11214953    , -66.810814 , 8.25878 , 1.7412057    ,0.0 , 0.0 , 0.0
1290469842654862877  , -0.23232323 , -0.6764706 , -0.037383176    , -66.357185 , 8.331216 , 1.6467612    ,0.0 , 0.0 , 0.0
1290469842672433874  , -0.2020202 , -0.6862745 , 0.037383176    , -63.146927 , 8.767754 , 0.9307355    ,0.0 , 0.0 , 0.0
1290469842674905857  , -0.14141414 , -0.61764705 , 0.11214953    , -62.512085 , 8.827143 , 0.78695726    ,0.0 , 0.0 , 0.0
1290469842693448854  , -0.07070707 , -0.54901963 , 0.18691589    , -58.617855 , 9.130348 , -0.071376055    ,0.0 , 0.0 , 0.0
1290469842694868836  , -0.030303031 , -0.51960784 , 0.2990654    , -57.93484 , 9.167207 , -0.20887606    ,0.0 , 0.0 , 0.0
1290469842712728834  , -0.01010101 , -0.44117647 , 0.3364486    , -51.55119 , 9.453746 , -1.3684914    ,0.0 , 0.0 , 0.0
1290469842714930817  , -0.030303031 , -0.4019608 , 0.41121495    , -50.776752 , 9.459175 , -1.4922471    ,0.0 , 0.0 , 0.0
1290469842732453814  , -0.07070707 , -0.3137255 , 0.41121495    , -46.27996 , 9.382253 , -2.1589139    ,0.0 , 0.0 , 0.0
1290469842736006797  , -0.15151516 , -0.29411766 , 0.48598132    , -45.467743 , 9.342433 , -2.2799544    ,0.0 , 0.0 , 0.0
1290469842753769793  , -0.17171717 , -0.27450982 , 0.5233645    , -41.983128 , 9.2520485 , -2.8390892    ,0.0 , 0.0 , 0.0
1290469842757110776  , -0.060606062 , -0.23529412 , 0.6728972    , -41.154507 , 9.243791 , -2.9766457    ,0.0 , 0.0 , 0.0
1290469842773731772  , 0.07070707 , -0.24509804 , 0.8598131    , -37.611237 , 9.310617 , -3.5819342    ,0.0 , 0.0 , 0.0
1290469842776186756  , 0.13131313 , -0.2254902 , 0.93457943    , -36.729385 , 9.338984 , -3.7242417    ,0.0 , 0.0 , 0.0
1290469842793732753  , 0.11111111 , -0.23529412 , 1.0093458    , -32.09349 , 9.642188 , -4.380652    ,0.0 , 0.0 , 0.0
1290469842796222736  , 0.060606062 , -0.18627451 , 1.1214954    , -31.293829 , 9.705084 , -4.4647017    ,0.0 , 0.0 , 0.0
1290469842813734733  , 0.030303031 , -0.09803922 , 1.271028    , -26.883572 , 9.963418 , -4.7595735    ,0.0 , 0.0 , 0.0
1290469842817391716  , -0.02020202 , -0.068627454 , 1.271028    , -26.15529 , 9.949616 , -4.783216    ,0.0 , 0.0 , 0.0
1290469842835022712  , -0.01010101 , -0.09803922 , 1.1962616    , -23.524042 , 9.729905 , -4.875043    ,0.0 , 0.0 , 0.0
1290469842837588694  , 0.060606062 , -0.10784314 , 1.1214954    , -23.045195 , 9.6654825 , -4.9072013    ,0.0 , 0.0 , 0.0
1290469842854964692  , 0.121212125 , -0.10784314 , 1.1214954    , -19.300964 , 9.129905 , -5.3043165    ,0.0 , 0.0 , 0.0
1290469842857382674  , 0.16161616 , -0.14705883 , 1.1588784    , -18.916883 , 9.049777 , -5.346731    ,0.0 , 0.0 , 0.0
1290469842875029672  , 0.17171717 , -0.20588236 , 1.2336448    , -15.531306 , 8.172853 , -5.678462    ,0.0 , 0.0 , 0.0
1290469842877358654  , 0.16161616 , -0.21568628 , 1.3457944    , -15.157588 , 8.086849 , -5.7123294    ,0.0 , 0.0 , 0.0
1290469842894959652  , 0.11111111 , -0.20588236 , 1.4579439    , -11.880666 , 7.5608883 , -5.957522    ,0.0 , 0.0 , 0.0
1290469842897382634  , 0.0 , -0.16666667 , 1.4579439    , -11.548935 , 7.521251 , -5.972479    ,0.0 , 0.0 , 0.0
1290469842914980632  , -0.060606062 , -0.12745099 , 1.3457944    , -9.047011 , 6.9837513 , -6.04171    ,0.0 , 0.0 , 0.0
1290469842918527614  , -0.05050505 , -0.0882353 , 1.2336448    , -8.833229 , 6.9142 , -6.0577354    ,0.0 , 0.0 , 0.0
1290469842936201611  , 0.0 , -0.039215688 , 1.1588784    , -7.87105 , 6.504585 , -6.2577353    ,0.0 , 0.0 , 0.0
1290469842938619593  , 0.07070707 , -0.039215688 , 1.1588784    , -7.7423105 , 6.4580035 , -6.306133    ,0.0 , 0.0 , 0.0
1290469842956247591  , 0.11111111 , -0.0882353 , 1.1588784    , -6.74808 , 6.298388 , -6.733056    ,0.0 , 0.0 , 0.0
1290469842958646573  , 0.13131313 , -0.05882353 , 1.1588784    , -6.6495757 , 6.303303 , -6.765748    ,0.0 , 0.0 , 0.0
1290469842976550571  , 0.09090909 , -0.019607844 , 1.1588784    , -5.855345 , 6.5706105 , -6.8628635    ,0.0 , 0.0 , 0.0
1290469842980177553  , 0.04040404 , 0.009803922 , 1.1214954    , -5.785366 , 6.631401 , -6.856133    ,0.0 , 0.0 , 0.0
1290469842997481549  , 0.030303031 , 0.009803922 , 1.0841122    , -5.539212 , 6.96217 , -6.7878637    ,0.0 , 0.0 , 0.0
1290469842999853532  , 0.08080808 , 0.009803922 , 1.046729    , -5.4901175 , 7.0211067 , -6.7741756    ,0.0 , 0.0 , 0.0
1290469843017493530  , 0.13131313 , 0.0 , 1.046729    , -5.1122327 , 7.4336066 , -6.6943684    ,0.0 , 0.0 , 0.0
1290469843019867512  , 0.121212125 , -0.009803922 , 1.0841122    , -5.0703526 , 7.497389 , -6.690629    ,0.0 , 0.0 , 0.0
1290469843037500509  , 0.060606062 , 0.019607844 , 1.0841122    , -4.842788 , 8.058928 , -6.618834    ,0.0 , 0.0 , 0.0
1290469843039917492  , -0.01010101 , 0.019607844 , 1.0841122    , -4.80625 , 8.162208 , -6.5888567    ,0.0 , 0.0 , 0.0
1290469843057495489  , -0.05050505 , 0.05882353 , 1.046729    , -4.6254807 , 8.569259 , -6.321549    ,0.0 , 0.0 , 0.0
1290469843059904472  , -0.05050505 , 0.04901961 , 0.97196263    , -4.594033 , 8.603648 , -6.2636304    ,0.0 , 0.0 , 0.0
1290469843077524469  , -0.05050505 , 0.029411765 , 0.97196263    , -4.401725 , 8.703649 , -5.9373484    ,0.0 , 0.0 , 0.0
1290469843082182452  , -0.04040404 , 0.05882353 , 0.97196263    , -4.3633766 , 8.741431 , -5.887122    ,0.0 , 0.0 , 0.0
1290469843098748447  , -0.01010101 , 0.078431375 , 0.97196263    , -4.2145305 , 8.957585 , -5.7463527    ,0.0 , 0.0 , 0.0
1290469843101191431  , -0.01010101 , 0.05882353 , 1.046729    , -4.155516 , 9.051936 , -5.7092133    ,0.0 , 0.0 , 0.0
1290469843118752428  , -0.01010101 , 0.04901961 , 1.0841122    , -3.8029518 , 9.725654 , -5.503444    ,0.0 , 0.0 , 0.0
1290469843122883411  , -0.02020202 , 0.04901961 , 1.1214954    , -3.7398298 , 9.852012 , -5.4621544    ,0.0 , 0.0 , 0.0
1290469843138863406  , 0.0 , 0.078431375 , 1.1214954    , -3.524445 , 10.242396 , -5.297539    ,0.0 , 0.0 , 0.0
1290469843141193390  , 0.0 , 0.04901961 , 1.0841122    , -3.4601421 , 10.331939 , -5.24189    ,0.0 , 0.0 , 0.0
1290469843158729388  , -0.02020202 , 0.078431375 , 1.0841122    , -2.9764884 , 10.837708 , -4.7995825    ,0.0 , 0.0 , 0.0
1290469843162371371  , -0.030303031 , 0.078431375 , 1.0841122    , -2.9219635 , 10.887595 , -4.7551255    ,0.0 , 0.0 , 0.0
1290469843179959367  , -0.05050505 , 0.0882353 , 1.0841122    , -2.7036943 , 11.031345 , -4.5979137    ,0.0 , 0.0 , 0.0
1290469843184843349  , -0.05050505 , 0.0882353 , 1.0841122    , -2.658395 , 11.047478 , -4.5723796    ,0.0 , 0.0 , 0.0
1290469843200009345  , -0.05050505 , 0.068627454 , 1.0841122    , -2.460799 , 11.047478 , -4.4829564    ,0.0 , 0.0 , 0.0
1290469843203198329  , 0.060606062 , 0.0882353 , 1.6448598    , -2.4144046 , 11.022118 , -4.4684134    ,0.0 , 0.0 , 0.0
1290469843220012326  , -0.02020202 , 0.009803922 , 1.7196262    , -2.1913278 , 10.882374 , -4.434439    ,0.0 , 0.0 , 0.0
1290469843223575309  , -0.14141414 , -0.0882353 , 0.89719623    , -2.235898 , 10.97932 , -4.427086    ,0.0 , 0.0 , 0.0
1290469843241182306  , -0.21212122 , 0.039215688 , 0.8224299    , -3.3096159 , 11.844704 , -4.350804    ,0.0 , 0.0 , 0.0
1290469843243692288  , -0.1010101 , 0.09803922 , 0.93457943    , -3.3853638 , 11.953785 , -4.3572145    ,0.0 , 0.0 , 0.0
1290469843261244286  , -0.04040404 , 0.16666667 , 1.3084112    , -2.9613252 , 11.851862 , -4.469714    ,0.0 , 0.0 , 0.0
1290469843263632268  , 0.0 , 0.068627454 , 0.97196263    , -2.883868 , 11.803358 , -4.479543    ,0.0 , 0.0 , 0.0
1290469843281104266  , 0.030303031 , 0.068627454 , 0.89719623    , -2.8954065 , 11.421627 , -4.5247355    ,0.0 , 0.0 , 0.0
1290469843283620248  , -0.01010101 , 0.078431375 , 1.0841122    , -2.91015 , 11.42526 , -4.519287    ,0.0 , 0.0 , 0.0
1290469843301250246  , -0.05050505 , 0.019607844 , 1.0093458    , -2.9216886 , 11.695452 , -4.407748    ,0.0 , 0.0 , 0.0
1290469843304847228  , -0.08080808 , 0.019607844 , 1.0093458    , -2.9331203 , 11.71949 , -4.3905478    ,0.0 , 0.0 , 0.0
1290469843322636225  , -0.1010101 , 0.009803922 , 0.97196263    , -2.9965818 , 11.791926 , -4.2905474    ,0.0 , 0.0 , 0.0
1290469843324889207  , -0.121212125 , 0.039215688 , 1.046729    , -3.0032055 , 11.806669 , -4.2821074    ,0.0 , 0.0 , 0.0
1290469843342466204  , -0.09090909 , 0.039215688 , 1.0093458    , -3.0166671 , 11.842567 , -4.274415    ,0.0 , 0.0 , 0.0
1290469843345454187  , -0.05050505 , 0.078431375 , 0.97196263    , -3.033409 , 11.795169 , -4.2778087    ,0.0 , 0.0 , 0.0
1290469843362532184  , -0.060606062 , 0.068627454 , 1.1214954    , -3.253922 , 11.5560665 , -4.3053727    ,0.0 , 0.0 , 0.0
1290469843366108167  , -0.08080808 , 0.009803922 , 0.89719623    , -3.3016596 , 11.53627 , -4.3106894    ,0.0 , 0.0 , 0.0
1290469843383748163  , -0.15151516 , 0.029411765 , 1.046729    , -3.6107943 , 11.616077 , -4.347228    ,0.0 , 0.0 , 0.0
1290469843386108146  , -0.08080808 , 0.05882353 , 1.0093458    , -3.5852287 , 11.64549 , -4.347228    ,0.0 , 0.0 , 0.0
1290469843403616143  , -0.08080808 , 0.05882353 , 1.0093458    , -3.6634338 , 11.531387 , -4.370305    ,0.0 , 0.0 , 0.0
1290469843406203126  , -0.08080808 , 0.068627454 , 1.046729    , -3.6634338 , 11.527541 , -4.375509    ,0.0 , 0.0 , 0.0
1290469843423763123  , -0.060606062 , 0.05882353 , 1.0093458    , -3.640998 , 11.527541 , -4.4011497    ,0.0 , 0.0 , 0.0
1290469843426258106  , -0.060606062 , 0.05882353 , 1.0093458    , -3.6268575 , 11.516455 , -4.4037514    ,0.0 , 0.0 , 0.0
1290469843441214103  , -0.060606062 , 0.029411765 , 1.0093458    , -3.5794218 , 11.44466 , -4.4037514    ,0.0 , 0.0 , 0.0
1290469843447421088  , -0.08080808 , 0.019607844 , 1.0093458    , -3.5794218 , 11.44466 , -4.4037514    ,0.0 , 0.0 , 0.0
1290469843464994082  , -0.1010101 , 0.019607844 , 1.046729    , -3.575255 , 11.46966 , -4.4037514    ,0.0 , 0.0 , 0.0
1290469843467352064  , -0.1010101 , 0.05882353 , 1.0093458    , -3.566067 , 11.472331 , -4.4037514    ,0.0 , 0.0 , 0.0
1290469843484960062  , -0.08080808 , 0.029411765 , 1.0093458    , -3.3199131 , 11.273293 , -4.3700976    ,0.0 , 0.0 , 0.0
1290469843488582044  , -0.05050505 , 0.029411765 , 1.0093458    , -3.3117936 , 11.244446 , -4.3700976    ,0.0 , 0.0 , 0.0
1290469843506128041  , -0.05050505 , 0.029411765 , 1.0093458    , -3.3117936 , 11.109831 , -4.3700976    ,0.0 , 0.0 , 0.0
1290469843508524023  , -0.04040404 , 0.029411765 , 1.0093458    , -3.3117936 , 11.09904 , -4.3700976    ,0.0 , 0.0 , 0.0
1290469843526125021  , -0.060606062 , 0.029411765 , 1.0093458    , -3.3117936 , 11.09904 , -4.3700976    ,0.0 , 0.0 , 0.0
1290469843528636003  , -0.060606062 , 0.04901961 , 1.0093458    , -3.3117936 , 11.110258 , -4.3700976    ,0.0 , 0.0 , 0.0
1290469843546448001  , -0.060606062 , 0.029411765 , 1.0093458    , -3.2791011 , 11.263143 , -4.3700976    ,0.0 , 0.0 , 0.0
1290469843548480983  , -0.09090909 , 0.019607844 , 1.0093458    , -3.2624345 , 11.287288 , -4.3700976    ,0.0 , 0.0 , 0.0
1290469843566107981  , -0.121212125 , 0.04901961 , 1.0093458    , -3.2066653 , 11.557481 , -4.3700976    ,0.0 , 0.0 , 0.0
1290469843568590963  , -0.13131313 , 0.029411765 , 1.046729    , -3.2032464 , 11.577246 , -4.3700976    ,0.0 , 0.0 , 0.0
1290469843586102961  , -0.11111111 , 0.039215688 , 1.0093458    , -3.1474771 , 11.532053 , -4.3700976    ,0.0 , 0.0 , 0.0
1290469843589917943  , -0.09090909 , 0.019607844 , 1.0093458    , -3.1223705 , 11.497544 , -4.3700976    ,0.0 , 0.0 , 0.0
1290469843607370939  , -0.08080808 , 0.039215688 , 1.0093458    , -3.0516973 , 11.284564 , -4.3700976    ,0.0 , 0.0 , 0.0
1290469843609878922  , -0.08080808 , 0.04901961 , 1.0093458    , -3.0516973 , 11.228342 , -4.3700976    ,0.0 , 0.0 , 0.0
1290469843627363919  , -0.08080808 , 0.039215688 , 1.0093458    , -3.0516973 , 10.859753 , -4.3700976    ,0.0 , 0.0 , 0.0
1290469843630048902  , -0.060606062 , 0.04901961 , 1.0093458    , -3.0516973 , 10.782829 , -4.3700976    ,0.0 , 0.0 , 0.0
1290469843647339899  , -0.04040404 , 0.029411765 , 1.0093458    , -3.0516973 , 10.303342 , -4.3700976    ,0.0 , 0.0 , 0.0
1290469843649832882  , -0.030303031 , 0.029411765 , 1.0093458    , -3.0516973 , 10.212957 , -4.3700976    ,0.0 , 0.0 , 0.0
1290469843667472880  , -0.02020202 , 0.029411765 , 1.0093458    , -3.0334282 , 9.457189 , -4.3700976    ,0.0 , 0.0 , 0.0
1290469843670351862  , 0.0 , 0.019607844 , 1.0093458    , -3.0307572 , 9.374924 , -4.3700976    ,0.0 , 0.0 , 0.0
1290469843687338859  , 0.01010101 , 0.019607844 , 1.0093458    , -3.0378084 , 8.918513 , -4.3700976    ,0.0 , 0.0 , 0.0
1290469843691013842  , 0.02020202 , 0.04901961 , 0.97196263    , -3.0354328 , 8.850753 , -4.3700976    ,0.0 , 0.0 , 0.0
1290469843708591838  , 0.030303031 , 0.039215688 , 0.97196263    , -3.0354328 , 8.638734 , -4.3700976    ,0.0 , 0.0 , 0.0
1290469843711017821  , 0.04040404 , 0.029411765 , 1.0093458    , -3.0354328 , 8.607851 , -4.3700976    ,0.0 , 0.0 , 0.0
1290469843728655818  , 0.030303031 , 0.039215688 , 0.97196263    , -3.0354328 , 8.539903 , -4.3700976    ,0.0 , 0.0 , 0.0
1290469843731023801  , 0.030303031 , 0.029411765 , 1.0093458    , -3.0354328 , 8.546464 , -4.3700976    ,0.0 , 0.0 , 0.0
1290469843748588798  , 0.030303031 , 0.04901961 , 0.97196263    , -3.0354328 , 8.686849 , -4.3700976    ,0.0 , 0.0 , 0.0
1290469843751025781  , 0.01010101 , 0.039215688 , 0.97196263    , -3.0339622 , 8.730966 , -4.3700976    ,0.0 , 0.0 , 0.0
1290469843768630778  , 0.01010101 , 0.04901961 , 0.97196263    , -3.0217829 , 9.088017 , -4.3700976    ,0.0 , 0.0 , 0.0
1290469843771016761  , -0.030303031 , 0.029411765 , 1.0093458    , -3.018276 , 9.169465 , -4.368853    ,0.0 , 0.0 , 0.0
1290469843788635758  , 0.0 , 0.04901961 , 0.97196263    , -2.98943 , 9.71626 , -4.368853    ,0.0 , 0.0 , 0.0
1290469843792365741  , 0.05050505 , 0.10784314 , 0.97196263    , -2.9841132 , 9.808115 , -4.368853    ,0.0 , 0.0 , 0.0
1290469843810035737  , 0.07070707 , 0.13725491 , 0.97196263    , -3.0014207 , 10.304269 , -4.362603    ,0.0 , 0.0 , 0.0
1290469843812300719  , -0.01010101 , 0.05882353 , 1.0093458    , -2.9983225 , 10.464418 , -4.3510647    ,0.0 , 0.0 , 0.0
1290469843829996717  , -0.09090909 , -0.029411765 , 0.97196263    , -2.972361 , 12.384611 , -4.14818    ,0.0 , 0.0 , 0.0
1290469843832341699  , -0.09090909 , -0.068627454 , 0.97196263    , -2.9708652 , 12.598072 , -4.1212573    ,0.0 , 0.0 , 0.0
1290469843850053697  , -0.08080808 , 0.009803922 , 0.97196263    , -2.9429805 , 14.76538 , -3.8760648    ,0.0 , 0.0 , 0.0
1290469843852292679  , -0.14141414 , -0.009803922 , 0.97196263    , -2.941378 , 15.035358 , -3.8492486    ,0.0 , 0.0 , 0.0
1290469843869992677  , -0.15151516 , 0.019607844 , 0.97196263    , -2.7884934 , 17.665167 , -3.6175177    ,0.0 , 0.0 , 0.0
1290469843873588659  , -0.1919192 , 0.039215688 , 0.97196263    , -2.7824037 , 17.999462 , -3.5977528    ,0.0 , 0.0 , 0.0
1290469843891118656  , -0.24242425 , -0.019607844 , 0.93457943    , -2.789455 , 20.377026 , -3.5073683    ,0.0 , 0.0 , 0.0
1290469843893588638  , -0.3030303 , -0.009803922 , 1.0093458    , -2.8031301 , 20.812923 , -3.4887786    ,0.0 , 0.0 , 0.0
1290469843911104636  , -0.35353535 , 0.039215688 , 0.93457943    , -3.0435147 , 24.930231 , -3.2849324    ,0.0 , 0.0 , 0.0
1290469843913493618  , -0.3838384 , 0.11764706 , 0.97196263    , -3.0858226 , 25.37788 , -3.2548041    ,0.0 , 0.0 , 0.0
1290469843931190616  , -0.41414142 , 0.10784314 , 0.97196263    , -3.426207 , 29.49038 , -2.9192271    ,0.0 , 0.0 , 0.0
1290469843934047598  , -0.47474748 , 0.05882353 , 0.93457943    , -3.4687285 , 29.927238 , -2.8777742    ,0.0 , 0.0 , 0.0
1290469843951112595  , -0.5252525 , 0.039215688 , 0.8598131    , -3.4507797 , 32.429802 , -2.6912358    ,0.0 , 0.0 , 0.0
1290469843953499578  , -0.5858586 , 0.0 , 0.8224299    , -3.4477255 , 32.855934 , -2.6751723    ,0.0 , 0.0 , 0.0
1290469843971128576  , -0.6666667 , -0.0882353 , 0.89719623    , -3.3246486 , 36.538628 , -2.6559417    ,0.0 , 0.0 , 0.0
1290469843974902558  , -0.8080808 , -0.09803922 , 1.0093458    , -3.2938793 , 36.953583 , -2.6623518    ,0.0 , 0.0 , 0.0
1290469843992395554  , -0.68686867 , -0.068627454 , 0.74766356    , -3.0395525 , 38.57041 , -2.6926403    ,0.0 , 0.0 , 0.0
1290469843994959537  , -0.75757575 , 0.039215688 , 0.8598131    , -2.9542582 , 38.834553 , -2.6884549    ,0.0 , 0.0 , 0.0
1290469844012373534  , -0.8080808 , 0.11764706 , 0.89719623    , -2.4901557 , 41.32686 , -2.7128139    ,0.0 , 0.0 , 0.0
1290469844014885517  , -0.83838385 , 0.16666667 , 0.89719623    , -2.4268074 , 41.824142 , -2.7077234    ,0.0 , 0.0 , 0.0
1290469844032393514  , -0.9191919 , 0.18627451 , 0.93457943    , -2.271038 , 44.869015 , -2.7160566    ,0.0 , 0.0 , 0.0
1290469844035387497  , -0.9292929 , 0.10784314 , 0.89719623    , -2.2930968 , 45.49707 , -2.7277083    ,0.0 , 0.0 , 0.0
1290469844052551494  , -0.8080808 , 0.04901961 , 0.74766356    , -2.7078404 , 44.49707 , -2.9200158    ,0.0 , 0.0 , 0.0
1290469844055032477  , -0.6969697 , 0.009803922 , 0.635514    , -2.8344243 , 44.366413 , -2.9730701    ,0.0 , 0.0 , 0.0
1290469844072400474  , -0.68686867 , 0.0 , 0.5607477    , -3.653655 , 43.920902 , -3.2621727    ,0.0 , 0.0 , 0.0
1290469844076049457  , -0.75757575 , 0.019607844 , 0.5607477    , -3.7865734 , 43.91185 , -3.2927158    ,0.0 , 0.0 , 0.0
1290469844093605453  , -0.82828283 , -0.039215688 , 0.48598132    , -4.2639775 , 44.039257 , -3.3311772    ,0.0 , 0.0 , 0.0
1290469844096075436  , -0.94949496 , 0.039215688 , 0.41121495    , -4.361715 , 44.059616 , -3.3266525    ,0.0 , 0.0 , 0.0
1290469844113676433  , -1.0909091 , 0.078431375 , 0.3364486    , -4.9033813 , 44.091667 , -3.217037    ,0.0 , 0.0 , 0.0
1290469844116109416  , -1.1313131 , 0.078431375 , 0.2990654    , -4.9868655 , 44.08262 , -3.2057247    ,0.0 , 0.0 , 0.0
1290469844133821413  , -1.0707071 , 0.009803922 , 0.22429906    , -5.468917 , 43.819798 , -3.3223915    ,0.0 , 0.0 , 0.0
1290469844139702396  , -0.97979796 , -0.039215688 , 0.18691589    , -5.5572653 , 43.68575 , -3.3758984    ,0.0 , 0.0 , 0.0
1290469844153647390  , -0.93939394 , -0.04901961 , 0.22429906    , -5.7543807 , 42.98062 , -3.5544238    ,0.0 , 0.0 , 0.0
1290469844160262376  , -0.93939394 , -0.019607844 , 0.1495327    , -5.8068533 , 43.622654 , -3.6204953    ,0.0 , 0.0 , 0.0
1290469844175019369  , -0.94949496 , -0.04901961 , 0.037383176    , -5.875809 , 44.651226 , -3.7331326    ,0.0 , 0.0 , 0.0
1290469844177325354  , -0.97979796 , -0.04901961 , -0.037383176    , -5.8978605 , 45.08007 , -3.78262    ,0.0 , 0.0 , 0.0
1290469844194980352  , -1.020202 , -0.039215688 , -0.07476635    , -6.0459375 , 48.357956 , -4.1066585    ,0.0 , 0.0 , 0.0
1290469844197268334  , -1.0707071 , -0.029411765 , -0.037383176    , -6.0572624 , 48.754322 , -4.136039    ,0.0 , 0.0 , 0.0
1290469844214993332  , -1.1010101 , -0.04901961 , 0.0    , -6.108224 , 52.418747 , -4.3783464    ,0.0 , 0.0 , 0.0
1290469844217402314  , -1.1010101 , -0.0882353 , 0.0    , -6.110681 , 52.820774 , -4.4049487    ,0.0 , 0.0 , 0.0
1290469844235007312  , -1.1010101 , -0.09803922 , 0.0    , -6.2895274 , 56.2352 , -4.6203337    ,0.0 , 0.0 , 0.0
1290469844238553294  , -1.060606 , -0.12745099 , -0.037383176    , -6.310147 , 56.59129 , -4.6513166    ,0.0 , 0.0 , 0.0
1290469844256115291  , -1.060606 , -0.11764706 , -0.11214953    , -6.440916 , 58.439365 , -4.8961883    ,0.0 , 0.0 , 0.0
1290469844258497273  , -1.030303 , -0.09803922 , -0.1495327    , -6.461963 , 58.701546 , -4.9453335    ,0.0 , 0.0 , 0.0
1290469844276089271  , -1.0 , -0.09803922 , -0.22429906    , -6.6360016 , 60.796738 , -5.435718    ,0.0 , 0.0 , 0.0
1290469844278767253  , -0.989899 , -0.068627454 , -0.26168224    , -6.648502 , 60.99941 , -5.4902053    ,0.0 , 0.0 , 0.0
1290469844296175251  , -1.010101 , -0.0882353 , -0.22429906    , -6.6965785 , 62.86383 , -5.9065514    ,0.0 , 0.0 , 0.0
1290469844299861233  , -1.0404041 , -0.0882353 , -0.18691589    , -6.6965785 , 63.08798 , -5.9423423    ,0.0 , 0.0 , 0.0
1290469844317385229  , -1.060606 , -0.12745099 , -0.1495327    , -6.680713 , 64.10192 , -6.081765    ,0.0 , 0.0 , 0.0
1290469844321552212  , -1.050505 , -0.11764706 , -0.18691589    , -6.680713 , 64.34434 , -6.115023    ,0.0 , 0.0 , 0.0
1290469844337372208  , -1.030303 , -0.15686275 , -0.22429906    , -6.7066746 , 65.29146 , -6.2914653    ,0.0 , 0.0 , 0.0
1290469844339881192  , -0.989899 , -0.14705883 , -0.22429906    , -6.7184534 , 65.49999 , -6.3413453    ,0.0 , 0.0 , 0.0
1290469844357433189  , -0.90909094 , -0.12745099 , -0.26168224    , -6.7940946 , 66.48717 , -6.6471143    ,0.0 , 0.0 , 0.0
1290469844359925172  , -0.8484849 , -0.13725491 , -0.2990654    , -6.8071036 , 66.62721 , -6.7013    ,0.0 , 0.0 , 0.0
1290469844377558169  , -0.82828283 , -0.11764706 , -0.37383178    , -6.869283 , 67.22016 , -6.9743767    ,0.0 , 0.0 , 0.0
1290469844380007152  , -0.8484849 , -0.16666667 , -0.37383178    , -6.8714323 , 67.28634 , -7.0083137    ,0.0 , 0.0 , 0.0
1290469844397528149  , -0.93939394 , -0.10784314 , -0.3364486    , -6.8323298 , 67.57352 , -7.0801086    ,0.0 , 0.0 , 0.0
1290469844401090132  , -0.97979796 , -0.13725491 , -0.22429906    , -6.8161535 , 67.63438 , -7.0801086    ,0.0 , 0.0 , 0.0
1290469844418644128  , -0.989899 , -0.1764706 , -0.22429906    , -6.7560573 , 67.90457 , -7.0801086    ,0.0 , 0.0 , 0.0
1290469844421020111  , -0.989899 , -0.15686275 , -0.2990654    , -6.748252 , 67.94676 , -7.08305    ,0.0 , 0.0 , 0.0
1290469844438760108  , -0.97979796 , -0.16666667 , -0.3364486    , -6.7367134 , 67.980736 , -7.135614    ,0.0 , 0.0 , 0.0
1290469844441132091  , -0.93939394 , -0.10784314 , -0.3364486    , -6.7367134 , 67.97271 , -7.1483965    ,0.0 , 0.0 , 0.0
1290469844458617088  , -0.8989899 , -0.09803922 , -0.2990654    , -6.7367134 , 68.03617 , -7.208653    ,0.0 , 0.0 , 0.0
1290469844467453071  , -0.90909094 , -0.14705883 , -0.2990654    , -6.7367134 , 68.056755 , -7.2110286    ,0.0 , 0.0 , 0.0
1290469844478876062  , -0.969697 , -0.16666667 , -0.2990654    , -6.7367134 , 68.08325 , -7.197567    ,0.0 , 0.0 , 0.0
1290469844482574050  , -1.020202 , -0.14705883 , -0.3364486    , -6.7367134 , 68.08149 , -7.1776953    ,0.0 , 0.0 , 0.0
1290469844499984047  , -1.0404041 , -0.14705883 , -0.3364486    , -6.7367134 , 68.05777 , -7.09949    ,0.0 , 0.0 , 0.0
1290469844502301029  , -1.020202 , -0.13725491 , -0.2990654    , -6.737889 , 68.066 , -7.0911565    ,0.0 , 0.0 , 0.0
1290469844520100027  , -1.0 , -0.16666667 , -0.2990654    , -6.786927 , 68.25446 , -7.0728874    ,0.0 , 0.0 , 0.0
1290469844522862009  , -0.989899 , -0.16666667 , -0.2990654    , -6.792055 , 68.27892 , -7.075024    ,0.0 , 0.0 , 0.0
1290469844540003006  , -0.969697 , -0.13725491 , -0.2990654    , -6.8035936 , 68.37123 , -7.092332    ,0.0 , 0.0 , 0.0
1290469844542362989  , -0.97979796 , -0.16666667 , -0.2990654    , -6.8035936 , 68.37338 , -7.094142    ,0.0 , 0.0 , 0.0
1290469844560004987  , -0.97979796 , -0.16666667 , -0.2990654    , -6.8035936 , 68.30704 , -7.094142    ,0.0 , 0.0 , 0.0
1290469844563842969  , -0.989899 , -0.14705883 , -0.2990654    , -6.8035936 , 68.29133 , -7.09521    ,0.0 , 0.0 , 0.0
1290469844581219966  , -1.020202 , -0.14705883 , -0.2990654    , -6.8253884 , 68.179794 , -7.1041846    ,0.0 , 0.0 , 0.0
1290469844583476948  , -1.0404041 , -0.16666667 , -0.26168224    , -6.8296623 , 68.14977 , -7.10536    ,0.0 , 0.0 , 0.0
1290469844601117946  , -1.0707071 , -0.15686275 , -0.2990654    , -6.8498545 , 67.707466 , -7.162091    ,0.0 , 0.0 , 0.0
1290469844603753928  , -1.060606 , -0.14705883 , -0.26168224    , -6.8498545 , 67.62712 , -7.175659    ,0.0 , 0.0 , 0.0
1290469844621106926  , -1.060606 , -0.16666667 , -0.22429906    , -6.8267775 , 66.59635 , -7.3621974    ,0.0 , 0.0 , 0.0
1290469844623686908  , -1.1010101 , -0.15686275 , -0.22429906    , -6.8203673 , 66.4456 , -7.389334    ,0.0 , 0.0 , 0.0
1290469844641102906  , -1.1212121 , -0.15686275 , -0.18691589    , -6.72806 , 64.652336 , -7.671065    ,0.0 , 0.0 , 0.0
1290469844645955888  , -1.1010101 , -0.1764706 , -0.1495327    , -6.7121406 , 64.38653 , -7.707924    ,0.0 , 0.0 , 0.0
1290469844662381883  , -1.0404041 , -0.20588236 , -0.07476635    , -6.629064 , 63.14768 , -7.8825393    ,0.0 , 0.0 , 0.0
1290469844664917867  , -1.030303 , -0.21568628 , -0.037383176    , -6.5944486 , 62.658978 , -7.9482846    ,0.0 , 0.0 , 0.0
1290469844682430864  , -1.1111112 , -0.2254902 , -0.07476635    , -6.3258586 , 59.14808 , -8.307899    ,0.0 , 0.0 , 0.0
1290469844685319847  , -1.1313131 , -0.28431374 , -0.22429906    , -6.256741 , 58.32817 , -8.378715    ,0.0 , 0.0 , 0.0
1290469844702380844  , -1.0707071 , -0.21568628 , -0.26168224    , -5.7400746 , 52.54291 , -8.883202    ,0.0 , 0.0 , 0.0
1290469844704959827  , -0.97979796 , -0.11764706 , -0.22429906    , -5.630459 , 50.403774 , -8.995645    ,0.0 , 0.0 , 0.0
1290469844720002824  , -0.9292929 , -0.0882353 , -0.07476635    , -4.879818 , 38.025566 , -9.625773    ,0.0 , 0.0 , 0.0
1290469844726240809  , -0.9292929 , -0.05882353 , 0.037383176    , -4.710972 , 35.493515 , -9.724875    ,0.0 , 0.0 , 0.0
1290469844743608803  , -0.93939394 , -0.05882353 , 0.18691589    , -4.251677 , 29.059221 , -9.881927    ,0.0 , 0.0 , 0.0
1290469844746510786  , -0.9292929 , -0.09803922 , 0.2990654    , -4.070116 , 26.76284 , -9.910094    ,0.0 , 0.0 , 0.0
1290469844763755783  , -0.85858583 , -0.10784314 , 0.2990654    , -2.9156287 , 13.592969 , -9.985736    ,0.0 , 0.0 , 0.0
1290469844766251766  , -0.8181818 , -0.0882353 , 0.48598132    , -2.6874614 , 11.3112955 , -9.995803    ,0.0 , 0.0 , 0.0
1290469844783679763  , -0.74747473 , -0.019607844 , 0.71028036    , -1.3041279 , 5.3946285 , -10.1131115    ,0.0 , 0.0 , 0.0
1290469844787499746  , -0.64646465 , -0.019607844 , 0.8224299    , -1.0703044 , 4.5429316 , -10.152025    ,0.0 , 0.0 , 0.0
1290469844805101742  , -0.5252525 , -0.05882353 , 0.8598131    , -0.24818905 , 1.4616816 , -10.350102    ,0.0 , 0.0 , 0.0
1290469844807431724  , -0.3939394 , -0.05882353 , 0.8598131    , -0.1150694 , 0.8815534 , -10.391768    ,0.0 , 0.0 , 0.0
1290469844825002722  , -0.36363637 , -0.04901961 , 0.8224299    , 0.66569984 , -3.553062 , -10.587922    ,0.0 , 0.0 , 0.0
1290469844827284704  , -0.36363637 , 0.0 , 0.78504676    , 0.72317845 , -3.980733 , -10.575209    ,0.0 , 0.0 , 0.0
1290469844845007702  , -0.35353535 , -0.019607844 , 0.74766356    , 1.1626016 , -7.832656 , -10.098286    ,0.0 , 0.0 , 0.0
1290469844847396684  , -0.32323232 , 0.019607844 , 0.74766356    , 1.2177298 , -8.323682 , -10.010144    ,0.0 , 0.0 , 0.0
1290469844865038682  , -0.32323232 , -0.009803922 , 0.74766356    , 1.8292682 , -13.068874 , -8.980337    ,0.0 , 0.0 , 0.0
1290469844868790664  , -0.36363637 , 0.0 , 0.8224299    , 1.9205076 , -13.59334 , -8.85491    ,0.0 , 0.0 , 0.0
1290469844886584661  , -0.43434343 , -0.019607844 , 0.97196263    , 2.605764 , -16.396545 , -8.096577    ,0.0 , 0.0 , 0.0
1290469844888543643  , -0.46464646 , -0.019607844 , 1.0841122    , 2.7337554 , -16.808617 , -7.9708285    ,0.0 , 0.0 , 0.0
1290469844906141641  , -0.46464646 , 0.009803922 , 1.0841122    , 3.91164 , -20.258617 , -6.9314055    ,0.0 , 0.0 , 0.0
1290469844908572623  , -0.41414142 , 0.039215688 , 1.0841122    , 4.023499 , -20.633617 , -6.8301234    ,0.0 , 0.0 , 0.0
1290469844926177621  , -0.33333334 , 0.0882353 , 1.046729    , 4.793691 , -23.699001 , -6.043585    ,0.0 , 0.0 , 0.0
1290469844930138603  , -0.27272728 , 0.068627454 , 1.0093458    , 4.8544817 , -24.000498 , -5.9661274    ,0.0 , 0.0 , 0.0
1290469844946126599  , -0.23232323 , 0.078431375 , 0.97196263    , 5.047751 , -25.209152 , -5.6228585    ,0.0 , 0.0 , 0.0
1290469844949804583  , -0.24242425 , 0.019607844 , 1.0093458    , 5.088977 , -25.459513 , -5.5365605    ,0.0 , 0.0 , 0.0
1290469844967547580  , -0.28282827 , 0.009803922 , 1.046729    , 5.3203874 , -26.489 , -5.103868    ,0.0 , 0.0 , 0.0
1290469844969983562  , -0.3030303 , -0.009803922 , 1.0841122    , 5.3655796 , -26.62511 , -5.0444665    ,0.0 , 0.0 , 0.0
1290469844987462559  , -0.28282827 , 0.039215688 , 1.0841122    , 5.6610923 , -27.338572 , -4.7842097    ,0.0 , 0.0 , 0.0
1290469844990046542  , -0.24242425 , 0.039215688 , 1.0841122    , 5.7092824 , -27.44536 , -4.759436    ,0.0 , 0.0 , 0.0
1290469845007451539  , -0.1919192 , 0.029411765 , 1.0841122    , 5.9035134 , -27.91331 , -4.6998205    ,0.0 , 0.0 , 0.0
1290469845009792522  , -0.18181819 , 0.04901961 , 1.046729    , 5.919916 , -27.960255 , -4.6946173    ,0.0 , 0.0 , 0.0
1290469845038850520  , -0.18181819 , 0.068627454 , 1.046729    , 5.939147 , -28.205446 , -4.647502    ,0.0 , 0.0 , 0.0
1290469845039979491  , -0.18181819 , 0.068627454 , 1.0093458    , 5.936198 , -28.225767 , -4.642886    ,0.0 , 0.0 , 0.0
1290469845048708489  , -0.3030303 , 0.0882353 , 1.3457944    , 5.805429 , -29.181536 , -4.4505787    ,0.0 , 0.0 , 0.0
1290469845051055481  , -0.18181819 , 0.039215688 , 1.0093458    , 5.788602 , -29.319036 , -4.433992    ,0.0 , 0.0 , 0.0
1290469845068729478  , -0.121212125 , 0.039215688 , 0.8224299    , 5.3764224 , -29.881857 , -4.503864    ,0.0 , 0.0 , 0.0
1290469845071358461  , -0.14141414 , 0.05882353 , 0.93457943    , 5.2979155 , -29.994526 , -4.510312    ,0.0 , 0.0 , 0.0
1290469845088722458  , -0.22222222 , 0.068627454 , 1.1588784    , 5.0011206 , -30.307987 , -4.494286    ,0.0 , 0.0 , 0.0
1290469845091178441  , -0.15151516 , -0.019607844 , 0.8224299    , 4.960623 , -30.305838 , -4.494286    ,0.0 , 0.0 , 0.0
1290469845108663438  , -0.27272728 , -0.009803922 , 1.0841122    , 4.4837 , -30.43917 , -4.5327477    ,0.0 , 0.0 , 0.0
1290469845112550421  , -0.21212122 , 0.019607844 , 0.97196263    , 4.572953 , -30.500484 , -4.5096707    ,0.0 , 0.0 , 0.0
1290469845130014417  , -0.18181819 , 0.078431375 , 0.97196263    , 4.43978 , -30.950003 , -4.5500555    ,0.0 , 0.0 , 0.0
1290469845132317399  , -0.11111111 , 0.078431375 , 0.97196263    , 4.4455495 , -30.986862 , -4.5722775    ,0.0 , 0.0 , 0.0
1290469845149899397  , -0.11111111 , 0.05882353 , 1.0093458    , 4.4455495 , -31.326284 , -4.756893    ,0.0 , 0.0 , 0.0
1290469845152327379  , -0.13131313 , 0.05882353 , 1.0093458    , 4.448434 , -31.339106 , -4.766722    ,0.0 , 0.0 , 0.0
1290469845169887377  , -0.15151516 , 0.05882353 , 1.0093458    , 4.5099726 , -31.303528 , -4.766722    ,0.0 , 0.0 , 0.0
1290469845172374359  , -0.17171717 , 0.029411765 , 1.0093458    , 4.52087 , -31.293379 , -4.7636237    ,0.0 , 0.0 , 0.0
1290469845189872357  , -0.17171717 , 0.029411765 , 1.0093458    , 4.597793 , -31.272224 , -4.732855    ,0.0 , 0.0 , 0.0
1290469845193604339  , -0.17171717 , 0.029411765 , 1.0093458    , 4.6060195 , -31.275003 , -4.7281537    ,0.0 , 0.0 , 0.0
1290469845211156336  , -0.18181819 , 0.029411765 , 1.0093458    , 4.643199 , -31.296158 , -4.705718    ,0.0 , 0.0 , 0.0
1290469845213631318  , -0.18181819 , 0.029411765 , 1.0093458    , 4.649075 , -31.308977 , -4.7026196    ,0.0 , 0.0 , 0.0
1290469845231143316  , -0.18181819 , 0.029411765 , 1.0093458    , 4.7086906 , -31.50513 , -4.668004    ,0.0 , 0.0 , 0.0
1290469845233632298  , -0.17171717 , 0.029411765 , 1.0093458    , 4.7153144 , -31.538145 , -4.664799    ,0.0 , 0.0 , 0.0
1290469845251251296  , -0.14141414 , 0.05882353 , 1.0093458    , 4.734545 , -31.890068 , -4.664799    ,0.0 , 0.0 , 0.0
1290469845254144278  , -0.17171717 , 0.019607844 , 1.0093458    , 4.734545 , -31.937931 , -4.664799    ,0.0 , 0.0 , 0.0
1290469845271148275  , -0.14141414 , 0.019607844 , 1.0093458    , 4.760186 , -32.252033 , -4.682748    ,0.0 , 0.0 , 0.0
1290469845275103258  , -0.11111111 , 0.029411765 , 1.0093458    , 4.7705936 , -32.31436 , -4.693042    ,0.0 , 0.0 , 0.0
1290469845292440254  , -0.11111111 , 0.019607844 , 1.0093458    , 4.8186703 , -32.59321 , -4.734388    ,0.0 , 0.0 , 0.0
1290469845294759237  , -0.09090909 , 0.029411765 , 1.0093458    , 4.825571 , -32.65294 , -4.741967    ,0.0 , 0.0 , 0.0
1290469845312393235  , -0.1010101 , 0.019607844 , 1.0093458    , 4.883263 , -33.10294 , -4.777544    ,0.0 , 0.0 , 0.0
1290469845314822217  , -0.11111111 , 0.039215688 , 1.0841122    , 4.886575 , -33.14567 , -4.777544    ,0.0 , 0.0 , 0.0
1290469845332403215  , -0.11111111 , 0.029411765 , 1.0093458    , 4.907729 , -33.472595 , -4.777544    ,0.0 , 0.0 , 0.0
1290469845334805197  , -0.11111111 , 0.029411765 , 1.0093458    , 4.9099727 , -33.510418 , -4.777544    ,0.0 , 0.0 , 0.0
1290469845352402195  , -0.11111111 , 0.019607844 , 1.0093458    , 4.9099727 , -33.896954 , -4.777544    ,0.0 , 0.0 , 0.0
1290469845356142177  , -0.121212125 , 0.04901961 , 1.0093458    , 4.9112544 , -33.943108 , -4.777544    ,0.0 , 0.0 , 0.0
1290469845373699173  , -0.121212125 , 0.039215688 , 1.0093458    , 4.924716 , -34.1758 , -4.782352    ,0.0 , 0.0 , 0.0
1290469845376101156  , -0.13131313 , 0.029411765 , 1.046729    , 4.9263 , -34.246616 , -4.782352    ,0.0 , 0.0 , 0.0
1290469845393735153  , -0.11111111 , 0.039215688 , 1.0093458    , 4.9263 , -34.75623 , -4.782352    ,0.0 , 0.0 , 0.0
1290469845396081136  , -0.07070707 , 0.019607844 , 1.0093458    , 4.9251685 , -34.86958 , -4.782352    ,0.0 , 0.0 , 0.0
1290469845413752133  , -0.05050505 , 0.019607844 , 1.0093458    , 4.877092 , -35.58881 , -4.7958136    ,0.0 , 0.0 , 0.0
1290469845416030116  , -0.060606062 , 0.039215688 , 1.046729    , 4.835689 , -35.714943 , -4.8020353    ,0.0 , 0.0 , 0.0
1290469845433667113  , -0.030303031 , 0.019607844 , 1.0841122    , 4.53633 , -36.44507 , -4.844984    ,0.0 , 0.0 , 0.0
1290469845437386096  , -0.02020202 , 0.029411765 , 1.046729    , 4.449 , -36.623577 , -4.844984    ,0.0 , 0.0 , 0.0
1290469845455009092  , -0.14141414 , 0.009803922 , 1.1588784    , 4.3177495 , -37.488 , -4.776715    ,0.0 , 0.0 , 0.0
1290469845457354074  , -0.15151516 , 0.009803922 , 1.3084112    , 4.3663607 , -37.68437 , -4.7852616    ,0.0 , 0.0 , 0.0
1290469845474949072  , -0.11111111 , 0.009803922 , 1.4205607    , 4.8278995 , -40.143982 , -5.2083387    ,0.0 , 0.0 , 0.0
1290469845477361054  , -0.1010101 , 0.039215688 , 1.4579439    , 4.866681 , -40.549538 , -5.29039    ,0.0 , 0.0 , 0.0
1290469845494865052  , 0.060606062 , 0.05882353 , 1.3831775    , 5.023412 , -45.647614 , -6.2951975    ,0.0 , 0.0 , 0.0
1290469845497319034  , 0.2929293 , 0.0882353 , 1.1962616    , 5.01807 , -46.414814 , -6.427142    ,0.0 , 0.0 , 0.0
1290469845514899032  , 0.4848485 , 0.16666667 , 1.046729    , 4.760378 , -54.684048 , -7.710796    ,0.0 , 0.0 , 0.0
1290469845518664014  , 0.67676765 , 0.18627451 , 0.89719623    , 4.705784 , -55.669518 , -7.848189    ,0.0 , 0.0 , 0.0
1290469845536132011  , 0.7878788 , 0.19607843 , 0.71028036    , 4.1621943 , -67.839386 , -8.452676    ,0.0 , 0.0 , 0.0
1290469845538552993  , 0.82828283 , 0.13725491 , 0.5981308    , 4.0495872 , -69.86663 , -8.503317    ,0.0 , 0.0 , 0.0
1290469845556169991  , 0.7676768 , 0.09803922 , 0.5233645    , 3.0630488 , -78.72048 , -8.552356    ,0.0 , 0.0 , 0.0
1290469845558540973  , 0.68686867 , 0.0882353 , 0.48598132    , 2.9715958 , -79.63341 , -8.518915    ,0.0 , 0.0 , 0.0
1290469845576246971  , 0.5959596 , 0.039215688 , 0.44859812    , 2.436019 , -87.53437 , -7.978531    ,0.0 , 0.0 , 0.0
1290469845578653953  , 0.5252525 , -0.05882353 , 0.41121495    , 2.4212754 , -88.41738 , -7.9076977    ,0.0 , 0.0 , 0.0
1290469845596368951  , 0.5151515 , -0.029411765 , 0.37383178    , 2.7414677 , -96.2818 , -7.366351    ,0.0 , 0.0 , 0.0
1290469845599831933  , 0.61616164 , 0.019607844 , 0.41121495    , 2.8204207 , -97.10328 , -7.336864    ,0.0 , 0.0 , 0.0
1290469845617460930  , 0.8080808 , 0.11764706 , 0.41121495    , 3.4473438 , -101.58981 , -7.4093    ,0.0 , 0.0 , 0.0
1290469845619830912  , 0.94949496 , 0.09803922 , 0.48598132    , 3.549908 , -102.25125 , -7.444129    ,0.0 , 0.0 , 0.0
1290469845637417910  , 1.010101 , 0.078431375 , 0.41121495    , 4.1989465 , -107.386826 , -7.617206    ,0.0 , 0.0 , 0.0
1290469845639817892  , 1.030303 , 0.05882353 , 0.37383178    , 4.243925 , -107.93522 , -7.615283    ,0.0 , 0.0 , 0.0
1290469845657563890  , 1.010101 , 0.04901961 , 0.26168224    , 4.52854 , -113.18041 , -7.452783    ,0.0 , 0.0 , 0.0
1290469845659865872  , 1.010101 , -0.009803922 , 0.26168224    , 4.5645447 , -113.792915 , -7.43024    ,0.0 , 0.0 , 0.0
1290469845677405869  , 1.020202 , 0.0 , 0.22429906    , 4.800442 , -117.59676 , -7.275753    ,0.0 , 0.0 , 0.0
1290469845681175852  , 1.010101 , -0.04901961 , 0.22429906    , 4.8447857 , -118.26961 , -7.2472463    ,0.0 , 0.0 , 0.0
1290469845698904848  , 0.959596 , -0.04901961 , 0.22429906    , 5.019786 , -120.940285 , -7.0905156    ,0.0 , 0.0 , 0.0
1290469845701051830  , 0.94949496 , -0.019607844 , 0.18691589    , 5.0553627 , -121.507164 , -7.0452166    ,0.0 , 0.0 , 0.0
1290469845718638828  , 0.9191919 , 0.0 , 0.1495327    , 5.3236322 , -126.45909 , -6.594255    ,0.0 , 0.0 , 0.0
1290469845721144811  , 0.90909094 , -0.019607844 , 0.1495327    , 5.349311 , -127.0066 , -6.546065    ,0.0 , 0.0 , 0.0
1290469845738651808  , 0.93939394 , 0.009803922 , 0.07476635    , 5.4608493 , -129.95724 , -6.2896547    ,0.0 , 0.0 , 0.0
1290469845741135791  , 0.90909094 , -0.019607844 , 0.037383176    , 5.470917 , -130.46516 , -6.24927    ,0.0 , 0.0 , 0.0
1290469845758683788  , 0.90909094 , 0.039215688 , -0.037383176    , 5.4548917 , -133.2267 , -6.029398    ,0.0 , 0.0 , 0.0
1290469845762386771  , 0.959596 , -0.029411765 , -0.11214953    , 5.4484434 , -133.72025 , -5.993199    ,0.0 , 0.0 , 0.0
1290469845779909767  , 0.90909094 , -0.039215688 , -0.1495327    , 5.4147897 , -135.83371 , -5.8571415    ,0.0 , 0.0 , 0.0
1290469845782337749  , 0.93939394 , -0.05882353 , -0.1495327    , 5.4232297 , -136.24525 , -5.819748    ,0.0 , 0.0 , 0.0
1290469845800167747  , 0.94949496 , -0.068627454 , -0.18691589    , 5.366499 , -139.9539 , -5.507248    ,0.0 , 0.0 , 0.0
1290469845802374729  , 0.93939394 , -0.078431375 , -0.22429906    , 5.3641486 , -140.34653 , -5.473167    ,0.0 , 0.0 , 0.0
1290469845819921727  , 0.93939394 , -0.068627454 , -0.26168224    , 5.3064566 , -143.50711 , -5.079898    ,0.0 , 0.0 , 0.0
1290469845822302709  , 0.8888889 , -0.0882353 , -0.26168224    , 5.2976956 , -143.80786 , -5.032141    ,0.0 , 0.0 , 0.0
1290469845839901707  , 0.8484849 , -0.068627454 , -0.2990654    , 5.1582727 , -146.13286 , -4.563872    ,0.0 , 0.0 , 0.0
1290469845843612689  , 0.83838385 , -0.0882353 , -0.2990654    , 5.143529 , -146.34973 , -4.5121627    ,0.0 , 0.0 , 0.0
1290469845861167686  , 0.83838385 , -0.0882353 , -0.3364486    , 5.067888 , -147.32217 , -4.2281885    ,0.0 , 0.0 , 0.0
1290469845863693668  , 0.85858583 , -0.068627454 , -0.3364486    , 5.0576315 , -147.42912 , -4.188872    ,0.0 , 0.0 , 0.0
1290469845881220666  , 0.8484849 , -0.0882353 , -0.2990654    , 4.992247 , -147.99835 , -3.8715644    ,0.0 , 0.0 , 0.0
1290469845884856648  , 0.8484849 , -0.068627454 , -0.3364486    , 4.9872255 , -148.04599 , -3.83759    ,0.0 , 0.0 , 0.0
1290469845902420645  , 0.86868685 , -0.09803922 , -0.3364486    , 4.95261 , -148.27676 , -3.6890323    ,0.0 , 0.0 , 0.0
1290469845904824627  , 0.90909094 , -0.09803922 , -0.37383178    , 4.941185 , -148.32326 , -3.65815    ,0.0 , 0.0 , 0.0
1290469845922429625  , 0.8888889 , -0.09803922 , -0.37383178    , 4.835416 , -148.4925 , -3.410073    ,0.0 , 0.0 , 0.0
1290469845924828607  , 0.8787879 , -0.078431375 , -0.37383178    , 4.82954 , -148.4786 , -3.379838    ,0.0 , 0.0 , 0.0
1290469845942397605  , 0.86868685 , -0.068627454 , -0.37383178    , 4.8151164 , -148.06514 , -3.0865688    ,0.0 , 0.0 , 0.0
1290469845945032587  , 0.8484849 , -0.09803922 , -0.3364486    , 4.8151164 , -147.99046 , -3.0546243    ,0.0 , 0.0 , 0.0
1290469845962438584  , 0.86868685 , -0.10784314 , -0.37383178    , 4.8151164 , -147.39943 , -2.8892398    ,0.0 , 0.0 , 0.0
1290469845966800567  , 0.8888889 , -0.09803922 , -0.3364486    , 4.8178315 , -147.27975 , -2.8640134    ,0.0 , 0.0 , 0.0
1290469845983888563  , 0.90909094 , -0.12745099 , -0.3364486    , 4.833697 , -146.6937 , -2.7553596    ,0.0 , 0.0 , 0.0
1290469845986160545  , 0.9191919 , -0.10784314 , -0.3364486    , 4.8378634 , -146.55833 , -2.7300391    ,0.0 , 0.0 , 0.0
1290469846001165543  , 0.9191919 , -0.12745099 , -0.2990654    , 4.888825 , -145.2516 , -2.5242698    ,0.0 , 0.0 , 0.0
1290469846006122528  , 0.90909094 , -0.12745099 , -0.2990654    , 4.89562 , -145.05185 , -2.4991417    ,0.0 , 0.0 , 0.0
1290469846023672523  , 0.90909094 , -0.09803922 , -0.2990654    , 4.921389 , -144.34724 , -2.4145262    ,0.0 , 0.0 , 0.0
1290469846026112506  , 0.9191919 , -0.078431375 , -0.3364486    , 4.9311175 , -144.11398 , -2.3934855    ,0.0 , 0.0 , 0.0
1290469846043741503  , 0.94949496 , -0.12745099 , -0.3364486    , 4.9965024 , -142.57423 , -2.3133574    ,0.0 , 0.0 , 0.0
1290469846047318486  , 0.969697 , -0.16666667 , -0.2990654    , 5.020484 , -142.23532 , -2.3062308    ,0.0 , 0.0 , 0.0
1290469846064928482  , 0.97979796 , -0.16666667 , -0.26168224    , 5.171446 , -140.46033 , -2.2735384    ,0.0 , 0.0 , 0.0
1290469846067318464  , 0.969697 , -0.14705883 , -0.18691589    , 5.2149286 , -139.98041 , -2.2623205    ,0.0 , 0.0 , 0.0
1290469846085172462  , 0.94949496 , -0.11764706 , -0.11214953    , 5.6255054 , -134.91983 , -2.1036665    ,0.0 , 0.0 , 0.0
1290469846089787444  , 0.90909094 , -0.12745099 , 0.0    , 5.6636467 , -135.12924 , -2.0819786    ,0.0 , 0.0 , 0.0
1290469846105001440  , 0.8484849 , -0.09803922 , 0.07476635    , 5.7295117 , -135.6773 , -2.0194786    ,0.0 , 0.0 , 0.0
1290469846107460424  , 0.7979798 , -0.09803922 , 0.11214953    , 5.71593 , -135.69894 , -2.016714    ,0.0 , 0.0 , 0.0
1290469846124990422  , 0.7777778 , -0.09803922 , 0.18691589    , 5.3822765 , -135.23741 , -2.064791    ,0.0 , 0.0 , 0.0
1290469846128642404  , 0.7777778 , -0.078431375 , 0.26168224    , 5.328537 , -135.12897 , -2.0716286    ,0.0 , 0.0 , 0.0
1290469846146173401  , 0.7676768 , -0.10784314 , 0.3364486    , 4.970204 , -134.22833 , -2.1229107    ,0.0 , 0.0 , 0.0
1290469846148636383  , 0.7676768 , -0.12745099 , 0.41121495    , 4.916785 , -134.06914 , -2.134556    ,0.0 , 0.0 , 0.0
1290469846166167381  , 0.74747473 , -0.12745099 , 0.44859812    , 4.548516 , -132.77106 , -2.2634022    ,0.0 , 0.0 , 0.0
1290469846168606363  , 0.7777778 , -0.078431375 , 0.44859812    , 4.518601 , -132.63164 , -2.2791073    ,0.0 , 0.0 , 0.0
1290469846186203361  , 0.8181818 , -0.039215688 , 0.48598132    , 4.3445625 , -131.50183 , -2.4387226    ,0.0 , 0.0 , 0.0
1290469846188804343  , 0.83838385 , -0.029411765 , 0.5607477    , 4.335909 , -131.36882 , -2.459556    ,0.0 , 0.0 , 0.0
1290469846206171341  , 0.8484849 , -0.029411765 , 0.5981308    , 4.352255 , -130.15729 , -2.6480176    ,0.0 , 0.0 , 0.0
1290469846209797323  , 0.8484849 , -0.05882353 , 0.6728972    , 4.368067 , -130.0387 , -2.665539    ,0.0 , 0.0 , 0.0
1290469846227445320  , 0.8080808 , -0.09803922 , 0.78504676    , 4.562298 , -129.5996 , -2.7238722    ,0.0 , 0.0 , 0.0
1290469846230114302  , 0.74747473 , -0.078431375 , 0.89719623    , 4.616785 , -129.56166 , -2.7151115    ,0.0 , 0.0 , 0.0
1290469846247384299  , 0.6060606 , -0.05882353 , 1.046729    , 4.972554 , -129.51678 , -2.4830604    ,0.0 , 0.0 , 0.0
1290469846249848282  , 0.42424244 , 0.009803922 , 1.0841122    , 5.006151 , -129.53828 , -2.4110014    ,0.0 , 0.0 , 0.0
1290469846267397280  , 0.26262626 , 0.039215688 , 1.046729    , 5.216728 , -129.96617 , -1.4975399    ,0.0 , 0.0 , 0.0
1290469846269838262  , 0.16161616 , 0.039215688 , 0.97196263    , 5.204335 , -130.04843 , -1.398181    ,0.0 , 0.0 , 0.0
1290469846287418260  , 0.1010101 , -0.019607844 , 0.93457943    , 4.8120275 , -131.15901 , -0.6491425    ,0.0 , 0.0 , 0.0
1290469846291076242  , 0.08080808 , -0.05882353 , 0.89719623    , 4.761707 , -131.34277 , -0.5858946    ,0.0 , 0.0 , 0.0
1290469846308661238  , 0.05050505 , -0.09803922 , 0.89719623    , 4.6266108 , -128.83989 , -0.38541386    ,0.0 , 0.0 , 0.0
1290469846311113221  , 0.04040404 , -0.0882353 , 0.93457943    , 4.632493 , -128.34566 , -0.3581514    ,0.0 , 0.0 , 0.0
1290469846328754218  , 0.05050505 , -0.0882353 , 0.97196263    , 4.8645444 , -126.092445 , -0.30494627    ,0.0 , 0.0 , 0.0
1290469846331121201  , 0.060606062 , -0.029411765 , 1.0093458    , 4.9302683 , -125.7636 , -0.31195983    ,0.0 , 0.0 , 0.0
1290469846348683198  , 0.07070707 , 0.009803922 , 1.046729    , 5.3559093 , -124.178345 , -0.40683165    ,0.0 , 0.0 , 0.0
1290469846351114181  , -0.02020202 , 0.009803922 , 1.0093458    , 5.4244614 , -123.92914 , -0.42029318    ,0.0 , 0.0 , 0.0
1290469846368692178  , -0.1010101 , -0.019607844 , 0.93457943    , 5.6674104 , -122.645805 , -0.4452932    ,0.0 , 0.0 , 0.0
1290469846372357161  , -0.15151516 , -0.019607844 , 0.8598131    , 5.6872067 , -122.41322 , -0.442352    ,0.0 , 0.0 , 0.0
1290469846389967157  , -0.13131313 , 0.0 , 0.8224299    , 5.7420144 , -121.17236 , -0.43225586    ,0.0 , 0.0 , 0.0
1290469846392406139  , -0.060606062 , -0.009803922 , 0.8598131    , 5.76242 , -120.8527 , -0.43984133    ,0.0 , 0.0 , 0.0
1290469846409954137  , -0.01010101 , -0.019607844 , 0.93457943    , 6.158574 , -118.05751 , -0.5427259    ,0.0 , 0.0 , 0.0
1290469846412413119  , 0.02020202 , -0.019607844 , 1.046729    , 6.2302623 , -117.7698 , -0.5477473    ,0.0 , 0.0 , 0.0
1290469846429931117  , 0.02020202 , -0.009803922 , 1.1588784    , 7.095647 , -115.486145 , -0.46120885    ,0.0 , 0.0 , 0.0
1290469846432385099  , -0.04040404 , 0.009803922 , 1.1962616    , 7.196822 , -115.280266 , -0.4422986    ,0.0 , 0.0 , 0.0
1290469846449904097  , -0.07070707 , -0.009803922 , 1.1588784    , 8.006437 , -114.18027 , -0.1999909    ,0.0 , 0.0 , 0.0
1290469846453750079  , -0.1010101 , 0.009803922 , 1.0841122    , 8.069151 , -114.13934 , -0.1684738    ,0.0 , 0.0 , 0.0
1290469846471149076  , -0.14141414 , 0.009803922 , 1.046729    , 8.304407 , -114.11755 , 0.023192868    ,0.0 , 0.0 , 0.0
1290469846473592058  , -0.21212122 , -0.009803922 , 1.046729    , 8.328874 , -114.114136 , 0.057167225    ,0.0 , 0.0 , 0.0
1290469846491154056  , -0.3030303 , -0.009803922 , 1.0093458    , 8.499065 , -113.97375 , 0.4312057    ,0.0 , 0.0 , 0.0
1290469846493593038  , -0.32323232 , 0.019607844 , 1.0093458    , 8.517121 , -113.952385 , 0.471804    ,0.0 , 0.0 , 0.0
1290469846511248036  , -0.2929293 , 0.029411765 , 0.97196263    , 8.613275 , -113.51777 , 0.7169963    ,0.0 , 0.0 , 0.0
1290469846513642018  , -0.27272728 , 0.019607844 , 0.93457943    , 8.61851 , -113.43112 , 0.72992367    ,0.0 , 0.0 , 0.0
1290469846531248016  , -0.23232323 , 0.04901961 , 0.89719623    , 8.661779 , -112.34266 , 0.8116544    ,0.0 , 0.0 , 0.0
1290469846535105998  , -0.27272728 , -0.05882353 , 0.78504676    , 8.672142 , -112.1965 , 0.8221245    ,0.0 , 0.0 , 0.0
1290469846552509994  , -0.21212122 , 0.05882353 , 0.93457943    , 9.646662 , -111.66862 , 0.8846245    ,0.0 , 0.0 , 0.0
1290469846554959977  , -0.18181819 , 0.11764706 , 1.0093458    , 9.68682 , -111.5848 , 0.9307783    ,0.0 , 0.0 , 0.0
1290469846572533974  , -0.4848485 , 0.11764706 , 1.6448598    , 10.429769 , -111.05082 , 0.97180396    ,0.0 , 0.0 , 0.0
1290469846574906957  , -0.22222222 , -0.10784314 , 0.5607477    , 10.564045 , -110.9515 , 0.97972256    ,0.0 , 0.0 , 0.0
1290469846592530954  , -0.14141414 , 0.12745099 , 0.78504676    , 10.950583 , -111.75791 , 0.8983123    ,0.0 , 0.0 , 0.0
1290469846594820937  , -0.14141414 , 0.14705883 , 0.89719623    , 10.83452 , -111.75622 , 0.84571046    ,0.0 , 0.0 , 0.0
1290469846612431935  , -0.2020202 , 0.068627454 , 1.2336448    , 11.123943 , -110.82737 , 0.5899412    ,0.0 , 0.0 , 0.0
1290469846616205917  , -0.13131313 , -0.009803922 , 1.1214954    , 11.149157 , -110.75558 , 0.57808226    ,0.0 , 0.0 , 0.0
1290469846633794913  , -0.121212125 , 0.019607844 , 0.93457943    , 11.187618 , -110.713264 , 0.559813    ,0.0 , 0.0 , 0.0
1290469846636058896  , -0.21212122 , 0.029411765 , 1.0093458    , 11.179247 , -110.72718 , 0.5632067    ,0.0 , 0.0 , 0.0
1290469846654271893  , -0.24242425 , 0.04901961 , 0.97196263    , 11.18758 , -110.58359 , 0.60679644    ,0.0 , 0.0 , 0.0
1290469846656793875  , -0.24242425 , 0.04901961 , 0.97196263    , 11.18758 , -110.562546 , 0.6144887    ,0.0 , 0.0 , 0.0
1290469846673661873  , -0.1919192 , -0.009803922 , 0.93457943    , 11.18758 , -110.38466 , 0.67218107    ,0.0 , 0.0 , 0.0
1290469846676081856  , -0.21212122 , 0.078431375 , 1.0841122    , 11.192105 , -110.35321 , 0.6755747    ,0.0 , 0.0 , 0.0
1290469846693737853  , -0.23232323 , 0.05882353 , 1.0093458    , 11.267746 , -109.83013 , 0.71339524    ,0.0 , 0.0 , 0.0
1290469846697403836  , -0.25252524 , 0.029411765 , 0.97196263    , 11.282 , -109.746765 , 0.7325129    ,0.0 , 0.0 , 0.0
1290469846715020832  , -0.28282827 , 0.039215688 , 0.97196263    , 11.334404 , -109.425125 , 0.84789747    ,0.0 , 0.0 , 0.0
1290469846717811814  , -0.27272728 , 0.04901961 , 0.97196263    , 11.351391 , -109.35675 , 0.8700129    ,0.0 , 0.0 , 0.0
1290469846734903812  , -0.27272728 , 0.04901961 , 0.97196263    , 11.451391 , -109.01925 , 1.0373206    ,0.0 , 0.0 , 0.0
1290469846737323794  , -0.3030303 , 0.029411765 , 1.0093458    , 11.468164 , -108.9841 , 1.0540941    ,0.0 , 0.0 , 0.0
1290469846754921792  , -0.3131313 , 0.05882353 , 1.0093458    , 11.617203 , -108.74949 , 1.1742864    ,0.0 , 0.0 , 0.0
1290469846757344774  , -0.32323232 , 0.04901961 , 0.97196263    , 11.632481 , -108.74575 , 1.1831539    ,0.0 , 0.0 , 0.0
1290469846774933772  , -0.3030303 , 0.04901961 , 0.97196263    , 11.765173 , -108.866905 , 1.2437308    ,0.0 , 0.0 , 0.0
1290469846778649754  , -0.27272728 , 0.078431375 , 0.97196263    , 11.7772455 , -108.89446 , 1.2459744    ,0.0 , 0.0 , 0.0
1290469846796244751  , -0.23232323 , 0.04901961 , 0.97196263    , 11.888143 , -109.116905 , 1.2459744    ,0.0 , 0.0 , 0.0
1290469846798789733  , -0.21212122 , 0.039215688 , 0.97196263    , 11.908656 , -109.15462 , 1.2459744    ,0.0 , 0.0 , 0.0
1290469846816173731  , -0.23232323 , 0.039215688 , 0.97196263    , 12.003848 , -109.362305 , 1.2459744    ,0.0 , 0.0 , 0.0
1290469846818615713  , -0.2020202 , 0.078431375 , 0.97196263    , 12.015387 , -109.36444 , 1.2459744    ,0.0 , 0.0 , 0.0
1290469846836247711  , -0.1919192 , 0.05882353 , 0.97196263    , 12.096156 , -109.29329 , 1.2459744    ,0.0 , 0.0 , 0.0
1290469846838596693  , -0.18181819 , 0.019607844 , 0.97196263    , 12.097438 , -109.266685 , 1.2470428    ,0.0 , 0.0 , 0.0
1290469846856191691  , -0.1919192 , 0.05882353 , 0.97196263    , 12.126284 , -108.71669 , 1.2470428    ,0.0 , 0.0 , 0.0
1290469846859891673  , -0.26262626 , 0.0882353 , 0.97196263    , 12.117203 , -108.61819 , 1.2529188    ,0.0 , 0.0 , 0.0
1290469846877440669  , -0.32323232 , 0.11764706 , 0.97196263    , 12.008549 , -108.0052 , 1.3120534    ,0.0 , 0.0 , 0.0
1290469846879858652  , -0.37373737 , 0.029411765 , 1.0093458    , 11.97088 , -107.85102 , 1.3361485    ,0.0 , 0.0 , 0.0
1290469846897429649  , -0.3838384 , 0.009803922 , 0.97196263    , 11.813187 , -107.16897 , 1.5361485    ,0.0 , 0.0 , 0.0
1290469846899840632  , -0.36363637 , 0.009803922 , 0.97196263    , 11.801988 , -107.09419 , 1.5697458    ,0.0 , 0.0 , 0.0
1290469846917664630  , -0.36363637 , 0.019607844 , 0.97196263    , 11.730834 , -106.7615 , 1.7918612    ,0.0 , 0.0 , 0.0
1290469846921232612  , -0.35353535 , 0.039215688 , 0.97196263    , 11.722928 , -106.7506 , 1.8039339    ,0.0 , 0.0 , 0.0
1290469846938865608  , -0.35353535 , 0.039215688 , 0.97196263    , 11.6964855 , -106.78618 , 1.8130684    ,0.0 , 0.0 , 0.0
1290469846941120590  , -0.32323232 , 0.039215688 , 0.97196263    , 11.6964855 , -106.81139 , 1.8090086    ,0.0 , 0.0 , 0.0
1290469846958819588  , -0.3030303 , 0.04901961 , 0.97196263    , 11.716678 , -107.19024 , 1.733047    ,0.0 , 0.0 , 0.0
1290469846961165571  , -0.28282827 , 0.04901961 , 0.97196263    , 11.722221 , -107.25234 , 1.7243366    ,0.0 , 0.0 , 0.0
1290469846978698568  , -0.3030303 , 0.078431375 , 0.97196263    , 11.770298 , -107.6485 , 1.6704905    ,0.0 , 0.0 , 0.0
1290469846982414551  , -0.2929293 , 0.078431375 , 0.97196263    , 11.797334 , -107.71818 , 1.66721    ,0.0 , 0.0 , 0.0
1290469846999962547  , -0.3030303 , 0.078431375 , 0.97196263    , 11.8641615 , -108.03404 , 1.6527869    ,0.0 , 0.0 , 0.0
1290469847002353529  , -0.27272728 , 0.078431375 , 0.97196263    , 11.879545 , -108.10349 , 1.6511843    ,0.0 , 0.0 , 0.0
1290469847019946527  , -0.27272728 , 0.039215688 , 0.97196263    , 12.017046 , -108.7708 , 1.6511843    ,0.0 , 0.0 , 0.0
1290469847022368509  , -0.26262626 , 0.039215688 , 0.97196263    , 12.0285845 , -108.843765 , 1.6511843    ,0.0 , 0.0 , 0.0
1290469847039996507  , -0.24242425 , 0.078431375 , 0.97196263    , 12.178584 , -109.47646 , 1.6607997    ,0.0 , 0.0 , 0.0
1290469847042376489  , -0.24242425 , 0.04901961 , 0.97196263    , 12.199524 , -109.540886 , 1.6607997    ,0.0 , 0.0 , 0.0
1290469847059958487  , -0.24242425 , 0.039215688 , 0.97196263    , 12.3101015 , -110.092804 , 1.6607997    ,0.0 , 0.0 , 0.0
1290469847063562469  , -0.23232323 , 0.04901961 , 0.97196263    , 12.3202505 , -110.15178 , 1.6607997    ,0.0 , 0.0 , 0.0
1290469847081175466  , -0.23232323 , 0.04901961 , 0.97196263    , 12.356148 , -110.50114 , 1.6607997    ,0.0 , 0.0 , 0.0
1290469847083650448  , -0.23232323 , 0.04901961 , 0.97196263    , 12.356148 , -110.55637 , 1.6607997    ,0.0 , 0.0 , 0.0
1290469847101208446  , -0.23232323 , 0.04901961 , 0.97196263    , 12.340764 , -111.01599 , 1.6502228    ,0.0 , 0.0 , 0.0
1290469847103618428  , -0.22222222 , 0.019607844 , 1.0093458    , 12.339588 , -111.0676 , 1.6502228    ,0.0 , 0.0 , 0.0
1290469847121191426  , -0.22222222 , 0.078431375 , 0.97196263    , 12.32805 , -111.56567 , 1.6502228    ,0.0 , 0.0 , 0.0
1290469847123621408  , -0.22222222 , 0.04901961 , 0.97196263    , 12.326554 , -111.6208 , 1.6502228    ,0.0 , 0.0 , 0.0
1290469847141205406  , -0.23232323 , 0.019607844 , 1.0093458    , 12.309246 , -112.126564 , 1.6502228    ,0.0 , 0.0 , 0.0
1290469847144915388  , -0.22222222 , 0.029411765 , 1.0093458    , 12.306149 , -112.18757 , 1.6502228    ,0.0 , 0.0 , 0.0
1290469847162429384  , -0.21212122 , 0.019607844 , 1.0093458    , 12.292206 , -112.49334 , 1.6502228    ,0.0 , 0.0 , 0.0
1290469847164834367  , -0.2020202 , 0.029411765 , 1.0093458    , 12.288247 , -112.57355 , 1.6502228    ,0.0 , 0.0 , 0.0
1290469847182544365  , -0.1919192 , 0.029411765 , 1.0093458    , 12.258439 , -113.28412 , 1.6502228    ,0.0 , 0.0 , 0.0
1290469847184882347  , -0.17171717 , 0.019607844 , 1.0093458    , 12.255768 , -113.36639 , 1.6502228    ,0.0 , 0.0 , 0.0
1290469847202428344  , -0.15151516 , 0.029411765 , 1.0093458    , 12.2339735 , -113.865105 , 1.6502228    ,0.0 , 0.0 , 0.0
1290469847204895327  , -0.15151516 , 0.019607844 , 1.0093458    , 12.230466 , -113.948814 , 1.6489785    ,0.0 , 0.0 , 0.0
1290469847222434324  , -0.11111111 , 0.039215688 , 0.97196263    , 12.208031 , -114.40779 , 1.6489785    ,0.0 , 0.0 , 0.0
1290469847226087307  , -0.1010101 , 0.04901961 , 0.97196263    , 12.204637 , -114.48449 , 1.6489785    ,0.0 , 0.0 , 0.0
1290469847243705303  , -0.121212125 , 0.039215688 , 0.97196263    , 12.204637 , -114.68833 , 1.6489785    ,0.0 , 0.0 , 0.0
1290469847246125286  , -0.13131313 , 0.029411765 , 1.0093458    , 12.204637 , -114.71028 , 1.6489785    ,0.0 , 0.0 , 0.0
1290469847263745283  , -0.14141414 , 0.019607844 , 1.0093458    , 12.204637 , -114.75771 , 1.6489785    ,0.0 , 0.0 , 0.0
1290469847266169266  , -0.14141414 , 0.029411765 , 1.0093458    , 12.206107 , -114.76134 , 1.6489785    ,0.0 , 0.0 , 0.0
1290469847281219263  , -0.15151516 , 0.05882353 , 1.0093458    , 12.215723 , -114.78313 , 1.6489785    ,0.0 , 0.0 , 0.0
1290469847287437248  , -0.18181819 , 0.019607844 , 1.0093458    , 12.217133 , -114.78697 , 1.6489785    ,0.0 , 0.0 , 0.0
1290469847304931242  , -0.18181819 , 0.019607844 , 1.0093458    , 12.217133 , -114.82159 , 1.6489785    ,0.0 , 0.0 , 0.0
1290469847307388224  , -0.17171717 , 0.04901961 , 1.0093458    , 12.218415 , -114.84691 , 1.6489785    ,0.0 , 0.0 , 0.0
1290469847325041222  , -0.15151516 , 0.019607844 , 1.0093458    , 12.218415 , -115.20941 , 1.6489785    ,0.0 , 0.0 , 0.0
1290469847328077204  , -0.121212125 , 0.019607844 , 1.0093458    , 12.218415 , -115.26187 , 1.6489785    ,0.0 , 0.0 , 0.0
1290469847345098201  , -0.11111111 , 0.019607844 , 1.0093458    , 12.218415 , -115.591995 , 1.6489785    ,0.0 , 0.0 , 0.0
1290469847348878184  , -0.11111111 , 0.019607844 , 1.0093458    , 12.218415 , -115.6472 , 1.6489785    ,0.0 , 0.0 , 0.0
1290469847366203180  , -0.13131313 , 0.029411765 , 1.0093458    , 12.218415 , -115.84864 , 1.6489785    ,0.0 , 0.0 , 0.0
1290469847368660163  , -0.14141414 , 0.04901961 , 1.0093458    , 12.218415 , -115.890274 , 1.650449    ,0.0 , 0.0 , 0.0
1290469847386182161  , -0.15151516 , 0.039215688 , 1.0093458    , 12.218415 , -116.31623 , 1.650449    ,0.0 , 0.0 , 0.0
1290469847388619143  , -0.14141414 , 0.04901961 , 1.0093458    , 12.218415 , -116.38001 , 1.650449    ,0.0 , 0.0 , 0.0
1290469847406199141  , -0.13131313 , 0.039215688 , 1.0093458    , 12.218415 , -117.11175 , 1.650449    ,0.0 , 0.0 , 0.0
1290469847409903123  , -0.121212125 , 0.039215688 , 1.0093458    , 12.218415 , -117.211 , 1.649167    ,0.0 , 0.0 , 0.0
1290469847427595119  , -0.1010101 , 0.039215688 , 1.0093458    , 12.211204 , -117.736 , 1.649167    ,0.0 , 0.0 , 0.0
1290469847429826102  , -0.08080808 , 0.04901961 , 1.0093458    , 12.211204 , -117.87141 , 1.649167    ,0.0 , 0.0 , 0.0
1290469847447460100  , -0.060606062 , 0.019607844 , 1.0093458    , 12.211204 , -119.11756 , 1.649167    ,0.0 , 0.0 , 0.0
1290469847449911082  , -0.02020202 , 0.029411765 , 1.0093458    , 12.211204 , -119.26232 , 1.649167    ,0.0 , 0.0 , 0.0
1290469847467555079  , 0.01010101 , 0.04901961 , 0.97196263    , 12.200306 , -120.125786 , 1.649167    ,0.0 , 0.0 , 0.0
1290469847469889062  , 0.04040404 , 0.039215688 , 0.97196263    , 12.200306 , -120.2673 , 1.649167    ,0.0 , 0.0 , 0.0
1290469847487442059  , 0.04040404 , 0.039215688 , 0.97196263    , 12.200306 , -120.947426 , 1.649167    ,0.0 , 0.0 , 0.0
1290469847491177042  , 0.05050505 , 0.04901961 , 0.97196263    , 12.200306 , -121.04121 , 1.649167    ,0.0 , 0.0 , 0.0
1290469847508679038  , 0.04040404 , 0.039215688 , 0.97196263    , 12.200306 , -121.33111 , 1.649167    ,0.0 , 0.0 , 0.0
1290469847511098021  , 0.05050505 , 0.04901961 , 0.97196263    , 12.200306 , -121.37376 , 1.649167    ,0.0 , 0.0 , 0.0
1290469847528733018  , 0.04040404 , 0.04901961 , 0.97196263    , 12.200306 , -121.47889 , 1.649167    ,0.0 , 0.0 , 0.0
1290469847531098001  , 0.04040404 , 0.029411765 , 1.0093458    , 12.200306 , -121.475494 , 1.649167    ,0.0 , 0.0 , 0.0
1290469847548757998  , 0.04040404 , 0.04901961 , 0.97196263    , 12.20928 , -121.351135 , 1.649167    ,0.0 , 0.0 , 0.0
1290469847551091981  , 0.030303031 , 0.039215688 , 0.97196263    , 12.210525 , -121.31222 , 1.649167    ,0.0 , 0.0 , 0.0
1290469847568734978  , 0.01010101 , 0.039215688 , 0.97196263    , 12.210525 , -120.99491 , 1.649167    ,0.0 , 0.0 , 0.0
1290469847572504961  , 0.0 , 0.019607844 , 1.0093458    , 12.211883 , -120.92681 , 1.649167    ,0.0 , 0.0 , 0.0
1290469847589973957  , -0.01010101 , 0.029411765 , 1.0093458    , 12.211883 , -120.57441 , 1.649167    ,0.0 , 0.0 , 0.0
1290469847592529939  , -0.030303031 , 0.029411765 , 1.0093458    , 12.213271 , -120.4821 , 1.649167    ,0.0 , 0.0 , 0.0
1290469847609939937  , -0.060606062 , 0.039215688 , 1.0093458    , 12.225771 , -119.56094 , 1.649167    ,0.0 , 0.0 , 0.0
1290469847612354919  , -0.08080808 , 0.039215688 , 1.0093458    , 12.227374 , -119.45667 , 1.649167    ,0.0 , 0.0 , 0.0
1290469847629946917  , -0.08080808 , 0.039215688 , 1.0093458    , 12.253335 , -118.55763 , 1.649167    ,0.0 , 0.0 , 0.0
1290469847633659899  , -0.1010101 , 0.039215688 , 1.0093458    , 12.254938 , -118.46693 , 1.649167    ,0.0 , 0.0 , 0.0
1290469847651220896  , -0.11111111 , 0.039215688 , 1.0093458    , 12.270323 , -117.9836 , 1.649167    ,0.0 , 0.0 , 0.0
1290469847653698878  , -0.121212125 , 0.029411765 , 1.046729    , 12.271605 , -117.91736 , 1.650449    ,0.0 , 0.0 , 0.0
1290469847671199876  , -0.121212125 , 0.039215688 , 1.0093458    , 12.271605 , -117.47217 , 1.650449    ,0.0 , 0.0 , 0.0
1290469847674933858  , -0.121212125 , 0.039215688 , 1.0093458    , 12.271605 , -117.44492 , 1.650449    ,0.0 , 0.0 , 0.0
1290469847692433854  , -0.121212125 , 0.04901961 , 1.0093458    , 12.271605 , -117.40405 , 1.650449    ,0.0 , 0.0 , 0.0
1290469847694817837  , -0.121212125 , 0.04901961 , 1.0093458    , 12.272849 , -117.41684 , 1.650449    ,0.0 , 0.0 , 0.0
1290469847712446835  , -0.11111111 , 0.04901961 , 1.0093458    , 12.272849 , -117.68992 , 1.650449    ,0.0 , 0.0 , 0.0
1290469847714866817  , -0.1010101 , 0.04901961 , 1.0093458    , 12.273917 , -117.73874 , 1.650449    ,0.0 , 0.0 , 0.0
1290469847732449814  , -0.08080808 , 0.019607844 , 1.0093458    , 12.273917 , -118.13041 , 1.650449    ,0.0 , 0.0 , 0.0
1290469847736141797  , -0.08080808 , 0.039215688 , 1.0093458    , 12.273917 , -118.213326 , 1.650449    ,0.0 , 0.0 , 0.0
1290469847753734793  , -0.09090909 , 0.039215688 , 1.0093458    , 12.273917 , -118.61621 , 1.650449    ,0.0 , 0.0 , 0.0
1290469847756097776  , -0.08080808 , 0.029411765 , 1.046729    , 12.273917 , -118.71983 , 1.650449    ,0.0 , 0.0 , 0.0
1290469847773725773  , -0.05050505 , 0.039215688 , 1.0093458    , 12.273917 , -119.415985 , 1.650449    ,0.0 , 0.0 , 0.0
1290469847777450756  , -0.04040404 , 0.039215688 , 1.0093458    , 12.273917 , -119.55716 , 1.650449    ,0.0 , 0.0 , 0.0
1290469847794997752  , -0.02020202 , 0.019607844 , 1.0093458    , 12.273917 , -120.202835 , 1.6451606    ,0.0 , 0.0 , 0.0
1290469847797401734  , 0.030303031 , 0.029411765 , 1.0093458    , 12.273917 , -120.354225 , 1.6451606    ,0.0 , 0.0 , 0.0
1290469847814986732  , 0.07070707 , 0.039215688 , 0.97196263    , 12.273917 , -121.76865 , 1.6451606    ,0.0 , 0.0 , 0.0
1290469847817404714  , 0.1010101 , 0.019607844 , 0.97196263    , 12.273917 , -121.91395 , 1.6451606    ,0.0 , 0.0 , 0.0
1290469847834965712  , 0.14141414 , 0.039215688 , 0.93457943    , 12.273917 , -122.97933 , 1.6451606    ,0.0 , 0.0 , 0.0
1290469847838654694  , 0.14141414 , 0.039215688 , 0.93457943    , 12.275841 , -123.055504 , 1.6438785    ,0.0 , 0.0 , 0.0
1290469847856225691  , 0.07070707 , 0.039215688 , 0.97196263    , 12.275841 , -123.1991 , 1.631058    ,0.0 , 0.0 , 0.0
1290469847858647673  , 0.0 , 0.039215688 , 1.0093458    , 12.275841 , -123.1742 , 1.629776    ,0.0 , 0.0 , 0.0
1290469847876221671  , -0.07070707 , 0.04901961 , 1.046729    , 12.293148 , -122.74535 , 1.6095836    ,0.0 , 0.0 , 0.0
1290469847878620653  , -0.04040404 , 0.04901961 , 1.046729    , 12.293148 , -122.72206 , 1.6073401    ,0.0 , 0.0 , 0.0
1290469847896238651  , 0.04040404 , 0.078431375 , 1.0093458    , 12.293148 , -123.01822 , 1.5631093    ,0.0 , 0.0 , 0.0
1290469847899869633  , 0.121212125 , 0.029411765 , 0.97196263    , 12.293148 , -123.09215 , 1.5570196    ,0.0 , 0.0 , 0.0
1290469847917606629  , 0.11111111 , 0.04901961 , 0.97196263    , 12.293148 , -123.45513 , 1.5507696    ,0.0 , 0.0 , 0.0
1290469847919926612  , 0.1010101 , 0.029411765 , 1.0093458    , 12.293148 , -123.50287 , 1.5507696    ,0.0 , 0.0 , 0.0
