104400632  , 0.08172209 , 9.80665 , 0.84446156    , 0.0 , 0.0 , -1.0    ,-8.5625 , -47.25 , 17.0
183106  , 0.14982383 , 9.80665 , 0.84446156    , 0.0 , 0.0 , -1.0    ,-8.5625 , -47.25 , 17.0
305176  , 0.14982383 , 9.80665 , 0.84446156    , 0.0 , 0.0 , -1.0    ,-8.5625 , -47.0 , 17.0
213623  , 0.23154591 , 9.847511 , 0.88532263    , 0.0 , 0.0 , -1.0    ,-8.5625 , -47.0 , 17.0
36437987  , 0.23154591 , 9.847511 , 0.88532263    , 0.0 , 0.0 , -1.0    ,-7.5625 , -46.3125 , 16.75
1373291  , 0.14982383 , 9.80665 , 0.84446156    , 0.0 , 0.0 , -1.0    ,-7.5625 , -46.3125 , 16.75
25726318  , 0.14982383 , 9.80665 , 0.84446156    , 0.0 , 0.0 , -1.0    ,-7.3125 , -46.5 , 16.0
213623  , 0.040861044 , 9.80665 , 0.88532263    , 0.0 , 0.0 , -1.0    ,-7.3125 , -46.5 , 16.0
28198241  , 0.040861044 , 9.80665 , 0.88532263    , 0.0 , 0.0 , -1.0    ,-7.5625 , -46.5 , 15.75
183105  , 0.040861044 , 9.847511 , 0.88532263    , 0.0 , 0.0 , -1.0    ,-7.5625 , -46.5 , 15.75
25329590  , 0.040861044 , 9.847511 , 0.88532263    , 0.0 , 0.0 , -1.0    ,-7.3125 , -46.3125 , 15.75
3997803  , 0.10896278 , 9.80665 , 0.8036005    , 0.0 , 0.0 , -1.0    ,-7.3125 , -46.3125 , 15.75
21270752  , 0.10896278 , 9.80665 , 0.8036005    , 0.0 , 0.0 , -1.0    ,-7.8125 , -46.5 , 16.0
213623  , 0.14982383 , 9.956474 , 0.84446156    , 0.0 , 0.0 , -1.0    ,-7.8125 , -46.5 , 16.0
22491456  , 0.14982383 , 9.956474 , 0.84446156    , 0.0 , 0.0 , -1.0    ,-8.0625 , -46.5 , 16.25
183105  , 0.10896278 , 9.888372 , 0.88532263    , 0.0 , 0.0 , -1.0    ,-8.0625 , -46.5 , 16.25
47546389  , 0.10896278 , 9.888372 , 0.88532263    , 0.0 , 0.0 , -1.0    ,-7.5625 , -46.5 , 15.75
213623  , 0.08172209 , 9.80665 , 0.88532263    , 0.0 , 0.0 , -1.0    ,-7.5625 , -46.5 , 15.75
22094726  , 0.08172209 , 9.80665 , 0.88532263    , 0.0 , 0.0 , -1.0    ,-8.0625 , -46.75 , 15.75
213623  , 0.14982383 , 9.888372 , 0.84446156    , 0.0 , 0.0 , -1.0    ,-8.0625 , -46.75 , 15.75
40710449  , 0.14982383 , 9.888372 , 0.84446156    , 0.0 , 0.0 , -1.0    ,-7.5625 , -46.75 , 15.25
183105  , 0.10896278 , 9.847511 , 0.8036005    , 0.0 , 0.0 , -1.0    ,-7.5625 , -46.75 , 15.25
27526856  , 0.10896278 , 9.847511 , 0.8036005    , 0.0 , 0.0 , -1.0    ,-7.5625 , -46.3125 , 15.25
213623  , 0.10896278 , 9.847511 , 0.84446156    , 0.0 , 0.0 , -1.0    ,-7.5625 , -46.3125 , 15.25
21881104  , 0.10896278 , 9.847511 , 0.84446156    , 0.0 , 0.0 , -1.0    ,-8.0625 , -46.5 , 15.75
9307861  , 0.08172209 , 9.80665 , 0.88532263    , 0.0 , 0.0 , -1.0    ,-8.0625 , -46.5 , 15.75
19958496  , 0.08172209 , 9.80665 , 0.88532263    , 0.0 , 0.0 , -1.0    ,-7.8125 , -46.5 , 15.75
29235840  , 0.08172209 , 9.80665 , 0.88532263    , 0.0 , 0.0 , -1.0    ,-8.3125 , -46.5 , 16.25
26245117  , 0.08172209 , 9.80665 , 0.88532263    , 0.0 , 0.0 , -1.0    ,-8.5625 , -47.0 , 16.25
183106  , 0.10896278 , 9.847511 , 0.92618364    , 0.0 , 0.0 , -1.0    ,-8.5625 , -47.0 , 16.25
41625976  , 0.10896278 , 9.847511 , 0.92618364    , 0.0 , 0.0 , -1.0    ,-8.3125 , -47.0 , 16.25
213623  , 0.14982383 , 9.847511 , 0.88532263    , 0.0 , 0.0 , -1.0    ,-8.3125 , -47.0 , 16.25
34820556  , 0.14982383 , 9.847511 , 0.88532263    , 0.0 , 0.0 , -1.0    ,-8.5625 , -47.25 , 16.25
244141  , 0.14982383 , 9.847511 , 0.92618364    , 0.0 , 0.0 , -1.0    ,-8.5625 , -47.25 , 16.25
36285399  , 0.08172209 , 9.847511 , 0.88532263    , 0.0 , 0.0 , -1.0    ,-8.5625 , -47.25 , 16.25
27069092  , 0.08172209 , 9.847511 , 0.88532263    , 0.0 , 0.0 , -1.0    ,-8.5625 , -47.25 , 16.75
37231444  , 0.08172209 , 9.847511 , 0.88532263    , 0.0 , 0.0 , -1.0    ,-8.8125 , -47.0 , 17.0
213623  , 0.19068487 , 9.888372 , 0.84446156    , 0.0 , 0.0 , -1.0    ,-8.8125 , -47.0 , 17.0
39550783  , 0.19068487 , 9.888372 , 0.84446156    , 0.0 , 0.0 , -1.0    ,-8.8125 , -47.25 , 17.0
213623  , -0.0 , 12.4489975 , 0.9942854    , 0.0 , 0.0 , -1.0    ,-8.8125 , -47.25 , 17.0
40405275  , -0.0 , 12.4489975 , 0.9942854    , 0.0 , 0.0 , -1.0    ,-7.8125 , -47.25 , 17.0
183105  , 0.88532263 , 11.876944 , 1.4573772    , 0.0 , 0.0 , -1.0    ,-7.8125 , -47.25 , 17.0
34362793  , 0.88532263 , 11.876944 , 1.4573772    , 0.0 , 0.0 , -1.0    ,-7.0625 , -47.5 , 17.25
213623  , -0.10896278 , 14.056199 , 0.9942854    , 0.0 , 0.0 , -1.0    ,-7.0625 , -47.5 , 17.25
64636232  , -0.10896278 , 14.056199 , 0.9942854    , 0.0 , 0.0 , -1.0    ,-6.5625 , -47.75 , 16.75
16662598  , 0.38136974 , 15.636159 , 0.6946377    , 0.0 , 0.0 , -1.0    ,-6.5625 , -47.75 , 16.75
213623  , 0.38136974 , 15.636159 , 0.6946377    , 0.0 , 0.0 , -1.0    ,-6.0 , -47.25 , 17.0
213623  , 0.42223078 , 17.079916 , 0.88532263    , 0.0 , 0.0 , -1.0    ,-6.0 , -47.25 , 17.0
25909424  , 0.42223078 , 17.079916 , 0.88532263    , 0.0 , 0.0 , -1.0    ,-6.3125 , -47.25 , 16.5
213623  , 0.50395286 , 17.502148 , 0.6537767    , 0.0 , 0.0 , -1.0    ,-6.3125 , -47.25 , 16.5
19958496  , 0.50395286 , 17.502148 , 0.6537767    , 0.0 , 0.0 , -1.0    ,-5.75 , -46.75 , 16.0
183105  , -0.10896278 , 17.543009 , 0.92618364    , 0.0 , 0.0 , -1.0    ,-5.75 , -46.75 , 16.0
24993896  , -0.10896278 , 17.543009 , 0.92618364    , 0.0 , 0.0 , -1.0    ,-5.0 , -46.75 , 16.25
183105  , -0.42223078 , 17.052675 , 1.4982382    , 0.0 , 0.0 , -1.0    ,-5.0 , -46.75 , 16.25
33172607  , -0.42223078 , 17.052675 , 1.4982382    , 0.0 , 0.0 , -1.0    ,-4.0 , -46.75 , 16.25
183105  , -0.50395286 , 17.474907 , 0.61291564    , 0.0 , 0.0 , -1.0    ,-4.0 , -46.75 , 16.25
25451661  , -0.50395286 , 17.474907 , 0.61291564    , 0.0 , 0.0 , -1.0    ,-3.25 , -46.5 , 16.75
213623  , 0.19068487 , 17.24336 , 0.08172209    , 0.0 , 0.0 , -1.0    ,-3.25 , -46.5 , 16.75
31982421  , 0.19068487 , 17.24336 , 0.08172209    , 0.0 , 0.0 , -1.0    ,-3.25 , -46.75 , 16.5
183105  , -0.6946377 , 19.231932 , -1.0351465    , 0.0 , 0.0 , -1.0    ,-3.25 , -46.75 , 16.5
25878906  , -0.6946377 , 19.231932 , -1.0351465    , 0.0 , 0.0 , -1.0    ,-2.75 , -46.0625 , 16.5
183106  , -1.1441092 , 18.959524 , 0.7627395    , 0.0 , 0.0 , -1.0    ,-2.75 , -46.0625 , 16.5
11474609  , -1.1441092 , 18.959524 , 0.7627395    , 0.0 , 0.0 , -1.0    ,-2.25 , -45.5625 , 16.0
183106  , -1.56634 , 18.155924 , 2.5606253    , 0.0 , 0.0 , -1.0    ,-2.25 , -45.5625 , 16.0
29083251  , -1.56634 , 18.155924 , 2.5606253    , 0.0 , 0.0 , -1.0    ,-1.6875 , -45.5625 , 15.0625
183105  , -1.3075534 , 16.970953 , 2.5606253    , 0.0 , 0.0 , -1.0    ,-1.6875 , -45.5625 , 15.0625
30456542  , -1.3075534 , 16.970953 , 2.5606253    , 0.0 , 0.0 , -1.0    ,-0.9375 , -45.0625 , 13.8125
366211  , -1.4982382 , 14.818938 , 1.9477097    , 0.0 , 0.0 , -1.0    ,-0.9375 , -45.0625 , 13.8125
39520262  , -1.4982382 , 14.818938 , 1.9477097    , 0.0 , 0.0 , -1.0    ,-0.9375 , -45.0625 , 12.375
457763  , -1.6889231 , 14.206022 , 2.5333846    , 0.0 , 0.0 , -1.0    ,-0.9375 , -45.0625 , 12.375
56091311  , -1.6889231 , 14.206022 , 2.5333846    , 0.0 , 0.0 , -1.0    ,-1.1875 , -45.0625 , 11.625
427246  , -1.879608 , 11.264028 , 3.255263    , 0.0 , 0.0 , -1.0    ,-1.1875 , -45.0625 , 11.625
30395509  , -1.879608 , 11.264028 , 3.255263    , 0.0 , 0.0 , -1.0    ,-2.75 , -44.3125 , 11.625
213623  , -1.334794 , 8.008764 , 4.2086873    , 0.0 , 0.0 , -1.0    ,-2.75 , -44.3125 , 11.625
30242921  , -1.334794 , 8.008764 , 4.2086873    , 0.0 , 0.0 , -1.0    ,-4.75 , -43.5625 , 12.125
213623  , -1.8387469 , 8.430995 , 3.5276701    , 0.0 , 0.0 , -1.0    ,-4.75 , -43.5625 , 12.125
40130616  , -1.8387469 , 8.430995 , 3.5276701    , 0.0 , 0.0 , -1.0    ,-6.3125 , -42.5625 , 13.3125
396729  , -1.7297841 , 6.5513873 , 4.3312707    , 0.0 , 0.0 , -1.0    ,-6.3125 , -42.5625 , 13.3125
39093018  , -1.7297841 , 6.5513873 , 4.3312707    , 0.0 , 0.0 , -1.0    ,-8.0625 , -41.8125 , 13.5625
457764  , -1.56634 , 4.1814466 , 2.7649305    , 0.0 , 0.0 , -1.0    ,-8.0625 , -41.8125 , 13.5625
38787842  , -1.56634 , 4.1814466 , 2.7649305    , 0.0 , 0.0 , -1.0    ,-8.5625 , -41.3125 , 13.0625
457764  , -1.1849703 , 4.5628166 , 3.6774938    , 0.0 , 0.0 , -1.0    ,-8.5625 , -41.3125 , 13.0625
38940430  , -1.1849703 , 4.5628166 , 3.6774938    , 0.0 , 0.0 , -1.0    ,-8.0625 , -41.8125 , 12.375
427246  , -0.29964766 , 4.7126403 , 2.7921712    , 0.0 , 0.0 , -1.0    ,-8.0625 , -41.8125 , 12.375
39428711  , -0.29964766 , 4.7126403 , 2.7921712    , 0.0 , 0.0 , -1.0    ,-7.5625 , -41.8125 , 11.375
457764  , -0.50395286 , 3.405087 , 1.0760075    , 0.0 , 0.0 , -1.0    ,-7.5625 , -41.8125 , 11.375
37261963  , -0.50395286 , 3.405087 , 1.0760075    , 0.0 , 0.0 , -1.0    ,-7.0625 , -42.0625 , 11.375
457763  , 0.8036005 , 3.2961242 , 0.6537767    , 0.0 , 0.0 , -1.0    ,-7.0625 , -42.0625 , 11.375
60791014  , 0.8036005 , 3.2961242 , 0.6537767    , 0.0 , 0.0 , -1.0    ,-7.5625 , -42.0625 , 12.375
213623  , 1.334794 , 3.990762 , 0.9942854    , 0.0 , 0.0 , -1.0    ,-7.5625 , -42.0625 , 12.375
6958008  , 1.334794 , 3.990762 , 0.9942854    , 0.0 , 0.0 , -1.0    ,-7.8125 , -40.8125 , 14.0625
213623  , 0.84446156 , 4.140586 , 0.46309182    , 0.0 , 0.0 , -1.0    ,-7.8125 , -40.8125 , 14.0625
29754638  , 0.84446156 , 4.140586 , 0.46309182    , 0.0 , 0.0 , -1.0    ,-8.5625 , -40.3125 , 15.75
213623  , 1.7978859 , 1.7297841 , 0.040861044    , 0.0 , 0.0 , -1.0    ,-8.5625 , -40.3125 , 15.75
29541014  , 1.7978859 , 1.7297841 , 0.040861044    , 0.0 , 0.0 , -1.0    ,-9.5625 , -39.3125 , 18.0
244141  , 1.8387469 , 1.7978859 , 0.3405087    , 0.0 , 0.0 , -1.0    ,-9.5625 , -39.3125 , 18.0
31829835  , 1.8387469 , 1.7978859 , 0.3405087    , 0.0 , 0.0 , -1.0    ,-8.8125 , -38.625 , 19.6875
457764  , -0.6946377 , 4.2904096 , 0.14982383    , 0.0 , 0.0 , -1.0    ,-8.8125 , -38.625 , 19.6875
37170412  , -0.6946377 , 4.2904096 , 0.14982383    , 0.0 , 0.0 , -1.0    ,-8.8125 , -38.375 , 21.375
457764  , 0.23154591 , 4.140586 , -0.7218784    , 0.0 , 0.0 , -1.0    ,-8.8125 , -38.375 , 21.375
40649416  , 0.23154591 , 4.140586 , -0.7218784    , 0.0 , 0.0 , -1.0    ,-8.3125 , -37.875 , 22.625
457763  , 1.56634 , 4.399372 , -1.525479    , 0.0 , 0.0 , -1.0    ,-8.3125 , -37.875 , 22.625
37475587  , 1.56634 , 4.399372 , -1.525479    , 0.0 , 0.0 , -1.0    ,-6.8125 , -37.375 , 22.875
457764  , 2.3699405 , 4.9850473 , -3.3642259    , 0.0 , 0.0 , -1.0    ,-6.8125 , -37.375 , 22.875
39093019  , 2.3699405 , 4.9850473 , -3.3642259    , 0.0 , 0.0 , -1.0    ,-6.5625 , -37.375 , 23.8125
427246  , 2.152015 , 6.1291566 , -2.6014864    , 0.0 , 0.0 , -1.0    ,-6.5625 , -37.375 , 23.8125
38818360  , 2.152015 , 6.1291566 , -2.6014864    , 0.0 , 0.0 , -1.0    ,-5.5 , -37.375 , 24.3125
427246  , 1.0760075 , 7.273266 , -2.1111538    , 0.0 , 0.0 , -1.0    ,-5.5 , -37.375 , 24.3125
39215088  , 1.0760075 , 7.273266 , -2.1111538    , 0.0 , 0.0 , -1.0    ,-5.0 , -37.375 , 24.0625
427246  , 0.95342433 , 8.049625 , -2.3018389    , 0.0 , 0.0 , -1.0    ,-5.0 , -37.375 , 24.0625
57708740  , 0.95342433 , 8.049625 , -2.3018389    , 0.0 , 0.0 , -1.0    ,-5.0 , -37.875 , 24.0625
213623  , 1.7297841 , 9.00305 , -1.7978859    , 0.0 , 0.0 , -1.0    ,-5.0 , -37.875 , 24.0625
26397704  , 1.7297841 , 9.00305 , -1.7978859    , 0.0 , 0.0 , -1.0    ,-4.5 , -38.125 , 22.875
213623  , 0.42223078 , 9.275456 , -0.42223078    , 0.0 , 0.0 , -1.0    ,-4.5 , -38.125 , 22.875
23834227  , 0.42223078 , 9.275456 , -0.42223078    , 0.0 , 0.0 , -1.0    ,-4.25 , -38.875 , 21.625
183105  , 0.88532263 , 9.084772 , -0.50395286    , 0.0 , 0.0 , -1.0    ,-4.25 , -38.875 , 21.625
34301757  , 0.88532263 , 9.084772 , -0.50395286    , 0.0 , 0.0 , -1.0    ,-4.25 , -39.5625 , 21.125
213623  , 1.334794 , 9.466142 , -0.61291564    , 0.0 , 0.0 , -1.0    ,-4.25 , -39.5625 , 21.125
42236326  , 1.334794 , 9.466142 , -0.61291564    , 0.0 , 0.0 , -1.0    ,-4.25 , -40.0625 , 20.4375
7049560  , 0.84446156 , 9.507003 , -0.61291564    , 0.0 , 0.0 , -1.0    ,-4.25 , -40.0625 , 20.4375
25329589  , 0.84446156 , 9.507003 , -0.61291564    , 0.0 , 0.0 , -1.0    ,-3.75 , -40.5625 , 20.1875
213623  , 0.88532263 , 9.765789 , -0.14982383    , 0.0 , 0.0 , -1.0    ,-3.75 , -40.5625 , 20.1875
48217774  , 0.88532263 , 9.765789 , -0.14982383    , 0.0 , 0.0 , -1.0    ,-4.0 , -40.3125 , 19.9375
244141  , 1.2666923 , 9.997335 , 0.040861044    , 0.0 , 0.0 , -1.0    ,-4.0 , -40.3125 , 19.9375
22888184  , 1.2666923 , 9.997335 , 0.040861044    , 0.0 , 0.0 , -1.0    ,-3.75 , -40.5625 , 19.4375
244141  , 1.1849703 , 9.80665 , 0.10896278    , 0.0 , 0.0 , -1.0    ,-3.75 , -40.5625 , 19.4375
40496827  , 1.1849703 , 9.80665 , 0.10896278    , 0.0 , 0.0 , -1.0    ,-3.0 , -40.3125 , 18.9375
183105  , 0.84446156 , 9.888372 , 0.6537767    , 0.0 , 0.0 , -1.0    ,-3.0 , -40.3125 , 18.9375
14282227  , 0.84446156 , 9.888372 , 0.6537767    , 0.0 , 0.0 , -1.0    ,-3.25 , -40.0625 , 18.4375
183106  , 0.53119355 , 9.80665 , 0.84446156    , 0.0 , 0.0 , -1.0    ,-3.25 , -40.0625 , 18.4375
28656007  , 0.53119355 , 9.80665 , 0.84446156    , 0.0 , 0.0 , -1.0    ,-3.0 , -40.5625 , 18.0
366211  , 0.53119355 , 9.112013 , 0.92618364    , 0.0 , 0.0 , -1.0    ,-3.0 , -40.5625 , 18.0
92193604  , 0.53119355 , 9.112013 , 0.92618364    , 0.0 , 0.0 , -1.0    ,-2.5 , -40.8125 , 17.75
274658  , 0.50395286 , 9.193735 , 2.4516625    , 0.0 , 0.0 , -1.0    ,-2.5 , -40.8125 , 17.75
40496826  , 0.50395286 , 9.193735 , 2.4516625    , 0.0 , 0.0 , -1.0    ,-2.75 , -41.3125 , 17.75
366211  , 0.38136974 , 9.765789 , 3.7864566    , 0.0 , 0.0 , -1.0    ,-2.75 , -41.3125 , 17.75
38604736  , 0.38136974 , 9.765789 , 3.7864566    , 0.0 , 0.0 , -1.0    ,-2.75 , -42.3125 , 17.5
427246  , 0.46309182 , 10.732834 , 4.399372    , 0.0 , 0.0 , -1.0    ,-2.75 , -42.3125 , 17.5
38848876  , 0.46309182 , 10.732834 , 4.399372    , 0.0 , 0.0 , -1.0    ,-3.0 , -42.3125 , 17.0
457763  , 0.19068487 , 10.841797 , 4.944186    , 0.0 , 0.0 , -1.0    ,-3.0 , -42.3125 , 17.0
39001464  , 0.19068487 , 10.841797 , 4.944186    , 0.0 , 0.0 , -1.0    ,-3.75 , -42.0625 , 17.0
457764  , 0.27240697 , 10.228881 , 4.399372    , 0.0 , 0.0 , -1.0    ,-3.75 , -42.0625 , 17.0
38970946  , 0.27240697 , 10.228881 , 4.399372    , 0.0 , 0.0 , -1.0    ,-4.5 , -42.3125 , 16.75
427246  , 0.50395286 , 9.466142 , 2.9556155    , 0.0 , 0.0 , -1.0    ,-4.5 , -42.3125 , 16.75
39398192  , 0.50395286 , 9.466142 , 2.9556155    , 0.0 , 0.0 , -1.0    ,-5.0 , -42.0625 , 16.25
427247  , 1.334794 , 9.575105 , 2.5606253    , 0.0 , 0.0 , -1.0    ,-5.0 , -42.0625 , 16.25
38665772  , 1.334794 , 9.575105 , 2.5606253    , 0.0 , 0.0 , -1.0    ,-5.5 , -42.3125 , 15.5
427247  , 1.7978859 , 10.228881 , 2.6423476    , 0.0 , 0.0 , -1.0    ,-5.5 , -42.3125 , 15.5
39550783  , 1.7978859 , 10.228881 , 2.6423476    , 0.0 , 0.0 , -1.0    ,-5.75 , -42.5625 , 14.8125
457763  , 2.4108016 , 9.997335 , 2.7921712    , 0.0 , 0.0 , -1.0    ,-5.75 , -42.5625 , 14.8125
38543702  , 2.4108016 , 9.997335 , 2.7921712    , 0.0 , 0.0 , -1.0    ,-6.0 , -42.8125 , 13.8125
427246  , 3.486809 , 10.038197 , 2.2201166    , 0.0 , 0.0 , -1.0    ,-6.0 , -42.8125 , 13.8125
39215089  , 3.486809 , 10.038197 , 2.2201166    , 0.0 , 0.0 , -1.0    ,-6.8125 , -43.0625 , 13.3125
427246  , 4.630918 , 10.337844 , 2.8738933    , 0.0 , 0.0 , -1.0    ,-6.8125 , -43.0625 , 13.3125
38940431  , 4.630918 , 10.337844 , 2.8738933    , 0.0 , 0.0 , -1.0    ,-7.3125 , -43.3125 , 13.8125
457763  , 3.8273177 , 10.651112 , 2.982856    , 0.0 , 0.0 , -1.0    ,-7.3125 , -43.3125 , 13.8125
38940430  , 3.8273177 , 10.651112 , 2.982856    , 0.0 , 0.0 , -1.0    ,-7.3125 , -43.8125 , 14.3125
457763  , 3.7864566 , 9.193735 , 1.0351465    , 0.0 , 0.0 , -1.0    ,-7.3125 , -43.8125 , 14.3125
39337158  , 3.7864566 , 9.193735 , 1.0351465    , 0.0 , 0.0 , -1.0    ,-6.5625 , -44.0625 , 15.5
457764  , 3.173541 , 8.539958 , -1.0351465    , 0.0 , 0.0 , -1.0    ,-6.5625 , -44.0625 , 15.5
38757324  , 3.173541 , 8.539958 , -1.0351465    , 0.0 , 0.0 , -1.0    ,-4.75 , -43.5625 , 16.75
427246  , 1.1441092 , 9.234595 , -2.9556155    , 0.0 , 0.0 , -1.0    ,-4.75 , -43.5625 , 16.75
39001464  , 1.1441092 , 9.234595 , -2.9556155    , 0.0 , 0.0 , -1.0    ,-3.5 , -43.0625 , 18.4375
457763  , 0.6946377 , 8.580819 , -4.099725    , 0.0 , 0.0 , -1.0    ,-3.5 , -43.0625 , 18.4375
39031982  , 0.6946377 , 8.580819 , -4.099725    , 0.0 , 0.0 , -1.0    ,-1.6875 , -42.3125 , 19.6875
427246  , 0.6537767 , 9.384419 , -5.284695    , 0.0 , 0.0 , -1.0    ,-1.6875 , -42.3125 , 19.6875
38879394  , 0.6537767 , 9.384419 , -5.284695    , 0.0 , 0.0 , -1.0    ,-0.4375 , -40.5625 , 21.625
427246  , -0.46309182 , 9.534244 , -4.2495484    , 0.0 , 0.0 , -1.0    ,-0.4375 , -40.5625 , 21.625
39245604  , -0.46309182 , 9.534244 , -4.2495484    , 0.0 , 0.0 , -1.0    ,0.3125 , -39.8125 , 23.375
427246  , 0.53119355 , 8.962189 , -4.671779    , 0.0 , 0.0 , -1.0    ,0.3125 , -39.8125 , 23.375
38726805  , 0.53119355 , 8.962189 , -4.671779    , 0.0 , 0.0 , -1.0    ,1.0625 , -39.3125 , 24.3125
427246  , 1.9885708 , 9.275456 , -4.3312707    , 0.0 , 0.0 , -1.0    ,1.0625 , -39.3125 , 24.3125
39184573  , 1.9885708 , 9.275456 , -4.3312707    , 0.0 , 0.0 , -1.0    ,0.8125 , -38.875 , 24.8125
457763  , 1.334794 , 9.80665 , -2.4108016    , 0.0 , 0.0 , -1.0    ,0.8125 , -38.875 , 24.8125
38696290  , 1.334794 , 9.80665 , -2.4108016    , 0.0 , 0.0 , -1.0    ,1.0625 , -38.875 , 24.5625
427246  , 2.4925237 , 9.534244 , -2.3426998    , 0.0 , 0.0 , -1.0    ,1.0625 , -38.875 , 24.5625
335693  , 2.4925237 , 9.534244 , -2.3426998    , 0.0 , 0.0 , -1.0    ,1.3125 , -38.625 , 24.8125
244141  , 4.2086873 , 9.275456 , -2.4925237    , 0.0 , 0.0 , -1.0    ,1.3125 , -38.625 , 24.8125
21881104  , 4.2086873 , 9.275456 , -2.4925237    , 0.0 , 0.0 , -1.0    ,1.8125 , -38.375 , 24.5625
183105  , 4.862464 , 10.228881 , -3.3642259    , 0.0 , 0.0 , -1.0    ,1.8125 , -38.375 , 24.5625
29052734  , 4.862464 , 10.228881 , -3.3642259    , 0.0 , 0.0 , -1.0    ,2.875 , -38.375 , 25.0625
183106  , 4.0588636 , 10.18802 , -4.099725    , 0.0 , 0.0 , -1.0    ,2.875 , -38.375 , 25.0625
29632569  , 4.0588636 , 10.18802 , -4.099725    , 0.0 , 0.0 , -1.0    ,3.375 , -38.125 , 26.0625
213623  , 3.5276701 , 9.302697 , -4.8216033    , 0.0 , 0.0 , -1.0    ,3.375 , -38.125 , 26.0625
29418945  , 3.5276701 , 9.302697 , -4.8216033    , 0.0 , 0.0 , -1.0    ,4.375 , -37.625 , 26.75
183105  , 4.399372 , 8.281172 , -5.09401    , 0.0 , 0.0 , -1.0    ,4.375 , -37.625 , 26.75
29846191  , 4.399372 , 8.281172 , -5.09401    , 0.0 , 0.0 , -1.0    ,5.625 , -36.875 , 27.5
213624  , 4.440233 , 8.19945 , -5.9793324    , 0.0 , 0.0 , -1.0    ,5.625 , -36.875 , 27.5
29907227  , 4.440233 , 8.19945 , -5.9793324    , 0.0 , 0.0 , -1.0    ,6.4375 , -36.375 , 27.75
305175  , 1.56634 , 8.730643 , -5.597963    , 0.0 , 0.0 , -1.0    ,6.4375 , -36.375 , 27.75
28625488  , 1.56634 , 8.730643 , -5.597963    , 0.0 , 0.0 , -1.0    ,7.4375 , -36.375 , 27.25
335693  , 0.313268 , 7.6954966 , -5.8158884    , 0.0 , 0.0 , -1.0    ,7.4375 , -36.375 , 27.25
30151366  , 0.313268 , 7.6954966 , -5.8158884    , 0.0 , 0.0 , -1.0    ,8.4375 , -36.375 , 27.25
335693  , 0.9942854 , 6.3607025 , -6.6331096    , 0.0 , 0.0 , -1.0    ,8.4375 , -36.375 , 27.25
28350830  , 0.9942854 , 6.3607025 , -6.6331096    , 0.0 , 0.0 , -1.0    ,9.6875 , -35.625 , 27.25
305175  , 0.42223078 , 5.7886477 , -6.469665    , 0.0 , 0.0 , -1.0    ,9.6875 , -35.625 , 27.25
29632567  , 0.42223078 , 5.7886477 , -6.469665    , 0.0 , 0.0 , -1.0    ,11.25 , -34.875 , 27.75
305175  , -0.53119355 , 6.469665 , -5.8976107    , 0.0 , 0.0 , -1.0    ,11.25 , -34.875 , 27.75
28961181  , -0.53119355 , 6.469665 , -5.8976107    , 0.0 , 0.0 , -1.0    ,12.5 , -34.375 , 27.75
305176  , -1.6480621 , 6.6331096 , -5.47538    , 0.0 , 0.0 , -1.0    ,12.5 , -34.375 , 27.75
39672852  , -1.6480621 , 6.6331096 , -5.47538    , 0.0 , 0.0 , -1.0    ,13.25 , -34.125 , 27.5
335693  , -1.8387469 , 5.8976107 , -4.903325    , 0.0 , 0.0 , -1.0    ,13.25 , -34.125 , 27.5
39367677  , -1.8387469 , 5.8976107 , -4.903325    , 0.0 , 0.0 , -1.0    ,14.0 , -34.875 , 27.0
427246  , -2.4925237 , 8.539958 , -4.399372    , 0.0 , 0.0 , -1.0    ,14.0 , -34.875 , 27.0
39794923  , -2.4925237 , 8.539958 , -4.399372    , 0.0 , 0.0 , -1.0    ,15.0625 , -35.375 , 25.0625
427246  , -6.973618 , 10.18802 , -2.6423476    , 0.0 , 0.0 , -1.0    ,15.0625 , -35.375 , 25.0625
38238526  , -6.973618 , 10.18802 , -2.6423476    , 0.0 , 0.0 , -1.0    ,16.5625 , -35.625 , 23.8125
427246  , -6.4015636 , 6.5513873 , -0.95342433    , 0.0 , 0.0 , -1.0    ,16.5625 , -35.625 , 23.8125
39215088  , -6.4015636 , 6.5513873 , -0.95342433    , 0.0 , 0.0 , -1.0    ,18.875 , -35.375 , 21.875
427246  , -6.3198414 , 7.164303 , -1.0351465    , 0.0 , 0.0 , -1.0    ,18.875 , -35.375 , 21.875
38757324  , -6.3198414 , 7.164303 , -1.0351465    , 0.0 , 0.0 , -1.0    ,20.375 , -34.875 , 20.6875
427247  , -8.471856 , 7.6954966 , -0.23154591    , 0.0 , 0.0 , -1.0    ,20.375 , -34.875 , 20.6875
39276123  , -8.471856 , 7.6954966 , -0.23154591    , 0.0 , 0.0 , -1.0    ,21.625 , -34.375 , 20.4375
427246  , -8.390134 , 9.656827 , -0.040861044    , 0.0 , 0.0 , -1.0    ,21.625 , -34.375 , 20.4375
39031983  , -8.390134 , 9.656827 , -0.040861044    , 0.0 , 0.0 , -1.0    ,22.625 , -33.625 , 19.6875
427246  , -6.510526 , 10.147159 , -0.42223078    , 0.0 , 0.0 , -1.0    ,22.625 , -33.625 , 19.6875
38879394  , -6.510526 , 10.147159 , -0.42223078    , 0.0 , 0.0 , -1.0    ,22.625 , -33.625 , 19.1875
457764  , -5.597963 , 8.539958 , 0.040861044    , 0.0 , 0.0 , -1.0    ,22.625 , -33.625 , 19.1875
39245605  , -5.597963 , 8.539958 , 0.040861044    , 0.0 , 0.0 , -1.0    ,23.1875 , -33.875 , 18.4375
64910887  , -6.5922484 , 9.575105 , 1.0760075    , 0.0 , 0.0 , -1.0    ,23.1875 , -33.875 , 18.4375
213624  , -6.5922484 , 9.575105 , 1.0760075    , 0.0 , 0.0 , -1.0    ,23.1875 , -34.375 , 17.75
1373291  , -5.8567495 , 8.240311 , 2.6832085    , 0.0 , 0.0 , -1.0    ,23.1875 , -34.375 , 17.75
2868652  , -5.8567495 , 8.240311 , 2.6832085    , 0.0 , 0.0 , -1.0    ,22.375 , -35.125 , 16.75
213624  , -6.3607025 , 9.193735 , 4.2086873    , 0.0 , 0.0 , -1.0    ,22.375 , -35.125 , 16.75
28625487  , -6.3607025 , 9.193735 , 4.2086873    , 0.0 , 0.0 , -1.0    ,21.875 , -35.625 , 16.0
244140  , -6.2108784 , 8.771504 , 5.175732    , 0.0 , 0.0 , -1.0    ,21.875 , -35.625 , 16.0
47729492  , -6.2108784 , 8.771504 , 5.175732    , 0.0 , 0.0 , -1.0    ,21.125 , -36.125 , 15.5
305176  , -5.597963 , 7.273266 , 4.9850473    , 0.0 , 0.0 , -1.0    ,21.125 , -36.125 , 15.5
31921387  , -5.597963 , 7.273266 , 4.9850473    , 0.0 , 0.0 , -1.0    ,20.125 , -36.375 , 14.8125
427246  , -4.4810944 , 6.701211 , 6.742072    , 0.0 , 0.0 , -1.0    ,20.125 , -36.375 , 14.8125
38879396  , -4.4810944 , 6.701211 , 6.742072    , 0.0 , 0.0 , -1.0    ,18.875 , -37.375 , 14.5625
457764  , -3.718355 , 7.8861814 , 8.689782    , 0.0 , 0.0 , -1.0    ,18.875 , -37.375 , 14.5625
39184571  , -3.718355 , 7.8861814 , 8.689782    , 0.0 , 0.0 , -1.0    ,17.0625 , -38.125 , 13.8125
457764  , -3.336985 , 7.8180795 , 10.18802    , 0.0 , 0.0 , -1.0    ,17.0625 , -38.125 , 13.8125
38848878  , -3.336985 , 7.8180795 , 10.18802    , 0.0 , 0.0 , -1.0    ,14.8125 , -38.875 , 12.5625
427246  , -1.8387469 , 7.8589406 , 11.372991    , 0.0 , 0.0 , -1.0    ,14.8125 , -38.875 , 12.5625
39154053  , -1.8387469 , 7.8589406 , 11.372991    , 0.0 , 0.0 , -1.0    ,12.25 , -39.8125 , 11.375
427246  , -1.7570249 , 9.956474 , 12.912089    , 0.0 , 0.0 , -1.0    ,12.25 , -39.8125 , 11.375
38879394  , -1.7570249 , 9.956474 , 12.912089    , 0.0 , 0.0 , -1.0    ,9.9375 , -40.3125 , 9.875
427246  , -1.0760075 , 8.430995 , 13.102775    , 0.0 , 0.0 , -1.0    ,9.9375 , -40.3125 , 9.875
39184570  , -1.0760075 , 8.430995 , 13.102775    , 0.0 , 0.0 , -1.0    ,7.4375 , -41.0625 , 8.6875
457764  , -0.0 , 8.662541 , 11.795221    , 0.0 , 0.0 , -1.0    ,7.4375 , -41.0625 , 8.6875
38787842  , -0.0 , 8.662541 , 11.795221    , 0.0 , 0.0 , -1.0    ,4.875 , -41.8125 , 7.4375
427247  , 0.040861044 , 9.343558 , 12.340035    , 0.0 , 0.0 , -1.0    ,4.875 , -41.8125 , 7.4375
39215087  , 0.040861044 , 9.343558 , 12.340035    , 0.0 , 0.0 , -1.0    ,2.625 , -42.3125 , 6.25
427246  , -0.27240697 , 9.507003 , 12.830367    , 0.0 , 0.0 , -1.0    ,2.625 , -42.3125 , 6.25
38879394  , -0.27240697 , 9.507003 , 12.830367    , 0.0 , 0.0 , -1.0    ,0.0625 , -43.3125 , 4.75
457764  , 1.2666923 , 9.656827 , 11.917805    , 0.0 , 0.0 , -1.0    ,0.0625 , -43.3125 , 4.75
39184569  , 1.2666923 , 9.656827 , 11.917805    , 0.0 , 0.0 , -1.0    ,-3.0 , -43.8125 , 3.3125
427246  , 0.50395286 , 9.425281 , 12.258313    , 0.0 , 0.0 , -1.0    ,-3.0 , -43.8125 , 3.3125
38848875  , 0.50395286 , 9.425281 , 12.258313    , 0.0 , 0.0 , -1.0    ,-6.3125 , -44.3125 , 1.5625
427246  , 1.3756552 , 9.847511 , 12.789507    , 0.0 , 0.0 , -1.0    ,-6.3125 , -44.3125 , 1.5625
39337160  , 1.3756552 , 9.847511 , 12.789507    , 0.0 , 0.0 , -1.0    ,-9.8125 , -44.3125 , 0.375
457764  , 2.4925237 , 8.240311 , 10.923519    , 0.0 , 0.0 , -1.0    ,-9.8125 , -44.3125 , 0.375
38696290  , 2.4925237 , 8.240311 , 10.923519    , 0.0 , 0.0 , -1.0    ,-12.875 , -43.8125 , -0.625
427246  , 4.2495484 , 7.8180795 , 9.507003    , 0.0 , 0.0 , -1.0    ,-12.875 , -43.8125 , -0.625
39520265  , 4.2495484 , 7.8180795 , 9.507003    , 0.0 , 0.0 , -1.0    ,-15.6875 , -43.3125 , -2.3125
457764  , 5.706926 , 7.668256 , 7.5456724    , 0.0 , 0.0 , -1.0    ,-15.6875 , -43.3125 , -2.3125
38543702  , 5.706926 , 7.668256 , 7.5456724    , 0.0 , 0.0 , -1.0    ,-18.6875 , -42.3125 , -4.0625
427246  , 7.8861814 , 8.19945 , 6.510526    , 0.0 , 0.0 , -1.0    ,-18.6875 , -42.3125 , -4.0625
39031983  , 7.8861814 , 8.19945 , 6.510526    , 0.0 , 0.0 , -1.0    ,-21.25 , -41.0625 , -5.75
457763  , 7.8861814 , 7.504812 , 6.3607025    , 0.0 , 0.0 , -1.0    ,-21.25 , -41.0625 , -5.75
38940430  , 7.8861814 , 7.504812 , 6.3607025    , 0.0 , 0.0 , -1.0    ,-23.8125 , -39.5625 , -7.6875
274658  , 6.5513873 , 5.7886477 , 6.469665    , 0.0 , 0.0 , -1.0    ,-23.8125 , -39.5625 , -7.6875
6256104  , 6.5513873 , 5.7886477 , 6.469665    , 0.0 , 0.0 , -1.0    ,-26.3125 , -37.875 , -8.6875
213623  , 9.043911 , 5.6660647 , 3.636633    , 0.0 , 0.0 , -1.0    ,-26.3125 , -37.875 , -8.6875
183106  , 9.043911 , 5.6660647 , 3.636633    , 0.0 , 0.0 , -1.0    ,-28.375 , -36.125 , -8.6875
213623  , 9.302697 , 4.4810944 , 2.5606253    , 0.0 , 0.0 , -1.0    ,-28.375 , -36.125 , -8.6875
17700195  , 9.302697 , 4.4810944 , 2.5606253    , 0.0 , 0.0 , -1.0    ,-30.375 , -34.875 , -8.4375
213623  , 9.112013 , 4.903325 , 2.8738933    , 0.0 , 0.0 , -1.0    ,-30.375 , -34.875 , -8.4375
30029297  , 9.112013 , 4.903325 , 2.8738933    , 0.0 , 0.0 , -1.0    ,-32.4375 , -33.625 , -7.1875
183106  , 8.894087 , 4.140586 , 2.6423476    , 0.0 , 0.0 , -1.0    ,-32.4375 , -33.625 , -7.1875
29327392  , 8.894087 , 4.140586 , 2.6423476    , 0.0 , 0.0 , -1.0    ,-33.9375 , -32.375 , -5.5
244141  , 8.539958 , 4.1814466 , 2.6423476    , 0.0 , 0.0 , -1.0    ,-33.9375 , -32.375 , -5.5
30609130  , 8.539958 , 4.1814466 , 2.6423476    , 0.0 , 0.0 , -1.0    ,-35.1875 , -30.6875 , -3.5625
366211  , 7.668256 , 5.5571017 , 2.7921712    , 0.0 , 0.0 , -1.0    ,-35.1875 , -30.6875 , -3.5625
38726805  , 7.668256 , 5.5571017 , 2.7921712    , 0.0 , 0.0 , -1.0    ,-36.75 , -29.4375 , -1.125
427246  , 9.534244 , 5.5162406 , 0.23154591    , 0.0 , 0.0 , -1.0    ,-36.75 , -29.4375 , -1.125
40039060  , 9.534244 , 5.5162406 , 0.23154591    , 0.0 , 0.0 , -1.0    ,-38.0 , -27.6875 , 2.0625
213623  , 9.152874 , 4.3312707 , -1.607201    , 0.0 , 0.0 , -1.0    ,-38.0 , -27.6875 , 2.0625
38879396  , 9.152874 , 4.3312707 , -1.607201    , 0.0 , 0.0 , -1.0    ,-38.25 , -26.1875 , 5.5
366211  , 9.00305 , 4.399372 , -2.8738933    , 0.0 , 0.0 , -1.0    ,-38.25 , -26.1875 , 5.5
39001466  , 9.00305 , 4.399372 , -2.8738933    , 0.0 , 0.0 , -1.0    ,-38.0 , -25.6875 , 8.9375
457764  , 8.240311 , 4.8216033 , -2.5606253    , 0.0 , 0.0 , -1.0    ,-38.0 , -25.6875 , 8.9375
38848879  , 8.240311 , 4.8216033 , -2.5606253    , 0.0 , 0.0 , -1.0    ,-36.75 , -24.9375 , 13.0625
427246  , 6.510526 , 6.701211 , -1.7978859    , 0.0 , 0.0 , -1.0    ,-36.75 , -24.9375 , 13.0625
39184571  , 6.510526 , 6.701211 , -1.7978859    , 0.0 , 0.0 , -1.0    ,-34.9375 , -24.25 , 16.0
427246  , 6.2108784 , 7.7772183 , -2.8330324    , 0.0 , 0.0 , -1.0    ,-34.9375 , -24.25 , 16.0
38909912  , 6.2108784 , 7.7772183 , -2.8330324    , 0.0 , 0.0 , -1.0    ,-33.1875 , -24.9375 , 18.6875
457763  , 6.4015636 , 7.9270425 , -3.0645783    , 0.0 , 0.0 , -1.0    ,-33.1875 , -24.9375 , 18.6875
39062500  , 6.4015636 , 7.9270425 , -3.0645783    , 0.0 , 0.0 , -1.0    ,-30.875 , -25.4375 , 21.625
457764  , 5.243834 , 8.853226 , -2.6832085    , 0.0 , 0.0 , -1.0    ,-30.875 , -25.4375 , 21.625
38940430  , 5.243834 , 8.853226 , -2.6832085    , 0.0 , 0.0 , -1.0    ,-28.625 , -26.4375 , 23.375
427246  , 4.7943625 , 8.240311 , -3.173541    , 0.0 , 0.0 , -1.0    ,-28.625 , -26.4375 , 23.375
39245605  , 4.7943625 , 8.240311 , -3.173541    , 0.0 , 0.0 , -1.0    ,-26.0625 , -28.1875 , 25.3125
427246  , 4.4810944 , 8.730643 , -3.2961242    , 0.0 , 0.0 , -1.0    ,-26.0625 , -28.1875 , 25.3125
38818359  , 4.4810944 , 8.730643 , -3.2961242    , 0.0 , 0.0 , -1.0    ,-23.0625 , -28.9375 , 26.5
427246  , 3.636633 , 8.349273 , -2.7513103    , 0.0 , 0.0 , -1.0    ,-23.0625 , -28.9375 , 26.5
38909911  , 3.636633 , 8.349273 , -2.7513103    , 0.0 , 0.0 , -1.0    ,-20.5 , -30.4375 , 27.0
457764  , 3.568531 , 8.349273 , -1.56634    , 0.0 , 0.0 , -1.0    ,-20.5 , -30.4375 , 27.0
39001464  , 3.568531 , 8.349273 , -1.56634    , 0.0 , 0.0 , -1.0    ,-17.9375 , -31.6875 , 27.0
457764  , 2.5333846 , 9.275456 , -0.50395286    , 0.0 , 0.0 , -1.0    ,-17.9375 , -31.6875 , 27.0
39215086  , 2.5333846 , 9.275456 , -0.50395286    , 0.0 , 0.0 , -1.0    ,-16.4375 , -32.875 , 26.75
457763  , 2.7240696 , 10.079058 , -0.6537767    , 0.0 , 0.0 , -1.0    ,-16.4375 , -32.875 , 26.75
38757325  , 2.7240696 , 10.079058 , -0.6537767    , 0.0 , 0.0 , -1.0    ,-15.4375 , -33.875 , 26.75
427246  , 2.7240696 , 9.888372 , -0.61291564    , 0.0 , 0.0 , -1.0    ,-15.4375 , -33.875 , 26.75
71960451  , 2.7240696 , 9.888372 , -0.61291564    , 0.0 , 0.0 , -1.0    ,-14.6875 , -34.375 , 26.5
213623  , 2.070293 , 9.956474 , -0.6537767    , 0.0 , 0.0 , -1.0    ,-14.6875 , -34.375 , 26.5
213623  , 2.070293 , 9.956474 , -0.6537767    , 0.0 , 0.0 , -1.0    ,-13.625 , -34.875 , 26.5
213623  , 2.6423476 , 9.765789 , -0.7627395    , 0.0 , 0.0 , -1.0    ,-13.625 , -34.875 , 26.5
25299073  , 2.6423476 , 9.765789 , -0.7627395    , 0.0 , 0.0 , -1.0    ,-12.625 , -35.375 , 25.8125
183106  , 2.982856 , 9.193735 , -0.8036005    , 0.0 , 0.0 , -1.0    ,-12.625 , -35.375 , 25.8125
29602051  , 2.982856 , 9.193735 , -0.8036005    , 0.0 , 0.0 , -1.0    ,-11.875 , -35.875 , 25.5625
213623  , 3.0645783 , 8.962189 , -0.50395286    , 0.0 , 0.0 , -1.0    ,-11.875 , -35.875 , 25.5625
30487061  , 3.0645783 , 8.962189 , -0.50395286    , 0.0 , 0.0 , -1.0    ,-10.875 , -35.875 , 25.5625
366211  , 3.2961242 , 8.730643 , -0.6946377    , 0.0 , 0.0 , -1.0    ,-10.875 , -35.875 , 25.5625
39093018  , 3.2961242 , 8.730643 , -0.6946377    , 0.0 , 0.0 , -1.0    ,-11.375 , -35.875 , 25.8125
457763  , 3.445948 , 8.471856 , -0.9942854    , 0.0 , 0.0 , -1.0    ,-11.375 , -35.875 , 25.8125
38940430  , 3.445948 , 8.471856 , -0.9942854    , 0.0 , 0.0 , -1.0    ,-11.125 , -35.625 , 26.5
427246  , 3.336985 , 8.430995 , -1.0760075    , 0.0 , 0.0 , -1.0    ,-11.125 , -35.625 , 26.5
39062500  , 3.336985 , 8.430995 , -1.0760075    , 0.0 , 0.0 , -1.0    ,-11.375 , -35.625 , 26.75
427246  , 3.9090397 , 8.240311 , -1.8387469    , 0.0 , 0.0 , -1.0    ,-11.375 , -35.625 , 26.75
38726806  , 3.9090397 , 8.240311 , -1.8387469    , 0.0 , 0.0 , -1.0    ,-11.125 , -35.625 , 26.75
427246  , 3.9090397 , 8.580819 , -2.1111538    , 0.0 , 0.0 , -1.0    ,-11.125 , -35.625 , 26.75
39398192  , 3.9090397 , 8.580819 , -2.1111538    , 0.0 , 0.0 , -1.0    ,-10.3125 , -35.875 , 27.0
427246  , 3.9499009 , 8.894087 , -2.4516625    , 0.0 , 0.0 , -1.0    ,-10.3125 , -35.875 , 27.0
39306639  , 3.9499009 , 8.894087 , -2.4516625    , 0.0 , 0.0 , -1.0    ,-9.8125 , -35.625 , 26.75
457764  , 3.9090397 , 8.771504 , -3.1463003    , 0.0 , 0.0 , -1.0    ,-9.8125 , -35.625 , 26.75
38726805  , 3.9090397 , 8.771504 , -3.1463003    , 0.0 , 0.0 , -1.0    ,-8.8125 , -35.375 , 27.25
457763  , 3.759216 , 9.00305 , -3.445948    , 0.0 , 0.0 , -1.0    ,-8.8125 , -35.375 , 27.25
39093016  , 3.759216 , 9.00305 , -3.445948    , 0.0 , 0.0 , -1.0    ,-8.5625 , -35.375 , 28.0
427246  , 3.718355 , 8.853226 , -4.0180025    , 0.0 , 0.0 , -1.0    ,-8.5625 , -35.375 , 28.0
38909914  , 3.718355 , 8.853226 , -4.0180025    , 0.0 , 0.0 , -1.0    ,-7.5625 , -35.125 , 28.0
427246  , 3.9499009 , 9.615966 , -4.0588636    , 0.0 , 0.0 , -1.0    ,-7.5625 , -35.125 , 28.0
38848878  , 3.9499009 , 9.615966 , -4.0588636    , 0.0 , 0.0 , -1.0    ,-6.8125 , -35.125 , 28.5
427246  , 4.399372 , 9.425281 , -4.4810944    , 0.0 , 0.0 , -1.0    ,-6.8125 , -35.125 , 28.5
39581300  , 4.399372 , 9.425281 , -4.4810944    , 0.0 , 0.0 , -1.0    ,-6.3125 , -35.625 , 28.75
457764  , 3.568531 , 8.689782 , -4.399372    , 0.0 , 0.0 , -1.0    ,-6.3125 , -35.625 , 28.75
38360597  , 3.568531 , 8.689782 , -4.399372    , 0.0 , 0.0 , -1.0    ,-6.0 , -35.625 , 28.75
457763  , 4.2086873 , 8.281172 , -4.5900574    , 0.0 , 0.0 , -1.0    ,-6.0 , -35.625 , 28.75
39184571  , 4.2086873 , 8.281172 , -4.5900574    , 0.0 , 0.0 , -1.0    ,-6.0 , -35.625 , 28.5
427246  , 4.903325 , 8.117727 , -4.440233    , 0.0 , 0.0 , -1.0    ,-6.0 , -35.625 , 28.5
39001465  , 4.903325 , 8.117727 , -4.440233    , 0.0 , 0.0 , -1.0    ,-5.75 , -36.375 , 28.75
427247  , 5.434519 , 8.240311 , -3.9771416    , 0.0 , 0.0 , -1.0    ,-5.75 , -36.375 , 28.75
39550781  , 5.434519 , 8.240311 , -3.9771416    , 0.0 , 0.0 , -1.0    ,-5.5 , -36.125 , 28.25
427246  , 5.6252036 , 8.430995 , -4.140586    , 0.0 , 0.0 , -1.0    ,-5.5 , -36.125 , 28.25
38787842  , 5.6252036 , 8.430995 , -4.140586    , 0.0 , 0.0 , -1.0    ,-5.25 , -36.875 , 27.0
457764  , 6.4424243 , 8.390134 , -4.140586    , 0.0 , 0.0 , -1.0    ,-5.25 , -36.875 , 27.0
38879394  , 6.4424243 , 8.390134 , -4.140586    , 0.0 , 0.0 , -1.0    ,-5.0 , -37.375 , 26.3125
427246  , 7.3958488 , 7.8180795 , -4.862464    , 0.0 , 0.0 , -1.0    ,-5.0 , -37.375 , 26.3125
72021482  , 7.3958488 , 7.8180795 , -4.862464    , 0.0 , 0.0 , -1.0    ,-5.0 , -37.125 , 24.8125
213623  , 5.6660647 , 7.5865335 , -4.0588636    , 0.0 , 0.0 , -1.0    ,-5.0 , -37.125 , 24.8125
213623  , 5.6660647 , 7.5865335 , -4.0588636    , 0.0 , 0.0 , -1.0    ,-5.0 , -37.625 , 23.5625
213623  , 3.336985 , 7.504812 , -1.879608    , 0.0 , 0.0 , -1.0    ,-5.0 , -37.625 , 23.5625
24871826  , 3.336985 , 7.504812 , -1.879608    , 0.0 , 0.0 , -1.0    ,-4.5 , -37.875 , 22.875
183106  , 2.152015 , 7.5865335 , -1.3075534    , 0.0 , 0.0 , -1.0    ,-4.5 , -37.875 , 22.875
30822752  , 2.152015 , 7.5865335 , -1.3075534    , 0.0 , 0.0 , -1.0    ,-4.25 , -38.125 , 21.875
274658  , 2.070293 , 8.539958 , -0.5720546    , 0.0 , 0.0 , -1.0    ,-4.25 , -38.125 , 21.875
38665773  , 2.070293 , 8.539958 , -0.5720546    , 0.0 , 0.0 , -1.0    ,-4.25 , -38.875 , 21.125
366211  , 1.879608 , 8.281172 , -0.040861044    , 0.0 , 0.0 , -1.0    ,-4.25 , -38.875 , 21.125
39611818  , 1.879608 , 8.281172 , -0.040861044    , 0.0 , 0.0 , -1.0    ,-4.0 , -39.125 , 20.4375
457764  , 0.10896278 , 8.117727 , 1.1849703    , 0.0 , 0.0 , -1.0    ,-4.0 , -39.125 , 20.4375
38818360  , 0.10896278 , 8.117727 , 1.1849703    , 0.0 , 0.0 , -1.0    ,-3.5 , -39.125 , 20.1875
427246  , -1.4165162 , 8.962189 , 2.6423476    , 0.0 , 0.0 , -1.0    ,-3.5 , -39.125 , 20.1875
39062501  , -1.4165162 , 8.962189 , 2.6423476    , 0.0 , 0.0 , -1.0    ,-3.0 , -39.125 , 20.1875
427246  , -3.0237172 , 10.460427 , 4.2904096    , 0.0 , 0.0 , -1.0    ,-3.0 , -39.125 , 20.1875
38879395  , -3.0237172 , 10.460427 , 4.2904096    , 0.0 , 0.0 , -1.0    ,-1.9375 , -39.125 , 20.1875
457763  , -3.718355 , 9.697687 , 3.9090397    , 0.0 , 0.0 , -1.0    ,-1.9375 , -39.125 , 20.1875
39245606  , -3.718355 , 9.697687 , 3.9090397    , 0.0 , 0.0 , -1.0    ,-1.6875 , -38.875 , 20.1875
427246  , -1.920469 , 9.997335 , 1.6480621    , 0.0 , 0.0 , -1.0    ,-1.6875 , -38.875 , 20.1875
38848877  , -1.920469 , 9.997335 , 1.6480621    , 0.0 , 0.0 , -1.0    ,-1.6875 , -38.625 , 19.9375
427246  , -0.7627395 , 9.384419 , 0.38136974    , 0.0 , 0.0 , -1.0    ,-1.6875 , -38.625 , 19.9375
39184570  , -0.7627395 , 9.384419 , 0.38136974    , 0.0 , 0.0 , -1.0    ,-2.25 , -38.125 , 20.1875
457763  , 1.3756552 , 9.275456 , -0.8036005    , 0.0 , 0.0 , -1.0    ,-2.25 , -38.125 , 20.1875
39184570  , 1.3756552 , 9.275456 , -0.8036005    , 0.0 , 0.0 , -1.0    ,-3.5 , -37.875 , 19.9375
427246  , 1.7570249 , 9.507003 , -0.6537767    , 0.0 , 0.0 , -1.0    ,-3.5 , -37.875 , 19.9375
38909911  , 1.7570249 , 9.507003 , -0.6537767    , 0.0 , 0.0 , -1.0    ,-4.5 , -37.625 , 19.6875
457764  , 2.1111538 , 9.534244 , 0.19068487    , 0.0 , 0.0 , -1.0    ,-4.5 , -37.625 , 19.6875
38604735  , 2.1111538 , 9.534244 , 0.19068487    , 0.0 , 0.0 , -1.0    ,-5.0 , -37.625 , 19.6875
457763  , 1.3756552 , 8.894087 , 0.19068487    , 0.0 , 0.0 , -1.0    ,-5.0 , -37.625 , 19.6875
39398191  , 1.3756552 , 8.894087 , 0.19068487    , 0.0 , 0.0 , -1.0    ,-5.25 , -37.875 , 19.1875
427246  , 1.4165162 , 9.575105 , 1.3075534    , 0.0 , 0.0 , -1.0    ,-5.25 , -37.875 , 19.1875
38848876  , 1.4165162 , 9.575105 , 1.3075534    , 0.0 , 0.0 , -1.0    ,-5.0 , -38.125 , 18.9375
457763  , 0.08172209 , 10.501288 , 2.8330324    , 0.0 , 0.0 , -1.0    ,-5.0 , -38.125 , 18.9375
38970950  , 0.08172209 , 10.501288 , 2.8330324    , 0.0 , 0.0 , -1.0    ,-4.0 , -38.375 , 18.9375
427246  , -1.8387469 , 11.304889 , 2.8330324    , 0.0 , 0.0 , -1.0    ,-4.0 , -38.375 , 18.9375
39031984  , -1.8387469 , 11.304889 , 2.8330324    , 0.0 , 0.0 , -1.0    ,-4.25 , -38.125 , 18.4375
427246  , -1.879608 , 10.732834 , 3.1054392    , 0.0 , 0.0 , -1.0    ,-4.25 , -38.125 , 18.4375
39184572  , -1.879608 , 10.732834 , 3.1054392    , 0.0 , 0.0 , -1.0    ,-4.0 , -38.375 , 18.1875
427246  , -2.7240696 , 9.915613 , 1.7570249    , 0.0 , 0.0 , -1.0    ,-4.0 , -38.375 , 18.1875
38879396  , -2.7240696 , 9.915613 , 1.7570249    , 0.0 , 0.0 , -1.0    ,-3.75 , -37.875 , 18.6875
427246  , -4.099725 , 9.275456 , 0.38136974    , 0.0 , 0.0 , -1.0    ,-3.75 , -37.875 , 18.6875
29632568  , -4.099725 , 9.275456 , 0.38136974    , 0.0 , 0.0 , -1.0    ,-3.5 , -37.625 , 19.1875
213623  , -5.597963 , 8.580819 , 0.19068487    , 0.0 , 0.0 , -1.0    ,-3.5 , -37.625 , 19.1875
66284180  , -5.597963 , 8.580819 , 0.19068487    , 0.0 , 0.0 , -1.0    ,-3.0 , -37.625 , 19.9375
213623  , -5.9793324 , 8.471856 , -0.53119355    , 0.0 , 0.0 , -1.0    ,-3.0 , -37.625 , 19.9375
213623  , -5.9793324 , 8.471856 , -0.53119355    , 0.0 , 0.0 , -1.0    ,-3.0 , -37.125 , 21.125
183105  , -7.5456724 , 9.80665 , -0.53119355    , 0.0 , 0.0 , -1.0    ,-3.0 , -37.125 , 21.125
20568847  , -7.5456724 , 9.80665 , -0.53119355    , 0.0 , 0.0 , -1.0    ,-3.0 , -36.625 , 22.125
213623  , -8.662541 , 9.234595 , 0.9942854    , 0.0 , 0.0 , -1.0    ,-3.0 , -36.625 , 22.125
30487060  , -8.662541 , 9.234595 , 0.9942854    , 0.0 , 0.0 , -1.0    ,-3.75 , -36.625 , 22.875
244140  , -8.539958 , 10.378705 , 2.3426998    , 0.0 , 0.0 , -1.0    ,-3.75 , -36.625 , 22.875
30426025  , -8.539958 , 10.378705 , 2.3426998    , 0.0 , 0.0 , -1.0    ,-4.75 , -35.875 , 23.375
274658  , -8.19945 , 10.61025 , 3.214402    , 0.0 , 0.0 , -1.0    ,-4.75 , -35.875 , 23.375
38421630  , -8.19945 , 10.61025 , 3.214402    , 0.0 , 0.0 , -1.0    ,-6.0 , -35.125 , 22.625
366211  , -6.851035 , 10.991621 , 4.4810944    , 0.0 , 0.0 , -1.0    ,-6.0 , -35.125 , 22.625
39184569  , -6.851035 , 10.991621 , 4.4810944    , 0.0 , 0.0 , -1.0    ,-8.0625 , -34.875 , 22.375
427246  , -4.3312707 , 12.598822 , 2.982856    , 0.0 , 0.0 , -1.0    ,-8.0625 , -34.875 , 22.375
39184569  , -4.3312707 , 12.598822 , 2.982856    , 0.0 , 0.0 , -1.0    ,-9.5625 , -34.375 , 21.625
427247  , -2.2609777 , 11.795221 , 3.0237172    , 0.0 , 0.0 , -1.0    ,-9.5625 , -34.375 , 21.625
38787842  , -2.2609777 , 11.795221 , 3.0237172    , 0.0 , 0.0 , -1.0    ,-10.875 , -35.375 , 21.125
457763  , 0.040861044 , 11.727119 , 2.152015    , 0.0 , 0.0 , -1.0    ,-10.875 , -35.375 , 21.125
39215090  , 0.040861044 , 11.727119 , 2.152015    , 0.0 , 0.0 , -1.0    ,-11.625 , -36.125 , 20.1875
427247  , 2.6014864 , 13.715691 , 2.8330324    , 0.0 , 0.0 , -1.0    ,-11.625 , -36.125 , 20.1875
39276124  , 2.6014864 , 13.715691 , 2.8330324    , 0.0 , 0.0 , -1.0    ,-12.125 , -37.875 , 18.6875
427246  , 2.9147544 , 14.328606 , 2.9147544    , 0.0 , 0.0 , -1.0    ,-12.125 , -37.875 , 18.6875
38787843  , 2.9147544 , 14.328606 , 2.9147544    , 0.0 , 0.0 , -1.0    ,-12.875 , -39.125 , 17.0
427246  , 8.730643 , 12.980191 , 3.336985    , 0.0 , 0.0 , -1.0    ,-12.875 , -39.125 , 17.0
38818360  , 8.730643 , 12.980191 , 3.336985    , 0.0 , 0.0 , -1.0    ,-14.125 , -40.0625 , 15.5
427247  , 8.853226 , 14.709975 , 4.5219555    , 0.0 , 0.0 , -1.0    ,-14.125 , -40.0625 , 15.5
39154053  , 8.853226 , 14.709975 , 4.5219555    , 0.0 , 0.0 , -1.0    ,-14.6875 , -41.8125 , 14.3125
427246  , 6.469665 , 14.669114 , 6.5513873    , 0.0 , 0.0 , -1.0    ,-14.6875 , -41.8125 , 14.3125
38787842  , 6.469665 , 14.669114 , 6.5513873    , 0.0 , 0.0 , -1.0    ,-14.9375 , -41.8125 , 12.8125
457764  , 8.008764 , 11.985906 , 4.7943625    , 0.0 , 0.0 , -1.0    ,-14.9375 , -41.8125 , 12.8125
39398193  , 8.008764 , 11.985906 , 4.7943625    , 0.0 , 0.0 , -1.0    ,-15.4375 , -42.5625 , 12.125
427246  , 6.66035 , 10.732834 , 5.012288    , 0.0 , 0.0 , -1.0    ,-15.4375 , -42.5625 , 12.125
38513183  , 6.66035 , 10.732834 , 5.012288    , 0.0 , 0.0 , -1.0    ,-15.4375 , -42.5625 , 11.125
457764  , 4.5219555 , 10.310603 , 5.175732    , 0.0 , 0.0 , -1.0    ,-15.4375 , -42.5625 , 11.125
40161132  , 4.5219555 , 10.310603 , 5.175732    , 0.0 , 0.0 , -1.0    ,-16.1875 , -42.3125 , 10.625
427246  , 4.7535014 , 8.730643 , 5.053149    , 0.0 , 0.0 , -1.0    ,-16.1875 , -42.3125 , 10.625
37933348  , 4.7535014 , 8.730643 , 5.053149    , 0.0 , 0.0 , -1.0    ,-17.1875 , -42.0625 , 10.625
427246  , 4.0180025 , 8.158588 , 5.053149    , 0.0 , 0.0 , -1.0    ,-17.1875 , -42.0625 , 10.625
39367674  , 4.0180025 , 8.158588 , 5.053149    , 0.0 , 0.0 , -1.0    ,-17.4375 , -41.5625 , 10.375
427246  , 2.6014864 , 8.117727 , 5.938472    , 0.0 , 0.0 , -1.0    ,-17.4375 , -41.5625 , 10.375
38848876  , 2.6014864 , 8.117727 , 5.938472    , 0.0 , 0.0 , -1.0    ,-17.6875 , -41.8125 , 10.125
427246  , 3.1463003 , 7.164303 , 5.7886477    , 0.0 , 0.0 , -1.0    ,-17.6875 , -41.8125 , 10.125
39062501  , 3.1463003 , 7.164303 , 5.7886477    , 0.0 , 0.0 , -1.0    ,-17.6875 , -41.5625 , 9.875
457764  , 3.7864566 , 7.43671 , 6.510526    , 0.0 , 0.0 , -1.0    ,-17.6875 , -41.5625 , 9.875
68267825  , 3.7864566 , 7.43671 , 6.510526    , 0.0 , 0.0 , -1.0    ,-17.6875 , -41.5625 , 10.125
213623  , 3.568531 , 8.076866 , 6.932757    , 0.0 , 0.0 , -1.0    ,-17.6875 , -41.5625 , 10.125
213623  , 3.568531 , 8.076866 , 6.932757    , 0.0 , 0.0 , -1.0    ,-18.1875 , -41.5625 , 10.125
183106  , 3.2961242 , 8.349273 , 6.8237944    , 0.0 , 0.0 , -1.0    ,-18.1875 , -41.5625 , 10.125
28839112  , 3.2961242 , 8.349273 , 6.8237944    , 0.0 , 0.0 , -1.0    ,-18.1875 , -41.0625 , 10.375
244141  , 2.7240696 , 8.430995 , 6.851035    , 0.0 , 0.0 , -1.0    ,-18.1875 , -41.0625 , 10.375
30303956  , 2.7240696 , 8.430995 , 6.851035    , 0.0 , 0.0 , -1.0    ,-17.9375 , -40.8125 , 11.125
274658  , 2.8330324 , 7.9679036 , 5.9793324    , 0.0 , 0.0 , -1.0    ,-17.9375 , -40.8125 , 11.125
28747559  , 2.8330324 , 7.9679036 , 5.9793324    , 0.0 , 0.0 , -1.0    ,-17.4375 , -40.3125 , 10.875
305176  , 2.1111538 , 8.730643 , 6.0882955    , 0.0 , 0.0 , -1.0    ,-17.4375 , -40.3125 , 10.875
29632569  , 2.1111538 , 8.730643 , 6.0882955    , 0.0 , 0.0 , -1.0    ,-16.6875 , -40.0625 , 11.375
305175  , 0.9942854 , 9.275456 , 5.325556    , 0.0 , 0.0 , -1.0    ,-16.6875 , -40.0625 , 11.375
29357910  , 0.9942854 , 9.275456 , 5.325556    , 0.0 , 0.0 , -1.0    ,-16.4375 , -40.0625 , 11.625
366211  , 0.10896278 , 9.384419 , 4.6036777    , 0.0 , 0.0 , -1.0    ,-16.4375 , -40.0625 , 11.625
39367676  , 0.10896278 , 9.384419 , 4.6036777    , 0.0 , 0.0 , -1.0    ,-16.1875 , -40.3125 , 11.375
366210  , -0.9942854 , 10.691973 , 3.6774938    , 0.0 , 0.0 , -1.0    ,-16.1875 , -40.3125 , 11.375
39184570  , -0.9942854 , 10.691973 , 3.6774938    , 0.0 , 0.0 , -1.0    ,-15.4375 , -40.8125 , 11.125
427247  , -6.851035 , 14.818938 , 0.5720546    , 0.0 , 0.0 , -1.0    ,-15.4375 , -40.8125 , 11.125
39215087  , -6.851035 , 14.818938 , 0.5720546    , 0.0 , 0.0 , -1.0    ,-14.375 , -41.5625 , 10.125
427246  , -7.504812 , 16.930092 , -6.4015636    , 0.0 , 0.0 , -1.0    ,-14.375 , -41.5625 , 10.125
38909911  , -7.504812 , 16.930092 , -6.4015636    , 0.0 , 0.0 , -1.0    ,-12.625 , -42.0625 , 8.4375
457764  , -7.7363577 , 15.704261 , -6.2789803    , 0.0 , 0.0 , -1.0    ,-12.625 , -42.0625 , 8.4375
39154052  , -7.7363577 , 15.704261 , -6.2789803    , 0.0 , 0.0 , -1.0    ,-11.625 , -42.3125 , 6.9375
427246  , -6.701211 , 14.519291 , -3.636633    , 0.0 , 0.0 , -1.0    ,-11.625 , -42.3125 , 6.9375
38787841  , -6.701211 , 14.519291 , -3.636633    , 0.0 , 0.0 , -1.0    ,-10.625 , -43.0625 , 5.75
427246  , -1.56634 , 12.067628 , -1.56634    , 0.0 , 0.0 , -1.0    ,-10.625 , -43.0625 , 5.75
39123537  , -1.56634 , 12.067628 , -1.56634    , 0.0 , 0.0 , -1.0    ,-10.3125 , -43.0625 , 4.75
427246  , 0.040861044 , 10.228881 , -0.0    , 0.0 , 0.0 , -1.0    ,-10.3125 , -43.0625 , 4.75
38970948  , 0.040861044 , 10.228881 , -0.0    , 0.0 , 0.0 , -1.0    ,-9.8125 , -43.0625 , 5.0
427246  , 0.61291564 , 9.084772 , 1.1849703    , 0.0 , 0.0 , -1.0    ,-9.8125 , -43.0625 , 5.0
39184571  , 0.61291564 , 9.084772 , 1.1849703    , 0.0 , 0.0 , -1.0    ,-9.3125 , -43.3125 , 5.25
427246  , 0.9942854 , 9.043911 , 1.7978859    , 0.0 , 0.0 , -1.0    ,-9.3125 , -43.3125 , 5.25
38848878  , 0.9942854 , 9.043911 , 1.7978859    , 0.0 , 0.0 , -1.0    ,-9.0625 , -43.0625 , 5.75
427246  , 1.4573772 , 8.894087 , 2.070293    , 0.0 , 0.0 , -1.0    ,-9.0625 , -43.0625 , 5.75
39093018  , 1.4573772 , 8.894087 , 2.070293    , 0.0 , 0.0 , -1.0    ,-9.0625 , -43.3125 , 6.5
457763  , 1.1849703 , 8.921328 , 1.920469    , 0.0 , 0.0 , -1.0    ,-9.0625 , -43.3125 , 6.5
38879395  , 1.1849703 , 8.921328 , 1.920469    , 0.0 , 0.0 , -1.0    ,-9.3125 , -43.3125 , 6.75
427246  , 1.3075534 , 7.8589406 , 1.0351465    , 0.0 , 0.0 , -1.0    ,-9.3125 , -43.3125 , 6.75
39611816  , 1.3075534 , 7.8589406 , 1.0351465    , 0.0 , 0.0 , -1.0    ,-9.5625 , -43.5625 , 6.9375
427246  , 1.2666923 , 7.668256 , 0.8036005    , 0.0 , 0.0 , -1.0    ,-9.5625 , -43.5625 , 6.9375
38391113  , 1.2666923 , 7.668256 , 0.8036005    , 0.0 , 0.0 , -1.0    ,-9.8125 , -44.0625 , 6.75
427246  , 1.1168685 , 7.082581 , 0.92618364    , 0.0 , 0.0 , -1.0    ,-9.8125 , -44.0625 , 6.75
39031982  , 1.1168685 , 7.082581 , 0.92618364    , 0.0 , 0.0 , -1.0    ,-10.0625 , -43.5625 , 6.9375
457763  , 0.88532263 , 6.5513873 , 0.61291564    , 0.0 , 0.0 , -1.0    ,-10.0625 , -43.5625 , 6.9375
78063963  , 0.88532263 , 6.5513873 , 0.61291564    , 0.0 , 0.0 , -1.0    ,-10.625 , -43.8125 , 6.9375
213623  , 1.2258313 , 5.175732 , 0.61291564    , 0.0 , 0.0 , -1.0    ,-10.625 , -43.8125 , 6.9375
213623  , 1.2258313 , 5.175732 , 0.61291564    , 0.0 , 0.0 , -1.0    ,-10.3125 , -43.5625 , 7.1875
183106  , 1.7978859 , 5.706926 , 1.6480621    , 0.0 , 0.0 , -1.0    ,-10.3125 , -43.5625 , 7.1875
19134521  , 1.7978859 , 5.706926 , 1.6480621    , 0.0 , 0.0 , -1.0    ,-10.3125 , -43.0625 , 8.1875
183105  , 0.7627395 , 5.09401 , 1.4573772    , 0.0 , 0.0 , -1.0    ,-10.3125 , -43.0625 , 8.1875
29357909  , 0.7627395 , 5.09401 , 1.4573772    , 0.0 , 0.0 , -1.0    ,-10.0625 , -43.0625 , 8.4375
213623  , 1.1849703 , 5.09401 , 0.9942854    , 0.0 , 0.0 , -1.0    ,-10.0625 , -43.0625 , 8.4375
29571533  , 1.1849703 , 5.09401 , 0.9942854    , 0.0 , 0.0 , -1.0    ,-10.0625 , -42.5625 , 9.1875
244141  , 0.08172209 , 5.597963 , 1.6889231    , 0.0 , 0.0 , -1.0    ,-10.0625 , -42.5625 , 9.1875
30548097  , 0.08172209 , 5.597963 , 1.6889231    , 0.0 , 0.0 , -1.0    ,-10.3125 , -42.3125 , 10.625
366211  , -0.61291564 , 5.706926 , 2.5333846    , 0.0 , 0.0 , -1.0    ,-10.3125 , -42.3125 , 10.625
38665773  , -0.61291564 , 5.706926 , 2.5333846    , 0.0 , 0.0 , -1.0    ,-10.3125 , -42.3125 , 11.625
457764  , 0.19068487 , 6.2789803 , 2.6423476    , 0.0 , 0.0 , -1.0    ,-10.3125 , -42.3125 , 11.625
39276124  , 0.19068487 , 6.2789803 , 2.6423476    , 0.0 , 0.0 , -1.0    ,-9.8125 , -42.5625 , 13.0625
457763  , 1.607201 , 7.1234417 , 2.8738933    , 0.0 , 0.0 , -1.0    ,-9.8125 , -42.5625 , 13.0625
38848878  , 1.607201 , 7.1234417 , 2.8738933    , 0.0 , 0.0 , -1.0    ,-9.3125 , -42.3125 , 15.0625
457764  , 0.5720546 , 9.152874 , 1.879608    , 0.0 , 0.0 , -1.0    ,-9.3125 , -42.3125 , 15.0625
39245606  , 0.5720546 , 9.152874 , 1.879608    , 0.0 , 0.0 , -1.0    ,-9.0625 , -42.0625 , 16.5
457764  , 0.8036005 , 10.119919 , 2.3699405    , 0.0 , 0.0 , -1.0    ,-9.0625 , -42.0625 , 16.5
38818360  , 0.8036005 , 10.119919 , 2.3699405    , 0.0 , 0.0 , -1.0    ,-8.3125 , -41.5625 , 17.5
457764  , 0.42223078 , 12.598822 , 1.3756552    , 0.0 , 0.0 , -1.0    ,-8.3125 , -41.5625 , 17.5
40374756  , 0.42223078 , 12.598822 , 1.3756552    , 0.0 , 0.0 , -1.0    ,-7.8125 , -41.5625 , 18.4375
457763  , 0.50395286 , 13.947236 , 0.9942854    , 0.0 , 0.0 , -1.0    ,-7.8125 , -41.5625 , 18.4375
37597656  , 0.50395286 , 13.947236 , 0.9942854    , 0.0 , 0.0 , -1.0    ,-7.0625 , -42.0625 , 18.1875
427246  , -0.29964766 , 13.633968 , 1.2258313    , 0.0 , 0.0 , -1.0    ,-7.0625 , -42.0625 , 18.1875
39093017  , -0.29964766 , 13.633968 , 1.2258313    , 0.0 , 0.0 , -1.0    ,-6.0 , -42.0625 , 17.5
427246  , 0.040861044 , 14.709975 , 0.42223078    , 0.0 , 0.0 , -1.0    ,-6.0 , -42.0625 , 17.5
38879394  , 0.040861044 , 14.709975 , 0.42223078    , 0.0 , 0.0 , -1.0    ,-5.25 , -42.5625 , 17.5
457764  , -0.0 , 13.947236 , 1.2258313    , 0.0 , 0.0 , -1.0    ,-5.25 , -42.5625 , 17.5
39062498  , -0.0 , 13.947236 , 1.2258313    , 0.0 , 0.0 , -1.0    ,-4.5 , -42.5625 , 17.25
457763  , -0.42223078 , 13.33432 , 1.1168685    , 0.0 , 0.0 , -1.0    ,-4.5 , -42.5625 , 17.25
39001464  , -0.42223078 , 13.33432 , 1.1168685    , 0.0 , 0.0 , -1.0    ,-3.75 , -42.8125 , 16.75
457763  , -0.84446156 , 14.2877445 , 0.8036005    , 0.0 , 0.0 , -1.0    ,-3.75 , -42.8125 , 16.75
39154053  , -0.84446156 , 14.2877445 , 0.8036005    , 0.0 , 0.0 , -1.0    ,-2.5 , -43.3125 , 16.0
457763  , -0.19068487 , 12.217452 , 0.61291564    , 0.0 , 0.0 , -1.0    ,-2.5 , -43.3125 , 16.0
38879396  , -0.19068487 , 12.217452 , 0.61291564    , 0.0 , 0.0 , -1.0    ,-1.9375 , -43.5625 , 15.0625
427246  , -0.040861044 , 13.143636 , -1.1441092    , 0.0 , 0.0 , -1.0    ,-1.9375 , -43.5625 , 15.0625
39184572  , -0.040861044 , 13.143636 , -1.1441092    , 0.0 , 0.0 , -1.0    ,-0.9375 , -44.0625 , 14.0625
427246  , -0.23154591 , 12.639683 , 0.7627395    , 0.0 , 0.0 , -1.0    ,-0.9375 , -44.0625 , 14.0625
38879395  , -0.23154591 , 12.639683 , 0.7627395    , 0.0 , 0.0 , -1.0    ,-0.4375 , -43.8125 , 13.8125
427246  , 1.2666923 , 12.026767 , 0.5720546    , 0.0 , 0.0 , -1.0    ,-0.4375 , -43.8125 , 13.8125
39062501  , 1.2666923 , 12.026767 , 0.5720546    , 0.0 , 0.0 , -1.0    ,0.0625 , -43.8125 , 14.0625
427246  , 2.3018389 , 11.795221 , -0.27240697    , 0.0 , 0.0 , -1.0    ,0.0625 , -43.8125 , 14.0625
58288574  , 2.3018389 , 11.795221 , -0.27240697    , 0.0 , 0.0 , -1.0    ,1.0625 , -43.5625 , 14.8125
213623  , 4.099725 , 11.495573 , -0.08172209    , 0.0 , 0.0 , -1.0    ,1.0625 , -43.5625 , 14.8125
9338378  , 4.099725 , 11.495573 , -0.08172209    , 0.0 , 0.0 , -1.0    ,1.3125 , -43.0625 , 15.5
183106  , 5.053149 , 12.789507 , -0.6946377    , 0.0 , 0.0 , -1.0    ,1.3125 , -43.0625 , 15.5
29785156  , 5.053149 , 12.789507 , -0.6946377    , 0.0 , 0.0 , -1.0    ,1.8125 , -43.0625 , 15.75
213623  , 5.8976107 , 13.33432 , -0.9125633    , 0.0 , 0.0 , -1.0    ,1.8125 , -43.0625 , 15.75
29663086  , 5.8976107 , 13.33432 , -0.9125633    , 0.0 , 0.0 , -1.0    ,1.0625 , -42.5625 , 15.75
274659  , 6.782933 , 14.015338 , -1.2666923    , 0.0 , 0.0 , -1.0    ,1.0625 , -42.5625 , 15.75
39978027  , 6.782933 , 14.015338 , -1.2666923    , 0.0 , 0.0 , -1.0    ,0.0625 , -42.8125 , 16.0
427246  , 6.8237944 , 13.633968 , -1.2258313    , 0.0 , 0.0 , -1.0    ,0.0625 , -42.8125 , 16.0
38787841  , 6.8237944 , 13.633968 , -1.2258313    , 0.0 , 0.0 , -1.0    ,-1.6875 , -42.8125 , 16.0
457763  , 4.1814466 , 12.598822 , -1.2666923    , 0.0 , 0.0 , -1.0    ,-1.6875 , -42.8125 , 16.0
39367675  , 4.1814466 , 12.598822 , -1.2666923    , 0.0 , 0.0 , -1.0    ,-4.0 , -41.5625 , 17.0
427246  , -0.19068487 , 9.888372 , -0.0    , 0.0 , 0.0 , -1.0    ,-4.0 , -41.5625 , 17.0
38787840  , -0.19068487 , 9.888372 , -0.0    , 0.0 , 0.0 , -1.0    ,-5.5 , -41.3125 , 18.1875
457764  , -2.9147544 , 10.079058 , 0.38136974    , 0.0 , 0.0 , -1.0    ,-5.5 , -41.3125 , 18.1875
39062500  , -2.9147544 , 10.079058 , 0.38136974    , 0.0 , 0.0 , -1.0    ,-7.3125 , -40.0625 , 18.1875
457763  , -7.273266 , 10.528529 , 1.2666923    , 0.0 , 0.0 , -1.0    ,-7.3125 , -40.0625 , 18.1875
38940432  , -7.273266 , 10.528529 , 1.2666923    , 0.0 , 0.0 , -1.0    ,-8.5625 , -39.125 , 18.4375
457763  , -7.6546354 , 11.75436 , 1.1168685    , 0.0 , 0.0 , -1.0    ,-8.5625 , -39.125 , 18.4375
39154054  , -7.6546354 , 11.75436 , 1.1168685    , 0.0 , 0.0 , -1.0    ,-10.3125 , -39.5625 , 18.0
427246  , -6.2108784 , 11.182305 , 0.6537767    , 0.0 , 0.0 , -1.0    ,-10.3125 , -39.5625 , 18.0
38909913  , -6.2108784 , 11.182305 , 0.6537767    , 0.0 , 0.0 , -1.0    ,-12.375 , -39.125 , 17.25
427246  , -3.173541 , 9.193735 , -0.19068487    , 0.0 , 0.0 , -1.0    ,-12.375 , -39.125 , 17.25
39154054  , -3.173541 , 9.193735 , -0.19068487    , 0.0 , 0.0 , -1.0    ,-14.125 , -39.3125 , 16.75
457764  , -1.1849703 , 8.049625 , -1.7297841    , 0.0 , 0.0 , -1.0    ,-14.125 , -39.3125 , 16.75
38787843  , -1.1849703 , 8.049625 , -1.7297841    , 0.0 , 0.0 , -1.0    ,-15.4375 , -39.3125 , 16.25
457763  , -0.27240697 , 8.62168 , -2.982856    , 0.0 , 0.0 , -1.0    ,-15.4375 , -39.3125 , 16.25
39215088  , -0.27240697 , 8.62168 , -2.982856    , 0.0 , 0.0 , -1.0    ,-15.9375 , -39.125 , 15.75
427246  , -1.0351465 , 10.501288 , -5.325556    , 0.0 , 0.0 , -1.0    ,-15.9375 , -39.125 , 15.75
38909912  , -1.0351465 , 10.501288 , -5.325556    , 0.0 , 0.0 , -1.0    ,-16.9375 , -38.875 , 14.8125
457764  , -0.84446156 , 10.841797 , -5.8158884    , 0.0 , 0.0 , -1.0    ,-16.9375 , -38.875 , 14.8125
39062500  , -0.84446156 , 10.841797 , -5.8158884    , 0.0 , 0.0 , -1.0    ,-17.6875 , -38.875 , 14.5625
427246  , 0.53119355 , 11.686258 , -6.0201936    , 0.0 , 0.0 , -1.0    ,-17.6875 , -38.875 , 14.5625
38848877  , 0.53119355 , 11.686258 , -6.0201936    , 0.0 , 0.0 , -1.0    ,-18.6875 , -38.875 , 14.3125
457764  , 0.6537767 , 11.876944 , -5.09401    , 0.0 , 0.0 , -1.0    ,-18.6875 , -38.875 , 14.3125
38970946  , 0.6537767 , 11.876944 , -5.09401    , 0.0 , 0.0 , -1.0    ,-18.6875 , -38.125 , 15.0625
457763  , -0.040861044 , 11.182305 , -3.8273177    , 0.0 , 0.0 , -1.0    ,-18.6875 , -38.125 , 15.0625
39154052  , -0.040861044 , 11.182305 , -3.8273177    , 0.0 , 0.0 , -1.0    ,-19.0 , -37.625 , 16.5
457764  , 0.313268 , 10.337844 , -1.9885708    , 0.0 , 0.0 , -1.0    ,-19.0 , -37.625 , 16.5
39367674  , 0.313268 , 10.337844 , -1.9885708    , 0.0 , 0.0 , -1.0    ,-18.6875 , -36.625 , 18.0
427246  , 0.46309182 , 10.419566 , -0.27240697    , 0.0 , 0.0 , -1.0    ,-18.6875 , -36.625 , 18.0
38604738  , 0.46309182 , 10.419566 , -0.27240697    , 0.0 , 0.0 , -1.0    ,-17.9375 , -35.375 , 20.6875
427246  , 1.1168685 , 10.038197 , 2.4108016    , 0.0 , 0.0 , -1.0    ,-17.9375 , -35.375 , 20.6875
274658  , 1.1168685 , 10.038197 , 2.4108016    , 0.0 , 0.0 , -1.0    ,-17.9375 , -34.625 , 23.375
183105  , 1.607201 , 12.108489 , 3.8273177    , 0.0 , 0.0 , -1.0    ,-17.9375 , -34.625 , 23.375
183105  , 1.607201 , 12.108489 , 3.8273177    , 0.0 , 0.0 , -1.0    ,-17.4375 , -33.875 , 25.5625
183106  , 3.3778462 , 12.598822 , 5.5571017    , 0.0 , 0.0 , -1.0    ,-17.4375 , -33.875 , 25.5625
17883302  , 3.3778462 , 12.598822 , 5.5571017    , 0.0 , 0.0 , -1.0    ,-17.4375 , -32.875 , 27.25
976562  , 3.486809 , 12.299174 , 6.3198414    , 0.0 , 0.0 , -1.0    ,-17.4375 , -32.875 , 27.25
28961182  , 3.486809 , 12.299174 , 6.3198414    , 0.0 , 0.0 , -1.0    ,-17.4375 , -32.125 , 27.75
213623  , 4.0180025 , 11.563675 , 7.205164    , 0.0 , 0.0 , -1.0    ,-17.4375 , -32.125 , 27.75
29357911  , 4.0180025 , 11.563675 , 7.205164    , 0.0 , 0.0 , -1.0    ,-17.4375 , -31.6875 , 27.25
244141  , 4.372132 , 11.182305 , 6.2789803    , 0.0 , 0.0 , -1.0    ,-17.4375 , -31.6875 , 27.25
30883789  , 4.372132 , 11.182305 , 6.2789803    , 0.0 , 0.0 , -1.0    ,-17.9375 , -30.9375 , 26.75
366211  , 2.9556155 , 10.56939 , 4.7126403    , 0.0 , 0.0 , -1.0    ,-17.9375 , -30.9375 , 26.75
38726807  , 2.9556155 , 10.56939 , 4.7126403    , 0.0 , 0.0 , -1.0    ,-18.6875 , -30.4375 , 26.5
427246  , 2.4108016 , 10.460427 , 3.7864566    , 0.0 , 0.0 , -1.0    ,-18.6875 , -30.4375 , 26.5
39184570  , 2.4108016 , 10.460427 , 3.7864566    , 0.0 , 0.0 , -1.0    ,-20.0 , -30.4375 , 25.5625
427246  , -0.040861044 , 11.182305 , 1.3756552    , 0.0 , 0.0 , -1.0    ,-20.0 , -30.4375 , 25.5625
38757323  , -0.040861044 , 11.182305 , 1.3756552    , 0.0 , 0.0 , -1.0    ,-21.75 , -29.6875 , 24.5625
427246  , -3.336985 , 11.536434 , -0.61291564    , 0.0 , 0.0 , -1.0    ,-21.75 , -29.6875 , 24.5625
39184569  , -3.336985 , 11.536434 , -0.61291564    , 0.0 , 0.0 , -1.0    ,-23.0625 , -29.4375 , 24.3125
427246  , -6.0474343 , 11.114203 , -0.50395286    , 0.0 , 0.0 , -1.0    ,-23.0625 , -29.4375 , 24.3125
38909911  , -6.0474343 , 11.114203 , -0.50395286    , 0.0 , 0.0 , -1.0    ,-24.0625 , -28.9375 , 23.8125
427246  , -6.3198414 , 10.079058 , -1.56634    , 0.0 , 0.0 , -1.0    ,-24.0625 , -28.9375 , 23.8125
39245604  , -6.3198414 , 10.079058 , -1.56634    , 0.0 , 0.0 , -1.0    ,-24.8125 , -27.6875 , 25.0625
427246  , -5.5571017 , 9.384419 , -0.42223078    , 0.0 , 0.0 , -1.0    ,-24.8125 , -27.6875 , 25.0625
39123534  , -5.5571017 , 9.384419 , -0.42223078    , 0.0 , 0.0 , -1.0    ,-24.5625 , -27.4375 , 26.3125
183106  , -1.334794 , 9.656827 , 0.23154591    , 0.0 , 0.0 , -1.0    ,-24.5625 , -27.4375 , 26.3125
39642336  , -1.334794 , 9.656827 , 0.23154591    , 0.0 , 0.0 , -1.0    ,-23.3125 , -27.1875 , 27.5
335693  , 2.4925237 , 9.234595 , -1.2666923    , 0.0 , 0.0 , -1.0    ,-23.3125 , -27.1875 , 27.5
39520265  , 2.4925237 , 9.234595 , -1.2666923    , 0.0 , 0.0 , -1.0    ,-22.5 , -27.6875 , 27.75
427247  , 4.440233 , 11.645397 , -1.1168685    , 0.0 , 0.0 , -1.0    ,-22.5 , -27.6875 , 27.75
38452149  , 4.440233 , 11.645397 , -1.1168685    , 0.0 , 0.0 , -1.0    ,-21.5 , -29.1875 , 27.25
427246  , 8.117727 , 14.437569 , -0.88532263    , 0.0 , 0.0 , -1.0    ,-21.5 , -29.1875 , 27.25
38787843  , 8.117727 , 14.437569 , -0.88532263    , 0.0 , 0.0 , -1.0    ,-21.5 , -30.4375 , 26.75
427246  , 6.3198414 , 12.217452 , 0.92618364    , 0.0 , 0.0 , -1.0    ,-21.5 , -30.4375 , 26.75
39245606  , 6.3198414 , 12.217452 , 0.92618364    , 0.0 , 0.0 , -1.0    ,-21.75 , -31.4375 , 25.8125
427246  , 7.3549876 , 9.915613 , 1.4165162    , 0.0 , 0.0 , -1.0    ,-21.75 , -31.4375 , 25.8125
38848877  , 7.3549876 , 9.915613 , 1.4165162    , 0.0 , 0.0 , -1.0    ,-22.25 , -31.9375 , 25.0625
457764  , 6.701211 , 9.615966 , 2.3018389    , 0.0 , 0.0 , -1.0    ,-22.25 , -31.9375 , 25.0625
39093018  , 6.701211 , 9.615966 , 2.3018389    , 0.0 , 0.0 , -1.0    ,-23.3125 , -31.6875 , 24.0625
427246  , 5.175732 , 8.771504 , 2.3018389    , 0.0 , 0.0 , -1.0    ,-23.3125 , -31.6875 , 24.0625
39001465  , 5.175732 , 8.771504 , 2.3018389    , 0.0 , 0.0 , -1.0    ,-24.0625 , -31.6875 , 23.375
427246  , 2.7921712 , 9.534244 , 4.0588636    , 0.0 , 0.0 , -1.0    ,-24.0625 , -31.6875 , 23.375
39215087  , 2.7921712 , 9.534244 , 4.0588636    , 0.0 , 0.0 , -1.0    ,-24.5625 , -32.125 , 22.875
60668943  , 0.88532263 , 9.507003 , 5.8976107    , 0.0 , 0.0 , -1.0    ,-24.5625 , -32.125 , 22.875
213623  , 0.88532263 , 9.507003 , 5.8976107    , 0.0 , 0.0 , -1.0    ,-24.3125 , -32.375 , 23.375
183106  , 0.92618364 , 8.771504 , 8.921328    , 0.0 , 0.0 , -1.0    ,-24.3125 , -32.375 , 23.375
7385254  , 0.92618364 , 8.771504 , 8.921328    , 0.0 , 0.0 , -1.0    ,-23.8125 , -32.875 , 23.375
213623  , 0.92618364 , 9.084772 , 9.534244    , 0.0 , 0.0 , -1.0    ,-23.8125 , -32.875 , 23.375
29357910  , 0.92618364 , 9.084772 , 9.534244    , 0.0 , 0.0 , -1.0    ,-22.25 , -33.375 , 23.375
213623  , 1.607201 , 9.343558 , 9.343558    , 0.0 , 0.0 , -1.0    ,-22.25 , -33.375 , 23.375
29724120  , 1.607201 , 9.343558 , 9.343558    , 0.0 , 0.0 , -1.0    ,-21.75 , -33.625 , 22.875
244141  , 2.4516625 , 8.158588 , 8.812365    , 0.0 , 0.0 , -1.0    ,-21.75 , -33.625 , 22.875
31036378  , 2.4516625 , 8.158588 , 8.812365    , 0.0 , 0.0 , -1.0    ,-20.75 , -34.625 , 21.875
427246  , 1.4573772 , 7.205164 , 7.8861814    , 0.0 , 0.0 , -1.0    ,-20.75 , -34.625 , 21.875
36407473  , 1.4573772 , 7.205164 , 7.8861814    , 0.0 , 0.0 , -1.0    ,-20.0 , -35.625 , 20.875
427246  , -0.23154591 , 8.390134 , 2.4516625    , 0.0 , 0.0 , -1.0    ,-20.0 , -35.625 , 20.875
38879396  , -0.23154591 , 8.390134 , 2.4516625    , 0.0 , 0.0 , -1.0    ,-18.6875 , -37.125 , 18.9375
427246  , -1.9477097 , 11.34575 , -7.273266    , 0.0 , 0.0 , -1.0    ,-18.6875 , -37.125 , 18.9375
39154054  , -1.9477097 , 11.34575 , -7.273266    , 0.0 , 0.0 , -1.0    ,-16.4375 , -39.3125 , 16.0
427246  , -1.7978859 , 18.619015 , -15.091345    , 0.0 , 0.0 , -1.0    ,-16.4375 , -39.3125 , 16.0
38848878  , -1.7978859 , 18.619015 , -15.091345    , 0.0 , 0.0 , -1.0    ,-13.875 , -42.0625 , 12.125
427246  , -3.9771416 , 19.57244 , -8.471856    , 0.0 , 0.0 , -1.0    ,-13.875 , -42.0625 , 12.125
39123536  , -3.9771416 , 19.57244 , -8.471856    , 0.0 , 0.0 , -1.0    ,-9.8125 , -44.3125 , 5.0
457763  , -5.012288 , 18.850561 , -1.0351465    , 0.0 , 0.0 , -1.0    ,-9.8125 , -44.3125 , 5.0
38909912  , -5.012288 , 18.850561 , -1.0351465    , 0.0 , 0.0 , -1.0    ,-6.8125 , -45.3125 , -4.25
457764  , 1.607201 , 14.206022 , -3.445948    , 0.0 , 0.0 , -1.0    ,-6.8125 , -45.3125 , -4.25
39215087  , 1.607201 , 14.206022 , -3.445948    , 0.0 , 0.0 , -1.0    ,-4.75 , -44.5625 , -12.375
427246  , -5.8976107 , 10.18802 , -2.2201166    , 0.0 , 0.0 , -1.0    ,-4.75 , -44.5625 , -12.375
38879394  , -5.8976107 , 10.18802 , -2.2201166    , 0.0 , 0.0 , -1.0    ,-2.25 , -43.0625 , -19.1875
457763  , -0.53119355 , 8.662541 , 9.234595    , 0.0 , 0.0 , -1.0    ,-2.25 , -43.0625 , -19.1875
39306639  , -0.53119355 , 8.662541 , 9.234595    , 0.0 , 0.0 , -1.0    ,-0.1875 , -41.3125 , -22.875
427246  , -1.920469 , 6.742072 , 6.0474343    , 0.0 , 0.0 , -1.0    ,-0.1875 , -41.3125 , -22.875
38787841  , -1.920469 , 6.742072 , 6.0474343    , 0.0 , 0.0 , -1.0    ,2.625 , -39.8125 , -24.5625
427246  , -3.5276701 , 6.851035 , 5.9793324    , 0.0 , 0.0 , -1.0    ,2.625 , -39.8125 , -24.5625
39001464  , -3.5276701 , 6.851035 , 5.9793324    , 0.0 , 0.0 , -1.0    ,5.875 , -38.625 , -26.75
427246  , -2.4108016 , 6.1291566 , 5.243834    , 0.0 , 0.0 , -1.0    ,5.875 , -38.625 , -26.75
38879393  , -2.4108016 , 6.1291566 , 5.243834    , 0.0 , 0.0 , -1.0    ,7.4375 , -36.375 , -29.4375
427246  , -1.1441092 , 6.66035 , 10.119919    , 0.0 , 0.0 , -1.0    ,7.4375 , -36.375 , -29.4375
39154055  , -1.1441092 , 6.66035 , 10.119919    , 0.0 , 0.0 , -1.0    ,8.1875 , -34.875 , -32.125
427246  , -2.6014864 , 2.9147544 , 12.176591    , 0.0 , 0.0 , -1.0    ,8.1875 , -34.875 , -32.125
38879396  , -2.6014864 , 2.9147544 , 12.176591    , 0.0 , 0.0 , -1.0    ,8.4375 , -32.875 , -33.875
457763  , -1.879608 , 3.9090397 , 10.038197    , 0.0 , 0.0 , -1.0    ,8.4375 , -32.875 , -33.875
39459230  , -1.879608 , 3.9090397 , 10.038197    , 0.0 , 0.0 , -1.0    ,8.9375 , -31.4375 , -34.8125
427246  , -2.3426998 , 3.1463003 , 8.580819    , 0.0 , 0.0 , -1.0    ,8.9375 , -31.4375 , -34.8125
38757325  , -2.3426998 , 3.1463003 , 8.580819    , 0.0 , 0.0 , -1.0    ,9.6875 , -30.9375 , -35.8125
457764  , -3.255263 , 4.6036777 , 6.973618    , 0.0 , 0.0 , -1.0    ,9.6875 , -30.9375 , -35.8125
41351319  , -3.255263 , 4.6036777 , 6.973618    , 0.0 , 0.0 , -1.0    ,9.9375 , -30.4375 , -36.0625
47149658  , -2.1111538 , 4.2495484 , 10.460427    , 0.0 , 0.0 , -1.0    ,9.9375 , -30.4375 , -36.0625
976562  , -2.1111538 , 4.2495484 , 10.460427    , 0.0 , 0.0 , -1.0    ,9.9375 , -30.4375 , -36.3125
213623  , -1.6480621 , 4.5628166 , 11.032481    , 0.0 , 0.0 , -1.0    ,9.9375 , -30.4375 , -36.3125
