111968991  , 1.607201 , 1.1441092 , 10.038197    , 0.0 , 0.0 , -1.0    ,3.5 , 14.0 , -52.0625
213623  , 1.1849703 , 1.0760075 , 9.997335    , 0.0 , 0.0 , -1.0    ,3.5 , 14.0 , -52.0625
183106  , 1.1849703 , 1.0760075 , 9.997335    , 0.0 , 0.0 , -1.0    ,3.75 , 14.25 , -51.8125
213623  , 1.6889231 , 1.4982382 , 10.228881    , 0.0 , 0.0 , -1.0    ,3.75 , 14.25 , -51.8125
41931151  , 1.6889231 , 1.4982382 , 10.228881    , 0.0 , 0.0 , -1.0    ,3.5 , 13.5 , -51.5625
213623  , 1.7297841 , 1.7978859 , 10.119919    , 0.0 , 0.0 , -1.0    ,3.5 , 13.5 , -51.5625
37658692  , 1.7297841 , 1.7978859 , 10.119919    , 0.0 , 0.0 , -1.0    ,3.25 , 13.0 , -51.3125
976563  , 1.9477097 , 1.0351465 , 9.765789    , 0.0 , 0.0 , -1.0    ,3.25 , 13.0 , -51.3125
41839602  , 1.9477097 , 1.0351465 , 9.765789    , 0.0 , 0.0 , -1.0    ,2.75 , 13.0 , -51.125
213623  , 1.4573772 , 1.9885708 , 9.575105    , 0.0 , 0.0 , -1.0    ,2.75 , 13.0 , -51.125
46875000  , 1.4573772 , 1.9885708 , 9.575105    , 0.0 , 0.0 , -1.0    ,3.0 , 13.25 , -50.875
183106  , 1.4982382 , 1.5390993 , 9.234595    , 0.0 , 0.0 , -1.0    ,3.0 , 13.25 , -50.875
31188966  , 1.4982382 , 1.5390993 , 9.234595    , 0.0 , 0.0 , -1.0    ,3.75 , 14.25 , -51.125
4486084  , 2.3426998 , 2.4108016 , 9.043911    , 0.0 , 0.0 , -1.0    ,3.75 , 14.25 , -51.125
305176  , 2.3426998 , 2.4108016 , 9.043911    , 0.0 , 0.0 , -1.0    ,4.25 , 15.0 , -50.625
274659  , 3.405087 , 2.5333846 , 9.152874    , 0.0 , 0.0 , -1.0    ,4.25 , 15.0 , -50.625
30853272  , 3.405087 , 2.5333846 , 9.152874    , 0.0 , 0.0 , -1.0    ,5.25 , 15.5 , -50.375
976562  , 0.5720546 , 1.1168685 , 9.00305    , 0.0 , 0.0 , -1.0    ,5.25 , 15.5 , -50.375
45196534  , 0.5720546 , 1.1168685 , 9.00305    , 0.0 , 0.0 , -1.0    ,5.5 , 16.25 , -50.125
1281738  , -0.19068487 , 0.84446156 , 9.656827    , 0.0 , 0.0 , -1.0    ,5.5 , 16.25 , -50.125
43487548  , -0.19068487 , 0.84446156 , 9.656827    , 0.0 , 0.0 , -1.0    ,6.0 , 17.0 , -49.125
3814697  , 1.2258313 , 2.070293 , 10.269742    , 0.0 , 0.0 , -1.0    ,6.0 , 17.0 , -49.125
21667481  , 1.2258313 , 2.070293 , 10.269742    , 0.0 , 0.0 , -1.0    ,6.5625 , 16.75 , -48.625
213623  , 0.50395286 , 1.3756552 , 9.997335    , 0.0 , 0.0 , -1.0    ,6.5625 , 16.75 , -48.625
5004882  , 0.50395286 , 1.3756552 , 9.997335    , 0.0 , 0.0 , -1.0    ,7.5625 , 17.0 , -47.9375
213623  , 1.7297841 , 3.718355 , 10.378705    , 0.0 , 0.0 , -1.0    ,7.5625 , 17.0 , -47.9375
19744873  , 1.7297841 , 3.718355 , 10.378705    , 0.0 , 0.0 , -1.0    ,9.0625 , 17.25 , -47.6875
183105  , -0.53119355 , 3.9090397 , 10.119919    , 0.0 , 0.0 , -1.0    ,9.0625 , 17.25 , -47.6875
61126707  , -0.53119355 , 3.9090397 , 10.119919    , 0.0 , 0.0 , -1.0    ,11.125 , 17.25 , -46.9375
213623  , -3.9090397 , 0.7218784 , 9.234595    , 0.0 , 0.0 , -1.0    ,11.125 , 17.25 , -46.9375
26428222  , -3.9090397 , 0.7218784 , 9.234595    , 0.0 , 0.0 , -1.0    ,13.875 , 18.1875 , -46.1875
183105  , -3.5957718 , 2.1792557 , 9.234595    , 0.0 , 0.0 , -1.0    ,13.875 , 18.1875 , -46.1875
30609129  , -3.5957718 , 2.1792557 , 9.234595    , 0.0 , 0.0 , -1.0    ,16.4375 , 18.9375 , -45.25
305176  , -9.697687 , -0.27240697 , 7.082581    , 0.0 , 0.0 , -1.0    ,16.4375 , 18.9375 , -45.25
20721435  , -9.697687 , -0.27240697 , 7.082581    , 0.0 , 0.0 , -1.0    ,17.6875 , 20.4375 , -44.0
213623  , -12.680544 , -0.8036005 , 7.504812    , 0.0 , 0.0 , -1.0    ,17.6875 , 20.4375 , -44.0
30273438  , -12.680544 , -0.8036005 , 7.504812    , 0.0 , 0.0 , -1.0    ,17.4375 , 22.4375 , -43.25
183105  , -9.193735 , -3.336985 , 8.117727    , 0.0 , 0.0 , -1.0    ,17.4375 , 22.4375 , -43.25
33416750  , -9.193735 , -3.336985 , 8.117727    , 0.0 , 0.0 , -1.0    ,16.6875 , 24.1875 , -42.8125
213623  , -7.1234417 , -6.3607025 , 9.152874    , 0.0 , 0.0 , -1.0    ,16.6875 , 24.1875 , -42.8125
24566650  , -7.1234417 , -6.3607025 , 9.152874    , 0.0 , 0.0 , -1.0    ,15.1875 , 25.875 , -42.5625
183106  , -6.932757 , -6.2108784 , 8.962189    , 0.0 , 0.0 , -1.0    ,15.1875 , 25.875 , -42.5625
30609132  , -6.932757 , -6.2108784 , 8.962189    , 0.0 , 0.0 , -1.0    ,14.375 , 26.125 , -42.0625
1739502  , -7.014479 , -4.3312707 , 8.390134    , 0.0 , 0.0 , -1.0    ,14.375 , 26.125 , -42.0625
20385743  , -7.014479 , -4.3312707 , 8.390134    , 0.0 , 0.0 , -1.0    ,14.6875 , 25.375 , -42.0625
213623  , -5.8976107 , -4.5219555 , 8.281172    , 0.0 , 0.0 , -1.0    ,14.6875 , 25.375 , -42.0625
88562012  , -5.8976107 , -4.5219555 , 8.281172    , 0.0 , 0.0 , -1.0    ,15.1875 , 24.4375 , -42.0625
305175  , -2.3426998 , -7.8589406 , 8.390134    , 0.0 , 0.0 , -1.0    ,15.1875 , 24.4375 , -42.0625
274658  , -2.3426998 , -7.8589406 , 8.390134    , 0.0 , 0.0 , -1.0    ,15.1875 , 22.9375 , -41.8125
183105  , 1.0760075 , -9.697687 , 8.689782    , 0.0 , 0.0 , -1.0    ,15.1875 , 22.9375 , -41.8125
25909424  , 1.0760075 , -9.697687 , 8.689782    , 0.0 , 0.0 , -1.0    ,14.6875 , 21.6875 , -41.8125
183106  , -0.7627395 , -7.8589406 , 9.915613    , 0.0 , 0.0 , -1.0    ,14.6875 , 21.6875 , -41.8125
29937744  , -0.7627395 , -7.8589406 , 9.915613    , 0.0 , 0.0 , -1.0    ,14.125 , 20.9375 , -41.5625
213623  , 0.61291564 , -14.328606 , 10.269742    , 0.0 , 0.0 , -1.0    ,14.125 , 20.9375 , -41.5625
28411865  , 0.61291564 , -14.328606 , 10.269742    , 0.0 , 0.0 , -1.0    ,12.875 , 20.1875 , -41.5625
183105  , 5.012288 , -17.774553 , 10.501288    , 0.0 , 0.0 , -1.0    ,12.875 , 20.1875 , -41.5625
29602051  , 5.012288 , -17.774553 , 10.501288    , 0.0 , 0.0 , -1.0    ,10.875 , 19.1875 , -42.5625
5035400  , 7.1234417 , -13.906375 , 10.923519    , 0.0 , 0.0 , -1.0    ,10.875 , 19.1875 , -42.5625
23223876  , 7.1234417 , -13.906375 , 10.923519    , 0.0 , 0.0 , -1.0    ,8.3125 , 18.1875 , -43.75
183106  , 7.7772183 , -12.789507 , 8.471856    , 0.0 , 0.0 , -1.0    ,8.3125 , 18.1875 , -43.75
22644042  , 7.7772183 , -12.789507 , 8.471856    , 0.0 , 0.0 , -1.0    ,3.75 , 16.75 , -45.25
244140  , 10.228881 , -17.583868 , 3.9090397    , 0.0 , 0.0 , -1.0    ,3.75 , 16.75 , -45.25
20690917  , 10.228881 , -17.583868 , 3.9090397    , 0.0 , 0.0 , -1.0    ,-2.125 , 14.25 , -45.9375
213623  , 12.367276 , -8.771504 , 1.7978859    , 0.0 , 0.0 , -1.0    ,-2.125 , 14.25 , -45.9375
30212402  , 12.367276 , -8.771504 , 1.7978859    , 0.0 , 0.0 , -1.0    ,-7.9375 , 12.0 , -45.9375
213623  , 10.841797 , -5.5571017 , 0.27240697    , 0.0 , 0.0 , -1.0    ,-7.9375 , 12.0 , -45.9375
33508299  , 10.841797 , -5.5571017 , 0.27240697    , 0.0 , 0.0 , -1.0    ,-13.5 , 10.3125 , -45.75
213623  , 8.499097 , -2.7513103 , -0.8036005    , 0.0 , 0.0 , -1.0    ,-13.5 , 10.3125 , -45.75
12176514  , 8.499097 , -2.7513103 , -0.8036005    , 0.0 , 0.0 , -1.0    ,-18.5625 , 8.5625 , -44.75
213623  , 11.454713 , 3.718355 , -0.7627395    , 0.0 , 0.0 , -1.0    ,-18.5625 , 8.5625 , -44.75
29327394  , 11.454713 , 3.718355 , -0.7627395    , 0.0 , 0.0 , -1.0    ,-22.875 , 8.5625 , -43.25
213623  , 11.836082 , 5.407278 , -0.88532263    , 0.0 , 0.0 , -1.0    ,-22.875 , 8.5625 , -43.25
39337160  , 11.836082 , 5.407278 , -0.88532263    , 0.0 , 0.0 , -1.0    ,-26.1875 , 9.0625 , -41.8125
183105  , 12.789507 , 5.706926 , -0.84446156    , 0.0 , 0.0 , -1.0    ,-26.1875 , 9.0625 , -41.8125
29510499  , 12.789507 , 5.706926 , -0.84446156    , 0.0 , 0.0 , -1.0    ,-29.75 , 7.8125 , -40.5625
183105  , 18.578154 , 4.8216033 , -1.607201    , 0.0 , 0.0 , -1.0    ,-29.75 , 7.8125 , -40.5625
38757326  , 18.578154 , 4.8216033 , -1.607201    , 0.0 , 0.0 , -1.0    ,-31.0 , 7.0625 , -39.875
244141  , 16.249075 , 6.2789803 , -2.6832085    , 0.0 , 0.0 , -1.0    ,-31.0 , 7.0625 , -39.875
39062501  , 16.249075 , 6.2789803 , -2.6832085    , 0.0 , 0.0 , -1.0    ,-30.75 , 4.3125 , -41.0625
183105  , 7.9270425 , 7.43671 , -2.5606253    , 0.0 , 0.0 , -1.0    ,-30.75 , 4.3125 , -41.0625
29754639  , 7.9270425 , 7.43671 , -2.5606253    , 0.0 , 0.0 , -1.0    ,-29.0 , 0.875 , -43.0
305176  , 1.7978859 , 10.841797 , -0.7627395    , 0.0 , 0.0 , -1.0    ,-29.0 , 0.875 , -43.0
39306641  , 1.7978859 , 10.841797 , -0.7627395    , 0.0 , 0.0 , -1.0    ,-24.6875 , -1.875 , -45.5
366211  , -0.08172209 , 11.985906 , 0.8036005    , 0.0 , 0.0 , -1.0    ,-24.6875 , -1.875 , -45.5
39459228  , -0.08172209 , 11.985906 , 0.8036005    , 0.0 , 0.0 , -1.0    ,-20.125 , -5.3125 , -48.4375
366210  , -5.8976107 , 11.958665 , 0.46309182    , 0.0 , 0.0 , -1.0    ,-20.125 , -5.3125 , -48.4375
39062500  , -5.8976107 , 11.958665 , 0.46309182    , 0.0 , 0.0 , -1.0    ,-14.5 , -7.0625 , -50.875
366211  , -11.372991 , 13.184497 , -0.3405087    , 0.0 , 0.0 , -1.0    ,-14.5 , -7.0625 , -50.875
73333738  , -11.372991 , 13.184497 , -0.3405087    , 0.0 , 0.0 , -1.0    ,-9.1875 , -7.0625 , -52.0625
213623  , -14.396708 , 8.049625 , -1.607201    , 0.0 , 0.0 , -1.0    ,-9.1875 , -7.0625 , -52.0625
213623  , -14.396708 , 8.049625 , -1.607201    , 0.0 , 0.0 , -1.0    ,-3.625 , -6.0625 , -52.5625
183106  , -19.6133 , 6.4424243 , 0.42223078    , 0.0 , 0.0 , -1.0    ,-3.625 , -6.0625 , -52.5625
25756835  , -19.6133 , 6.4424243 , 0.42223078    , 0.0 , 0.0 , -1.0    ,0.6875 , -2.375 , -52.8125
213623  , -19.000385 , 4.140586 , 1.1168685    , 0.0 , 0.0 , -1.0    ,0.6875 , -2.375 , -52.8125
37933348  , -19.000385 , 4.140586 , 1.1168685    , 0.0 , 0.0 , -1.0    ,3.25 , 2.625 , -52.0625
213623  , -18.578154 , -5.9793324 , 3.405087    , 0.0 , 0.0 , -1.0    ,3.25 , 2.625 , -52.0625
30090331  , -18.578154 , -5.9793324 , 3.405087    , 0.0 , 0.0 , -1.0    ,5.5 , 8.0625 , -51.8125
213623  , -19.6133 , -9.234595 , 4.903325    , 0.0 , 0.0 , -1.0    ,5.5 , 8.0625 , -51.8125
39184572  , -19.6133 , -9.234595 , 4.903325    , 0.0 , 0.0 , -1.0    ,5.75 , 14.0 , -50.875
183105  , -19.381754 , -12.53072 , 5.012288    , 0.0 , 0.0 , -1.0    ,5.75 , 14.0 , -50.875
29876710  , -19.381754 , -12.53072 , 5.012288    , 0.0 , 0.0 , -1.0    ,7.5625 , 18.6875 , -49.125
366211  , -19.272793 , -19.531578 , 3.9090397    , 0.0 , 0.0 , -1.0    ,7.5625 , 18.6875 , -49.125
39764406  , -19.272793 , -19.531578 , 3.9090397    , 0.0 , 0.0 , -1.0    ,10.0625 , 22.6875 , -47.4375
488281  , -17.774553 , -19.6133 , 6.701211    , 0.0 , 0.0 , -1.0    ,10.0625 , 22.6875 , -47.4375
37414552  , -17.774553 , -19.6133 , 6.701211    , 0.0 , 0.0 , -1.0    ,13.125 , 24.6875 , -44.75
244141  , -17.733692 , -19.6133 , 4.399372    , 0.0 , 0.0 , -1.0    ,13.125 , 24.6875 , -44.75
38421631  , -17.733692 , -19.6133 , 4.399372    , 0.0 , 0.0 , -1.0    ,16.4375 , 25.625 , -42.3125
183105  , -10.147159 , -19.6133 , 5.6660647    , 0.0 , 0.0 , -1.0    ,16.4375 , 25.625 , -42.3125
30639649  , -10.147159 , -19.6133 , 5.6660647    , 0.0 , 0.0 , -1.0    ,19.0 , 25.125 , -40.3125
305176  , -5.597963 , -19.6133 , 6.6331096    , 0.0 , 0.0 , -1.0    ,19.0 , 25.125 , -40.3125
39520264  , -5.597963 , -19.6133 , 6.6331096    , 0.0 , 0.0 , -1.0    ,20.25 , 23.6875 , -39.125
335693  , 2.7649305 , -19.6133 , 9.384419    , 0.0 , 0.0 , -1.0    ,20.25 , 23.6875 , -39.125
39337158  , 2.7649305 , -19.6133 , 9.384419    , 0.0 , 0.0 , -1.0    ,19.0 , 22.1875 , -38.875
457764  , 10.147159 , -19.6133 , 8.812365    , 0.0 , 0.0 , -1.0    ,19.0 , 22.1875 , -38.875
59692382  , 10.147159 , -19.6133 , 8.812365    , 0.0 , 0.0 , -1.0    ,16.1875 , 19.6875 , -40.125
183105  , 10.119919 , -19.6133 , 3.9499009    , 0.0 , 0.0 , -1.0    ,16.1875 , 19.6875 , -40.125
47912597  , 10.119919 , -19.6133 , 3.9499009    , 0.0 , 0.0 , -1.0    ,10.625 , 17.9375 , -42.0625
183106  , 13.021052 , -19.6133 , -2.4108016    , 0.0 , 0.0 , -1.0    ,10.625 , 17.9375 , -42.0625
24139403  , 13.021052 , -19.6133 , -2.4108016    , 0.0 , 0.0 , -1.0    ,4.25 , 16.0 , -43.75
213623  , 14.560152 , -18.727978 , -4.903325    , 0.0 , 0.0 , -1.0    ,4.25 , 16.0 , -43.75
31005859  , 14.560152 , -18.727978 , -4.903325    , 0.0 , 0.0 , -1.0    ,-1.8125 , 14.25 , -45.5
6927490  , 12.980191 , -12.258313 , -4.7535014    , 0.0 , 0.0 , -1.0    ,-1.8125 , 14.25 , -45.5
16448974  , 12.980191 , -12.258313 , -4.7535014    , 0.0 , 0.0 , -1.0    ,-7.6875 , 13.0 , -45.9375
183105  , 6.5922484 , -3.636633 , -5.012288    , 0.0 , 0.0 , -1.0    ,-7.6875 , 13.0 , -45.9375
38085938  , 6.5922484 , -3.636633 , -5.012288    , 0.0 , 0.0 , -1.0    ,-13.25 , 11.25 , -45.5
183106  , 9.302697 , -2.1111538 , -4.5900574    , 0.0 , 0.0 , -1.0    ,-13.25 , 11.25 , -45.5
22583009  , 9.302697 , -2.1111538 , -4.5900574    , 0.0 , 0.0 , -1.0    ,-18.5625 , 10.5625 , -44.5
183106  , 13.565866 , -0.08172209 , -2.7921712    , 0.0 , 0.0 , -1.0    ,-18.5625 , 10.5625 , -44.5
17303468  , 13.565866 , -0.08172209 , -2.7921712    , 0.0 , 0.0 , -1.0    ,-23.6875 , 9.3125 , -43.0
305176  , 17.815414 , 0.92618364 , -2.6832085    , 0.0 , 0.0 , -1.0    ,-23.6875 , 9.3125 , -43.0
36926270  , 17.815414 , 0.92618364 , -2.6832085    , 0.0 , 0.0 , -1.0    ,-27.75 , 7.8125 , -41.8125
213623  , 19.340895 , -1.1168685 , -4.862464    , 0.0 , 0.0 , -1.0    ,-27.75 , 7.8125 , -41.8125
38757325  , 19.340895 , -1.1168685 , -4.862464    , 0.0 , 0.0 , -1.0    ,-29.25 , 5.3125 , -41.0625
335694  , 16.276316 , 1.0351465 , -5.6252036    , 0.0 , 0.0 , -1.0    ,-29.25 , 5.3125 , -41.0625
8697510  , 16.276316 , 1.0351465 , -5.6252036    , 0.0 , 0.0 , -1.0    ,-29.25 , 1.375 , -41.5625
213623  , 11.073342 , 3.445948 , -5.938472    , 0.0 , 0.0 , -1.0    ,-29.25 , 1.375 , -41.5625
213623  , 11.073342 , 3.445948 , -5.938472    , 0.0 , 0.0 , -1.0    ,-27.75 , -3.125 , -42.8125
213624  , 7.164303 , 6.510526 , -4.5900574    , 0.0 , 0.0 , -1.0    ,-27.75 , -3.125 , -42.8125
213623  , 7.164303 , 6.510526 , -4.5900574    , 0.0 , 0.0 , -1.0    ,-23.1875 , -7.8125 , -44.5
213623  , 2.3699405 , 7.205164 , -2.2201166    , 0.0 , 0.0 , -1.0    ,-23.1875 , -7.8125 , -44.5
38909912  , 2.3699405 , 7.205164 , -2.2201166    , 0.0 , 0.0 , -1.0    ,-17.8125 , -11.5 , -47.1875
213623  , -7.04172 , 7.9270425 , -2.9556155    , 0.0 , 0.0 , -1.0    ,-17.8125 , -11.5 , -47.1875
29083252  , -7.04172 , 7.9270425 , -2.9556155    , 0.0 , 0.0 , -1.0    ,-11.0 , -14.0 , -48.875
183105  , -10.419566 , 14.818938 , -5.47538    , 0.0 , 0.0 , -1.0    ,-11.0 , -14.0 , -48.875
39093017  , -10.419566 , 14.818938 , -5.47538    , 0.0 , 0.0 , -1.0    ,-2.625 , -14.5 , -50.125
335693  , -18.619015 , 12.067628 , -8.008764    , 0.0 , 0.0 , -1.0    ,-2.625 , -14.5 , -50.125
39947509  , -18.619015 , 12.067628 , -8.008764    , 0.0 , 0.0 , -1.0    ,3.25 , -11.75 , -51.125
183106  , -19.6133 , 4.5219555 , -3.214402    , 0.0 , 0.0 , -1.0    ,3.25 , -11.75 , -51.125
38787841  , -19.6133 , 4.5219555 , -3.214402    , 0.0 , 0.0 , -1.0    ,7.8125 , -6.8125 , -50.875
183105  , -19.6133 , -0.46309182 , 0.7627395    , 0.0 , 0.0 , -1.0    ,7.8125 , -6.8125 , -50.875
29174803  , -19.6133 , -0.46309182 , 0.7627395    , 0.0 , 0.0 , -1.0    ,10.625 , -0.375 , -50.625
213623  , -19.6133 , -0.8036005 , 1.4165162    , 0.0 , 0.0 , -1.0    ,10.625 , -0.375 , -50.625
30395507  , -19.6133 , -0.8036005 , 1.4165162    , 0.0 , 0.0 , -1.0    ,10.625 , 6.3125 , -50.625
274658  , -19.340895 , -10.460427 , 1.0351465    , 0.0 , 0.0 , -1.0    ,10.625 , 6.3125 , -50.625
39520264  , -19.340895 , -10.460427 , 1.0351465    , 0.0 , 0.0 , -1.0    ,10.625 , 12.0 , -49.875
305176  , -16.88923 , -15.322891 , 2.2609777    , 0.0 , 0.0 , -1.0    ,10.625 , 12.0 , -49.875
39489748  , -16.88923 , -15.322891 , 2.2609777    , 0.0 , 0.0 , -1.0    ,12.375 , 17.0 , -48.625
335693  , -18.578154 , -19.463476 , 3.8681788    , 0.0 , 0.0 , -1.0    ,12.375 , 17.0 , -48.625
38604738  , -18.578154 , -19.463476 , 3.8681788    , 0.0 , 0.0 , -1.0    ,14.9375 , 20.1875 , -46.6875
366211  , -18.959524 , -19.6133 , 6.851035    , 0.0 , 0.0 , -1.0    ,14.9375 , 20.1875 , -46.6875
40405274  , -18.959524 , -19.6133 , 6.851035    , 0.0 , 0.0 , -1.0    ,19.25 , 22.4375 , -43.75
213623  , -16.467001 , -19.6133 , 11.985906    , 0.0 , 0.0 , -1.0    ,19.25 , 22.4375 , -43.75
38452149  , -16.467001 , -19.6133 , 11.985906    , 0.0 , 0.0 , -1.0    ,23.5625 , 22.6875 , -41.0625
213623  , -15.431854 , -19.6133 , 13.0619135    , 0.0 , 0.0 , -1.0    ,23.5625 , 22.6875 , -41.0625
29052734  , -15.431854 , -19.6133 , 13.0619135    , 0.0 , 0.0 , -1.0    ,25.0625 , 20.9375 , -39.125
244140  , -6.2789803 , -19.6133 , 10.378705    , 0.0 , 0.0 , -1.0    ,25.0625 , 20.9375 , -39.125
29785157  , -6.2789803 , -19.6133 , 10.378705    , 0.0 , 0.0 , -1.0    ,24.3125 , 18.9375 , -38.625
244141  , 3.405087 , -19.6133 , 10.691973    , 0.0 , 0.0 , -1.0    ,24.3125 , 18.9375 , -38.625
38909912  , 3.405087 , -19.6133 , 10.691973    , 0.0 , 0.0 , -1.0    ,21.5 , 16.0 , -40.125
213623  , 6.782933 , -19.6133 , 7.3958488    , 0.0 , 0.0 , -1.0    ,21.5 , 16.0 , -40.125
29541016  , 6.782933 , -19.6133 , 7.3958488    , 0.0 , 0.0 , -1.0    ,16.6875 , 13.25 , -42.3125
244141  , 9.384419 , -19.6133 , 0.23154591    , 0.0 , 0.0 , -1.0    ,16.6875 , 13.25 , -42.3125
30334472  , 9.384419 , -19.6133 , 0.23154591    , 0.0 , 0.0 , -1.0    ,11.375 , 10.5625 , -44.5
274659  , 10.419566 , -19.6133 , -2.2201166    , 0.0 , 0.0 , -1.0    ,11.375 , 10.5625 , -44.5
88195799  , 10.419566 , -19.6133 , -2.2201166    , 0.0 , 0.0 , -1.0    ,5.5 , 8.5625 , -46.4375
274659  , 10.378705 , -17.393185 , -4.140586    , 0.0 , 0.0 , -1.0    ,5.5 , 8.5625 , -46.4375
5950928  , 10.378705 , -17.393185 , -4.140586    , 0.0 , 0.0 , -1.0    ,-1.8125 , 7.5625 , -46.9375
1770019  , 11.795221 , -8.499097 , -5.8158884    , 0.0 , 0.0 , -1.0    ,-1.8125 , 7.5625 , -46.9375
11657715  , 11.795221 , -8.499097 , -5.8158884    , 0.0 , 0.0 , -1.0    ,-9.4375 , 7.0625 , -46.4375
213623  , 9.724928 , -4.372132 , -5.47538    , 0.0 , 0.0 , -1.0    ,-9.4375 , 7.0625 , -46.4375
39184568  , 9.724928 , -4.372132 , -5.47538    , 0.0 , 0.0 , -1.0    ,-16.8125 , 7.0625 , -45.25
183105  , 17.2025 , -3.718355 , -6.0882955    , 0.0 , 0.0 , -1.0    ,-16.8125 , 7.0625 , -45.25
29876709  , 17.2025 , -3.718355 , -6.0882955    , 0.0 , 0.0 , -1.0    ,-22.875 , 5.3125 , -44.0
244141  , 17.052675 , -3.5957718 , -7.6954966    , 0.0 , 0.0 , -1.0    ,-22.875 , 5.3125 , -44.0
29266359  , 17.052675 , -3.5957718 , -7.6954966    , 0.0 , 0.0 , -1.0    ,-27.25 , 2.375 , -42.5625
244141  , 13.143636 , -0.5720546 , -9.084772    , 0.0 , 0.0 , -1.0    ,-27.25 , 2.375 , -42.5625
29968263  , 13.143636 , -0.5720546 , -9.084772    , 0.0 , 0.0 , -1.0    ,-28.5 , -2.625 , -42.0625
305175  , 12.14935 , 1.6889231 , -7.3958488    , 0.0 , 0.0 , -1.0    ,-28.5 , -2.625 , -42.0625
39459230  , 12.14935 , 1.6889231 , -7.3958488    , 0.0 , 0.0 , -1.0    ,-26.9375 , -8.3125 , -42.5625
305175  , 3.9090397 , -1.1441092 , -4.2495484    , 0.0 , 0.0 , -1.0    ,-26.9375 , -8.3125 , -42.5625
38665772  , 3.9090397 , -1.1441092 , -4.2495484    , 0.0 , 0.0 , -1.0    ,-21.625 , -14.25 , -42.8125
305176  , -3.3642259 , 1.0760075 , 0.6946377    , 0.0 , 0.0 , -1.0    ,-21.625 , -14.25 , -42.8125
39398194  , -3.3642259 , 1.0760075 , 0.6946377    , 0.0 , 0.0 , -1.0    ,-14.0 , -19.6875 , -44.0
305176  , -13.402422 , 10.991621 , -4.5900574    , 0.0 , 0.0 , -1.0    ,-14.0 , -19.6875 , -44.0
29693604  , -13.402422 , 10.991621 , -4.5900574    , 0.0 , 0.0 , -1.0    ,-4.375 , -22.6875 , -44.75
305176  , -7.9270425 , 8.008764 , -13.593107    , 0.0 , 0.0 , -1.0    ,-4.375 , -22.6875 , -44.75
38696289  , -7.9270425 , 8.008764 , -13.593107    , 0.0 , 0.0 , -1.0    ,6.0 , -23.9375 , -45.0
183105  , -19.340895 , 13.184497 , -13.906375    , 0.0 , 0.0 , -1.0    ,6.0 , -23.9375 , -45.0
29693603  , -19.340895 , 13.184497 , -13.906375    , 0.0 , 0.0 , -1.0    ,12.875 , -20.4375 , -46.4375
335693  , -17.270601 , 6.2789803 , -6.701211    , 0.0 , 0.0 , -1.0    ,12.875 , -20.4375 , -46.4375
59112548  , -17.270601 , 6.2789803 , -6.701211    , 0.0 , 0.0 , -1.0    ,18.4375 , -14.5 , -47.6875
671387  , -16.126492 , 0.8036005 , -3.0237172    , 0.0 , 0.0 , -1.0    ,18.4375 , -14.5 , -47.6875
40252685  , -16.126492 , 0.8036005 , -3.0237172    , 0.0 , 0.0 , -1.0    ,20.5 , -6.3125 , -48.4375
213623  , -19.000385 , -8.349273 , -0.9125633    , 0.0 , 0.0 , -1.0    ,20.5 , -6.3125 , -48.4375
37841796  , -19.000385 , -8.349273 , -0.9125633    , 0.0 , 0.0 , -1.0    ,20.5 , 3.125 , -48.4375
183106  , -16.84837 , -12.340035 , 0.7627395    , 0.0 , 0.0 , -1.0    ,20.5 , 3.125 , -48.4375
40313719  , -16.84837 , -12.340035 , 0.7627395    , 0.0 , 0.0 , -1.0    ,21.25 , 10.5625 , -46.6875
274658  , -19.504337 , -19.000385 , 3.1463003    , 0.0 , 0.0 , -1.0    ,21.25 , 10.5625 , -46.6875
39581299  , -19.504337 , -19.000385 , 3.1463003    , 0.0 , 0.0 , -1.0    ,22.5 , 16.5 , -44.25
305176  , -19.6133 , -19.6133 , 4.7126403    , 0.0 , 0.0 , -1.0    ,22.5 , 16.5 , -44.25
39184572  , -19.6133 , -19.6133 , 4.7126403    , 0.0 , 0.0 , -1.0    ,25.3125 , 19.4375 , -41.3125
366211  , -18.428331 , -19.6133 , 7.246025    , 0.0 , 0.0 , -1.0    ,25.3125 , 19.4375 , -41.3125
39001466  , -18.428331 , -19.6133 , 7.246025    , 0.0 , 0.0 , -1.0    ,27.375 , 20.1875 , -38.875
335693  , -13.143636 , -19.6133 , 9.234595    , 0.0 , 0.0 , -1.0    ,27.375 , 20.1875 , -38.875
40130616  , -13.143636 , -19.6133 , 9.234595    , 0.0 , 0.0 , -1.0    ,28.375 , 19.4375 , -36.9375
183106  , -5.202973 , -19.6133 , 10.18802    , 0.0 , 0.0 , -1.0    ,28.375 , 19.4375 , -36.9375
38848878  , -5.202973 , -19.6133 , 10.18802    , 0.0 , 0.0 , -1.0    ,28.625 , 17.25 , -36.4375
305175  , -4.2086873 , -19.6133 , 11.223166    , 0.0 , 0.0 , -1.0    ,28.625 , 17.25 , -36.4375
70007325  , -4.2086873 , -19.6133 , 11.223166    , 0.0 , 0.0 , -1.0    ,26.0625 , 14.25 , -37.875
244141  , 1.7978859 , -19.6133 , 7.246025    , 0.0 , 0.0 , -1.0    ,26.0625 , 14.25 , -37.875
213623  , 1.7978859 , -19.6133 , 7.246025    , 0.0 , 0.0 , -1.0    ,22.25 , 11.25 , -40.3125
183106  , 8.62168 , -19.6133 , 2.9556155    , 0.0 , 0.0 , -1.0    ,22.25 , 11.25 , -40.3125
17272949  , 8.62168 , -19.6133 , 2.9556155    , 0.0 , 0.0 , -1.0    ,17.4375 , 8.0625 , -42.8125
823974  , 11.141444 , -19.6133 , -0.08172209    , 0.0 , 0.0 , -1.0    ,17.4375 , 8.0625 , -42.8125
38330077  , 11.141444 , -19.6133 , -0.08172209    , 0.0 , 0.0 , -1.0    ,10.625 , 5.8125 , -45.5
1037598  , 11.795221 , -19.300034 , -2.7240696    , 0.0 , 0.0 , -1.0    ,10.625 , 5.8125 , -45.5
29052734  , 11.795221 , -19.300034 , -2.7240696    , 0.0 , 0.0 , -1.0    ,2.25 , 4.5625 , -47.1875
244140  , 15.894946 , -10.419566 , -4.440233    , 0.0 , 0.0 , -1.0    ,2.25 , 4.5625 , -47.1875
40252685  , 15.894946 , -10.419566 , -4.440233    , 0.0 , 0.0 , -1.0    ,-5.875 , 3.5625 , -47.4375
305176  , 12.14935 , -4.5219555 , -4.4810944    , 0.0 , 0.0 , -1.0    ,-5.875 , 3.5625 , -47.4375
47668456  , 12.14935 , -4.5219555 , -4.4810944    , 0.0 , 0.0 , -1.0    ,-14.5 , 2.875 , -46.6875
305176  , 13.0619135 , -3.255263 , -4.903325    , 0.0 , 0.0 , -1.0    ,-14.5 , 2.875 , -46.6875
28961180  , 13.0619135 , -3.255263 , -4.903325    , 0.0 , 0.0 , -1.0    ,-22.625 , 0.375 , -44.75
213623  , 19.504337 , -1.6480621 , -5.47538    , 0.0 , 0.0 , -1.0    ,-22.625 , 0.375 , -44.75
29388426  , 19.504337 , -1.6480621 , -5.47538    , 0.0 , 0.0 , -1.0    ,-26.9375 , -3.5625 , -42.5625
213623  , 15.132206 , -0.7218784 , -6.469665    , 0.0 , 0.0 , -1.0    ,-26.9375 , -3.5625 , -42.5625
29846192  , 15.132206 , -0.7218784 , -6.469665    , 0.0 , 0.0 , -1.0    ,-29.0 , -8.8125 , -41.3125
244141  , 6.469665 , 1.6889231 , -6.1700177    , 0.0 , 0.0 , -1.0    ,-29.0 , -8.8125 , -41.3125
29327394  , 6.469665 , 1.6889231 , -6.1700177    , 0.0 , 0.0 , -1.0    ,-27.75 , -14.75 , -41.0625
213623  , 5.6252036 , 4.372132 , -5.434519    , 0.0 , 0.0 , -1.0    ,-27.75 , -14.75 , -41.0625
30242921  , 5.6252036 , 4.372132 , -5.434519    , 0.0 , 0.0 , -1.0    ,-23.4375 , -19.4375 , -41.3125
274658  , 4.862464 , 4.862464 , -4.5628166    , 0.0 , 0.0 , -1.0    ,-23.4375 , -19.4375 , -41.3125
39367677  , 4.862464 , 4.862464 , -4.5628166    , 0.0 , 0.0 , -1.0    ,-17.5625 , -22.4375 , -42.3125
335694  , -8.117727 , 6.238119 , -5.134871    , 0.0 , 0.0 , -1.0    ,-17.5625 , -22.4375 , -42.3125
38879396  , -8.117727 , 6.238119 , -5.134871    , 0.0 , 0.0 , -1.0    ,-11.0 , -24.4375 , -43.75
335693  , -5.434519 , 11.032481 , -5.938472    , 0.0 , 0.0 , -1.0    ,-11.0 , -24.4375 , -43.75
40191651  , -5.434519 , 11.032481 , -5.938472    , 0.0 , 0.0 , -1.0    ,-2.875 , -24.1875 , -45.25
366211  , -12.721405 , 6.5922484 , -10.079058    , 0.0 , 0.0 , -1.0    ,-2.875 , -24.1875 , -45.25
38909912  , -12.721405 , 6.5922484 , -10.079058    , 0.0 , 0.0 , -1.0    ,5.25 , -21.9375 , -46.6875
366211  , -19.6133 , 10.119919 , -4.0180025    , 0.0 , 0.0 , -1.0    ,5.25 , -21.9375 , -46.6875
38665772  , -19.6133 , 10.119919 , -4.0180025    , 0.0 , 0.0 , -1.0    ,10.875 , -17.0 , -47.9375
366211  , -19.109348 , 0.46309182 , 0.6537767    , 0.0 , 0.0 , -1.0    ,10.875 , -17.0 , -47.9375
39520264  , -19.109348 , 0.46309182 , 0.6537767    , 0.0 , 0.0 , -1.0    ,15.9375 , -10.0625 , -48.4375
335694  , -19.6133 , -1.6480621 , 5.053149    , 0.0 , 0.0 , -1.0    ,15.9375 , -10.0625 , -48.4375
38940429  , -19.6133 , -1.6480621 , 5.053149    , 0.0 , 0.0 , -1.0    ,17.6875 , -3.125 , -48.625
335693  , -19.6133 , -9.234595 , 8.853226    , 0.0 , 0.0 , -1.0    ,17.6875 , -3.125 , -48.625
39245604  , -19.6133 , -9.234595 , 8.853226    , 0.0 , 0.0 , -1.0    ,18.4375 , 3.125 , -48.4375
335694  , -19.6133 , -12.912089 , 8.853226    , 0.0 , 0.0 , -1.0    ,18.4375 , 3.125 , -48.4375
40039061  , -19.6133 , -12.912089 , 8.853226    , 0.0 , 0.0 , -1.0    ,19.5 , 6.8125 , -48.1875
457764  , -18.04696 , -18.727978 , 10.651112    , 0.0 , 0.0 , -1.0    ,19.5 , 6.8125 , -48.1875
38665770  , -18.04696 , -18.727978 , 10.651112    , 0.0 , 0.0 , -1.0    ,20.25 , 8.8125 , -46.9375
427246  , -14.941522 , -19.6133 , 13.293459    , 0.0 , 0.0 , -1.0    ,20.25 , 8.8125 , -46.9375
64880372  , -14.941522 , -19.6133 , 13.293459    , 0.0 , 0.0 , -1.0    ,21.0 , 9.3125 , -45.5
274658  , -9.466142 , -19.6133 , 12.367276    , 0.0 , 0.0 , -1.0    ,21.0 , 9.3125 , -45.5
1983643  , -9.466142 , -19.6133 , 12.367276    , 0.0 , 0.0 , -1.0    ,21.25 , 8.8125 , -44.75
213623  , -4.671779 , -19.6133 , 16.017529    , 0.0 , 0.0 , -1.0    ,21.25 , 8.8125 , -44.75
28900147  , -4.671779 , -19.6133 , 16.017529    , 0.0 , 0.0 , -1.0    ,21.0 , 6.8125 , -43.5
213623  , -0.040861044 , -19.6133 , 16.04477    , 0.0 , 0.0 , -1.0    ,21.0 , 6.8125 , -43.5
29541017  , -0.040861044 , -19.6133 , 16.04477    , 0.0 , 0.0 , -1.0    ,20.25 , 5.0625 , -44.0
244141  , 5.09401 , -19.6133 , 15.595298    , 0.0 , 0.0 , -1.0    ,20.25 , 5.0625 , -44.0
30700684  , 5.09401 , -19.6133 , 15.595298    , 0.0 , 0.0 , -1.0    ,18.6875 , 2.375 , -45.25
335693  , 4.671779 , -19.6133 , 12.53072    , 0.0 , 0.0 , -1.0    ,18.6875 , 2.375 , -45.25
38513184  , 4.671779 , -19.6133 , 12.53072    , 0.0 , 0.0 , -1.0    ,14.6875 , -0.125 , -45.75
335694  , 9.915613 , -19.6133 , 7.164303    , 0.0 , 0.0 , -1.0    ,14.6875 , -0.125 , -45.75
40191651  , 9.915613 , -19.6133 , 7.164303    , 0.0 , 0.0 , -1.0    ,9.3125 , -1.125 , -47.1875
366211  , 11.413852 , -19.15021 , 2.5333846    , 0.0 , 0.0 , -1.0    ,9.3125 , -1.125 , -47.1875
38299561  , 11.413852 , -19.15021 , 2.5333846    , 0.0 , 0.0 , -1.0    ,1.1875 , -2.375 , -47.4375
366210  , 16.821129 , -12.789507 , -2.7513103    , 0.0 , 0.0 , -1.0    ,1.1875 , -2.375 , -47.4375
39642334  , 16.821129 , -12.789507 , -2.7513103    , 0.0 , 0.0 , -1.0    ,-7.6875 , -2.625 , -46.9375
427246  , 14.519291 , -5.202973 , -3.8681788    , 0.0 , 0.0 , -1.0    ,-7.6875 , -2.625 , -46.9375
38787842  , 14.519291 , -5.202973 , -3.8681788    , 0.0 , 0.0 , -1.0    ,-16.0625 , -2.875 , -46.4375
457763  , 14.628253 , -3.5276701 , -6.0201936    , 0.0 , 0.0 , -1.0    ,-16.0625 , -2.875 , -46.4375
39276122  , 14.628253 , -3.5276701 , -6.0201936    , 0.0 , 0.0 , -1.0    ,-23.4375 , -5.8125 , -43.75
427246  , 19.504337 , -0.08172209 , -8.158588    , 0.0 , 0.0 , -1.0    ,-23.4375 , -5.8125 , -43.75
38787841  , 19.504337 , -0.08172209 , -8.158588    , 0.0 , 0.0 , -1.0    ,-27.75 , -10.3125 , -41.0625
457764  , 12.176591 , 3.336985 , -9.466142    , 0.0 , 0.0 , -1.0    ,-27.75 , -10.3125 , -41.0625
39184569  , 12.176591 , 3.336985 , -9.466142    , 0.0 , 0.0 , -1.0    ,-28.5 , -16.0 , -38.875
457764  , 5.243834 , 6.66035 , -8.008764    , 0.0 , 0.0 , -1.0    ,-28.5 , -16.0 , -38.875
39825438  , 5.243834 , 6.66035 , -8.008764    , 0.0 , 0.0 , -1.0    ,-25.9375 , -22.4375 , -37.875
488281  , 4.3312707 , 5.053149 , -3.486809    , 0.0 , 0.0 , -1.0    ,-25.9375 , -22.4375 , -37.875
40374757  , 4.3312707 , 5.053149 , -3.486809    , 0.0 , 0.0 , -1.0    ,-20.125 , -26.875 , -39.125
213623  , -2.8738933 , 4.862464 , -1.3756552    , 0.0 , 0.0 , -1.0    ,-20.125 , -26.875 , -39.125
25573732  , -2.8738933 , 4.862464 , -1.3756552    , 0.0 , 0.0 , -1.0    ,-13.0 , -29.375 , -41.3125
213623  , -13.593107 , 11.985906 , -4.2086873    , 0.0 , 0.0 , -1.0    ,-13.0 , -29.375 , -41.3125
29632569  , -13.593107 , 11.985906 , -4.2086873    , 0.0 , 0.0 , -1.0    ,-6.125 , -29.375 , -44.0
213623  , -10.528529 , 11.876944 , -7.205164    , 0.0 , 0.0 , -1.0    ,-6.125 , -29.375 , -44.0
29663086  , -10.528529 , 11.876944 , -7.205164    , 0.0 , 0.0 , -1.0    ,0.6875 , -26.375 , -46.4375
244140  , -15.854085 , 3.636633 , -6.428804    , 0.0 , 0.0 , -1.0    ,0.6875 , -26.375 , -46.4375
31555177  , -15.854085 , 3.636633 , -6.428804    , 0.0 , 0.0 , -1.0    ,6.0 , -21.4375 , -48.4375
305176  , -19.6133 , -9.152874 , 0.14982383    , 0.0 , 0.0 , -1.0    ,6.0 , -21.4375 , -48.4375
38116456  , -19.6133 , -9.152874 , 0.14982383    , 0.0 , 0.0 , -1.0    ,8.3125 , -15.0 , -50.375
366211  , -19.340895 , -8.308413 , 5.5571017    , 0.0 , 0.0 , -1.0    ,8.3125 , -15.0 , -50.375
39398194  , -19.340895 , -8.308413 , 5.5571017    , 0.0 , 0.0 , -1.0    ,8.5625 , -8.0625 , -52.0625
366211  , -12.4489975 , -11.223166 , 8.853226    , 0.0 , 0.0 , -1.0    ,8.5625 , -8.0625 , -52.0625
38330078  , -12.4489975 , -11.223166 , 8.853226    , 0.0 , 0.0 , -1.0    ,8.3125 , -2.375 , -53.0625
213623  , -12.830367 , -12.489859 , 12.108489    , 0.0 , 0.0 , -1.0    ,8.3125 , -2.375 , -53.0625
45166015  , -12.830367 , -12.489859 , 12.108489    , 0.0 , 0.0 , -1.0    ,7.0625 , 2.375 , -53.5625
244140  , -6.932757 , -12.4489975 , 11.141444    , 0.0 , 0.0 , -1.0    ,7.0625 , 2.375 , -53.5625
14465332  , -6.932757 , -12.4489975 , 11.141444    , 0.0 , 0.0 , -1.0    ,7.0625 , 5.3125 , -53.5625
183105  , -1.4573772 , -11.223166 , 12.258313    , 0.0 , 0.0 , -1.0    ,7.0625 , 5.3125 , -53.5625
38543701  , -1.4573772 , -11.223166 , 12.258313    , 0.0 , 0.0 , -1.0    ,8.5625 , 7.0625 , -53.3125
213623  , 1.2666923 , -9.80665 , 17.66559    , 0.0 , 0.0 , -1.0    ,8.5625 , 7.0625 , -53.3125
29418944  , 1.2666923 , -9.80665 , 17.66559    , 0.0 , 0.0 , -1.0    ,9.0625 , 7.3125 , -52.8125
244140  , 6.0882955 , -11.495573 , 16.821129    , 0.0 , 0.0 , -1.0    ,9.0625 , 7.3125 , -52.8125
30609130  , 6.0882955 , -11.495573 , 16.821129    , 0.0 , 0.0 , -1.0    ,11.125 , 6.5625 , -52.0625
274658  , 3.8681788 , -7.205164 , 15.28203    , 0.0 , 0.0 , -1.0    ,11.125 , 6.5625 , -52.0625
39398192  , 3.8681788 , -7.205164 , 15.28203    , 0.0 , 0.0 , -1.0    ,13.625 , 5.5625 , -51.3125
366211  , 2.0294318 , -3.0645783 , 15.854085    , 0.0 , 0.0 , -1.0    ,13.625 , 5.5625 , -51.3125
39703369  , 2.0294318 , -3.0645783 , 15.854085    , 0.0 , 0.0 , -1.0    ,15.4375 , 4.0625 , -50.625
366211  , 7.273266 , -6.851035 , 15.894946    , 0.0 , 0.0 , -1.0    ,15.4375 , 4.0625 , -50.625
38177492  , 7.273266 , -6.851035 , 15.894946    , 0.0 , 0.0 , -1.0    ,17.9375 , 2.625 , -49.625
396729  , 7.8180795 , -1.3075534 , 13.402422    , 0.0 , 0.0 , -1.0    ,17.9375 , 2.625 , -49.625
39489747  , 7.8180795 , -1.3075534 , 13.402422    , 0.0 , 0.0 , -1.0    ,19.0 , 0.875 , -49.125
457764  , 5.706926 , 1.0760075 , 12.721405    , 0.0 , 0.0 , -1.0    ,19.0 , 0.875 , -49.125
42114258  , 5.706926 , 1.0760075 , 12.721405    , 0.0 , 0.0 , -1.0    ,19.25 , -0.875 , -48.1875
244140  , 6.2789803 , 3.718355 , 10.269742    , 0.0 , 0.0 , -1.0    ,19.25 , -0.875 , -48.1875
25604249  , 6.2789803 , 3.718355 , 10.269742    , 0.0 , 0.0 , -1.0    ,19.75 , -2.125 , -47.4375
213623  , 5.012288 , 5.09401 , 10.147159    , 0.0 , 0.0 , -1.0    ,19.75 , -2.125 , -47.4375
29449464  , 5.012288 , 5.09401 , 10.147159    , 0.0 , 0.0 , -1.0    ,19.25 , -2.625 , -46.9375
213623  , 7.273266 , 1.9477097 , 8.049625    , 0.0 , 0.0 , -1.0    ,19.25 , -2.625 , -46.9375
29785157  , 7.273266 , 1.9477097 , 8.049625    , 0.0 , 0.0 , -1.0    ,19.0 , -2.875 , -46.6875
183106  , 5.597963 , 3.8681788 , 9.615966    , 0.0 , 0.0 , -1.0    ,19.0 , -2.875 , -46.6875
30181885  , 5.597963 , 3.8681788 , 9.615966    , 0.0 , 0.0 , -1.0    ,18.6875 , -2.375 , -47.4375
274658  , 2.982856 , 2.6423476 , 9.80665    , 0.0 , 0.0 , -1.0    ,18.6875 , -2.375 , -47.4375
39581299  , 2.982856 , 2.6423476 , 9.80665    , 0.0 , 0.0 , -1.0    ,17.4375 , -2.125 , -47.9375
335693  , 3.636633 , 0.50395286 , 9.575105    , 0.0 , 0.0 , -1.0    ,17.4375 , -2.125 , -47.9375
39184570  , 3.636633 , 0.50395286 , 9.575105    , 0.0 , 0.0 , -1.0    ,15.9375 , -1.375 , -48.4375
366211  , 3.173541 , 3.255263 , 9.384419    , 0.0 , 0.0 , -1.0    ,15.9375 , -1.375 , -48.4375
39245605  , 3.173541 , 3.255263 , 9.384419    , 0.0 , 0.0 , -1.0    ,14.125 , -0.625 , -49.375
366211  , 1.7297841 , 1.7978859 , 9.425281    , 0.0 , 0.0 , -1.0    ,14.125 , -0.625 , -49.375
38635253  , 1.7297841 , 1.7978859 , 9.425281    , 0.0 , 0.0 , -1.0    ,12.625 , 0.375 , -49.875
366211  , 4.440233 , 2.4516625 , 8.894087    , 0.0 , 0.0 , -1.0    ,12.625 , 0.375 , -49.875
41015623  , 4.440233 , 2.4516625 , 8.894087    , 0.0 , 0.0 , -1.0    ,11.375 , 1.125 , -50.125
183106  , 2.8330324 , 2.5606253 , 7.9270425    , 0.0 , 0.0 , -1.0    ,11.375 , 1.125 , -50.125
37689207  , 2.8330324 , 2.5606253 , 7.9270425    , 0.0 , 0.0 , -1.0    ,10.625 , 1.625 , -50.375
244141  , 2.1792557 , 1.920469 , 7.273266    , 0.0 , 0.0 , -1.0    ,10.625 , 1.625 , -50.375
39978029  , 2.1792557 , 1.920469 , 7.273266    , 0.0 , 0.0 , -1.0    ,9.8125 , 2.125 , -50.125
305176  , 2.6832085 , 0.6946377 , 9.425281    , 0.0 , 0.0 , -1.0    ,9.8125 , 2.125 , -50.125
38848879  , 2.6832085 , 0.6946377 , 9.425281    , 0.0 , 0.0 , -1.0    ,9.0625 , 2.625 , -49.875
274658  , 2.5333846 , -0.6946377 , 12.299174    , 0.0 , 0.0 , -1.0    ,9.0625 , 2.625 , -49.875
52276613  , 2.5333846 , -0.6946377 , 12.299174    , 0.0 , 0.0 , -1.0    ,8.3125 , 2.875 , -49.875
