1290470315371840161  , -0.02020202 , 0.019607844 , 1.0093458    , 2.1940396 , -2.6622467 , 0.17800568    ,0.0 , 0.0 , 0.0
1290470315389278157  , -0.030303031 , 0.039215688 , 1.0093458    , 2.1998088 , -2.6934967 , 0.17800568    ,0.0 , 0.0 , 0.0
1290470315391743140  , 0.05050505 , 0.039215688 , 0.97196263    , 2.1998088 , -2.7141979 , 0.17800568    ,0.0 , 0.0 , 0.0
1290470315409305137  , 0.05050505 , 0.039215688 , 0.97196263    , 2.1998088 , -2.9533005 , 0.18826209    ,0.0 , 0.0 , 0.0
1290470315411731120  , 0.05050505 , 0.039215688 , 0.97196263    , 2.1998088 , -2.9708345 , 0.18826209    ,0.0 , 0.0 , 0.0
1290470315429302117  , 0.030303031 , 0.029411765 , 1.0093458    , 2.2062192 , -2.9182703 , 0.18826209    ,0.0 , 0.0 , 0.0
1290470315431769100  , -0.02020202 , 0.019607844 , 1.0093458    , 2.2062192 , -2.8906686 , 0.18826209    ,0.0 , 0.0 , 0.0
1290470315449267097  , -0.02020202 , 0.039215688 , 1.0093458    , 2.2228858 , -2.6964378 , 0.18826209    ,0.0 , 0.0 , 0.0
1290470315452992080  , -0.02020202 , 0.039215688 , 1.0093458    , 2.2228858 , -2.6699672 , 0.18961956    ,0.0 , 0.0 , 0.0
1290470315470504076  , 0.0 , 0.019607844 , 1.0093458    , 2.2228858 , -2.5882363 , 0.18961956    ,0.0 , 0.0 , 0.0
1290470315472974058  , -0.01010101 , 0.019607844 , 1.0093458    , 2.2241678 , -2.5737064 , 0.18961956    ,0.0 , 0.0 , 0.0
1290470315490702056  , -0.01010101 , 0.019607844 , 1.0093458    , 2.2241678 , -2.445822 , 0.18961956    ,0.0 , 0.0 , 0.0
1290470315494486038  , -0.01010101 , 0.019607844 , 1.0093458    , 2.2241678 , -2.4289415 , 0.18961956    ,0.0 , 0.0 , 0.0
1290470315511772034  , -0.04040404 , 0.039215688 , 1.0093458    , 2.2241678 , -2.336634 , 0.18961956    ,0.0 , 0.0 , 0.0
1290470315514203017  , -0.05050505 , 0.039215688 , 1.0093458    , 2.226091 , -2.3185344 , 0.18961956    ,0.0 , 0.0 , 0.0
1290470315531762015  , -0.04040404 , 0.039215688 , 1.0093458    , 2.2357063 , -2.2887266 , 0.18961956    ,0.0 , 0.0 , 0.0
1290470315534215997  , 0.0 , 0.019607844 , 1.0093458    , 2.2375226 , -2.3098805 , 0.18961956    ,0.0 , 0.0 , 0.0
1290470315551743995  , 0.02020202 , 0.039215688 , 0.97196263    , 2.249061 , -2.6185343 , 0.18961956    ,0.0 , 0.0 , 0.0
1290470315555461977  , 0.02020202 , 0.019607844 , 1.0093458    , 2.249061 , -2.650372 , 0.18961956    ,0.0 , 0.0 , 0.0
1290470315580528973  , 0.0 , 0.019607844 , 1.0093458    , 2.249061 , -2.716718 , 0.18961956    ,0.0 , 0.0 , 0.0
1290470315581640948  , -0.02020202 , 0.039215688 , 1.0093458    , 2.249061 , -2.7201796 , 0.18961956    ,0.0 , 0.0 , 0.0
1290470315586681947  , -0.02020202 , 0.029411765 , 1.046729    , 2.249061 , -2.7701795 , 0.18961956    ,0.0 , 0.0 , 0.0
1290470315603008942  , 0.02020202 , 0.019607844 , 1.0093458    , 2.2544456 , -2.836718 , 0.18961956    ,0.0 , 0.0 , 0.0
1290470315606879926  , 0.030303031 , 0.019607844 , 1.0093458    , 2.2544456 , -2.86917 , 0.18961956    ,0.0 , 0.0 , 0.0
1290470315624243922  , 0.030303031 , 0.019607844 , 1.0093458    , 2.2544456 , -2.974939 , 0.18961956    ,0.0 , 0.0 , 0.0
1290470315626702905  , 0.01010101 , 0.019607844 , 1.0093458    , 2.2560294 , -2.9912288 , 0.18961956    ,0.0 , 0.0 , 0.0
1290470315644247902  , 0.0 , 0.019607844 , 1.0093458    , 2.2560294 , -3.0271263 , 0.18961956    ,0.0 , 0.0 , 0.0
1290470315646672885  , 0.02020202 , 0.019607844 , 1.0093458    , 2.2560294 , -3.03052 , 0.18961956    ,0.0 , 0.0 , 0.0
1290470315664335882  , 0.02020202 , 0.029411765 , 1.0093458    , 2.2624395 , -3.0388532 , 0.18961956    ,0.0 , 0.0 , 0.0
1290470315667223865  , 0.0 , 0.019607844 , 1.0093458    , 2.2643626 , -3.0388532 , 0.18961956    ,0.0 , 0.0 , 0.0
1290470315684246862  , 0.0 , 0.019607844 , 1.0093458    , 2.2643626 , -3.0388532 , 0.18961956    ,0.0 , 0.0 , 0.0
1290470315688100845  , 0.0 , 0.039215688 , 1.0093458    , 2.2660594 , -3.0388532 , 0.19075078    ,0.0 , 0.0 , 0.0
1290470315705521841  , 0.01010101 , 0.019607844 , 1.0093458    , 2.270867 , -3.0316417 , 0.19075078    ,0.0 , 0.0 , 0.0
1290470315707992823  , 0.0 , 0.019607844 , 1.0093458    , 2.270867 , -3.0276887 , 0.19075078    ,0.0 , 0.0 , 0.0
1290470315725501821  , 0.0 , 0.019607844 , 1.0093458    , 2.2833672 , -2.9776888 , 0.19075078    ,0.0 , 0.0 , 0.0
1290470315729189803  , 0.02020202 , 0.019607844 , 1.0093458    , 2.2833672 , -2.971706 , 0.19075078    ,0.0 , 0.0 , 0.0
1290470315746760800  , 0.01010101 , 0.019607844 , 1.0093458    , 2.2904184 , -2.903116 , 0.19075078    ,0.0 , 0.0 , 0.0
1290470315749197782  , 0.01010101 , 0.019607844 , 1.0093458    , 2.2915938 , -2.8843126 , 0.19075078    ,0.0 , 0.0 , 0.0
1290470315766754780  , 0.0 , 0.019607844 , 1.0093458    , 2.2915938 , -2.6487358 , 0.19075078    ,0.0 , 0.0 , 0.0
1290470315769171762  , -0.01010101 , 0.019607844 , 0.93457943    , 2.2915938 , -2.6175392 , 0.19075078    ,0.0 , 0.0 , 0.0
1290470315786797760  , -0.02020202 , 0.019607844 , 1.0093458    , 2.315632 , -2.303116 , 0.19075078    ,0.0 , 0.0 , 0.0
1290470315789303742  , -0.030303031 , 0.039215688 , 1.0093458    , 2.3170211 , -2.2695692 , 0.19075078    ,0.0 , 0.0 , 0.0
1290470315806785740  , -0.01010101 , 0.019607844 , 1.0093458    , 2.3170211 , -2.0349536 , 0.19075078    ,0.0 , 0.0 , 0.0
1290470315810489722  , 0.0 , 0.019607844 , 1.0093458    , 2.3170211 , -2.0140135 , 0.19075078    ,0.0 , 0.0 , 0.0
1290470315828066718  , 0.0 , 0.019607844 , 1.0093458    , 2.3170211 , -1.8923789 , 0.19075078    ,0.0 , 0.0 , 0.0
1290470315830436701  , 0.0 , 0.019607844 , 1.0093458    , 2.3182654 , -1.8510894 , 0.18961956    ,0.0 , 0.0 , 0.0
1290470315848015698  , 0.0 , 0.029411765 , 1.0093458    , 2.3182654 , -1.5510893 , 0.18961956    ,0.0 , 0.0 , 0.0
1290470315850440681  , -0.02020202 , 0.019607844 , 1.0093458    , 2.3199623 , -1.486044 , 0.18961956    ,0.0 , 0.0 , 0.0
1290470315868048678  , -0.04040404 , 0.019607844 , 1.0093458    , 2.3302186 , -1.0546337 , 0.18961956    ,0.0 , 0.0 , 0.0
1290470315871948661  , -0.060606062 , 0.039215688 , 1.0093458    , 2.3327074 , -0.9700184 , 0.18961956    ,0.0 , 0.0 , 0.0
1290470315889269657  , -0.08080808 , 0.039215688 , 1.0093458    , 2.3428035 , -0.60559535 , 0.18961956    ,0.0 , 0.0 , 0.0
1290470315891834640  , -0.09090909 , 0.039215688 , 1.0093458    , 2.3450658 , -0.5267492 , 0.18961956    ,0.0 , 0.0 , 0.0
1290470315909337637  , -0.1010101 , 0.019607844 , 1.046729    , 2.3450658 , -0.16008252 , 0.18192725    ,0.0 , 0.0 , 0.0
1290470315911986620  , -0.09090909 , 0.039215688 , 1.0093458    , 2.3476677 , -0.109516904 , 0.18192725    ,0.0 , 0.0 , 0.0
1290470315929316617  , -0.11111111 , 0.039215688 , 1.0093458    , 2.3476677 , 0.079585664 , 0.18192725    ,0.0 , 0.0 , 0.0
1290470315932966600  , -0.11111111 , 0.039215688 , 1.0093458    , 2.3495908 , 0.09485716 , 0.18192725    ,0.0 , 0.0 , 0.0
1290470315950519596  , -0.11111111 , 0.039215688 , 1.0093458    , 2.3558407 , 0.06697254 , 0.18192725    ,0.0 , 0.0 , 0.0
1290470315952980578  , -0.1010101 , 0.039215688 , 1.0093458    , 2.3558407 , 0.043040916 , 0.18192725    ,0.0 , 0.0 , 0.0
1290470315970602576  , -0.09090909 , 0.039215688 , 1.0093458    , 2.3702638 , -0.33099756 , 0.18192725    ,0.0 , 0.0 , 0.0
1290470315972976558  , -0.07070707 , 0.039215688 , 1.0093458    , 2.3702638 , -0.38730097 , 0.18192725    ,0.0 , 0.0 , 0.0
1290470315990534556  , -0.05050505 , 0.019607844 , 1.0093458    , 2.3702638 , -1.001724 , 0.18192725    ,0.0 , 0.0 , 0.0
1290470315994152538  , -0.04040404 , 0.019607844 , 1.0093458    , 2.3702638 , -1.0768309 , 0.18331613    ,0.0 , 0.0 , 0.0
1290470316012005535  , -0.02020202 , 0.019607844 , 1.0093458    , 2.3702638 , -1.5358052 , 0.18331613    ,0.0 , 0.0 , 0.0
1290470316014396517  , -0.01010101 , 0.019607844 , 1.0093458    , 2.3702638 , -1.6068523 , 0.18331613    ,0.0 , 0.0 , 0.0
1290470316031800514  , 0.0 , 0.019607844 , 1.0093458    , 2.3792381 , -1.97416 , 0.18331613    ,0.0 , 0.0 , 0.0
1290470316034265497  , 0.01010101 , 0.019607844 , 1.0093458    , 2.3792381 , -2.02597 , 0.18331613    ,0.0 , 0.0 , 0.0
1290470316051794495  , 0.01010101 , 0.039215688 , 0.97196263    , 2.3792381 , -2.3471236 , 0.18331613    ,0.0 , 0.0 , 0.0
1290470316054238477  , 0.0 , 0.039215688 , 0.97196263    , 2.3792381 , -2.3697734 , 0.18331613    ,0.0 , 0.0 , 0.0
1290470316071763475  , 0.0 , 0.039215688 , 0.97196263    , 2.3792381 , -2.4438117 , 0.18331613    ,0.0 , 0.0 , 0.0
1290470316075345457  , 0.0 , 0.019607844 , 1.0093458    , 2.380734 , -2.4388971 , 0.18331613    ,0.0 , 0.0 , 0.0
1290470316093265454  , 0.01010101 , 0.019607844 , 1.0093458    , 2.3897083 , -2.3254356 , 0.18331613    ,0.0 , 0.0 , 0.0
1290470316095688436  , -0.01010101 , 0.019607844 , 1.0093458    , 2.3897083 , -2.291034 , 0.18331613    ,0.0 , 0.0 , 0.0
1290470316113140433  , -0.02020202 , 0.019607844 , 1.0093458    , 2.3897083 , -2.0077007 , 0.18331613    ,0.0 , 0.0 , 0.0
1290470316117957416  , -0.030303031 , 0.019607844 , 1.0093458    , 2.3897083 , -1.9458228 , 0.18331613    ,0.0 , 0.0 , 0.0
1290470316134285411  , -0.05050505 , 0.019607844 , 1.0093458    , 2.395093 , -1.699669 , 0.18331613    ,0.0 , 0.0 , 0.0
1290470316136825395  , -0.060606062 , 0.019607844 , 1.0093458    , 2.3967757 , -1.6184189 , 0.18331613    ,0.0 , 0.0 , 0.0
1290470316154456392  , -0.07070707 , 0.019607844 , 1.0093458    , 2.4115193 , -1.2023933 , 0.18331613    ,0.0 , 0.0 , 0.0
1290470316156875374  , -0.09090909 , 0.039215688 , 1.0093458    , 2.4135492 , -1.1419233 , 0.18331613    ,0.0 , 0.0 , 0.0
1290470316174287372  , -0.1010101 , 0.039215688 , 1.0093458    , 2.4231646 , -0.70923096 , 0.18331613    ,0.0 , 0.0 , 0.0
1290470316178315355  , -0.1010101 , 0.039215688 , 1.0093458    , 2.4248614 , -0.67405 , 0.18331613    ,0.0 , 0.0 , 0.0
1290470316195661351  , -0.1010101 , 0.039215688 , 1.0093458    , 2.4306307 , -0.5937615 , 0.18331613    ,0.0 , 0.0 , 0.0
1290470316198116333  , -0.1010101 , 0.04901961 , 1.0093458    , 2.4306307 , -0.59269315 , 0.18331613    ,0.0 , 0.0 , 0.0
1290470316215531331  , -0.09090909 , 0.019607844 , 1.046729    , 2.4306307 , -0.73307776 , 0.18331613    ,0.0 , 0.0 , 0.0
1290470316217945313  , -0.08080808 , 0.039215688 , 1.0093458    , 2.4306307 , -0.76320595 , 0.18331613    ,0.0 , 0.0 , 0.0
1290470316235579311  , -0.08080808 , 0.019607844 , 1.0093458    , 2.4306307 , -1.1641675 , 0.18331613    ,0.0 , 0.0 , 0.0
1290470316239122293  , -0.05050505 , 0.039215688 , 1.0093458    , 2.4321263 , -1.2203641 , 0.18331613    ,0.0 , 0.0 , 0.0
1290470316257181290  , -0.04040404 , 0.019607844 , 1.0093458    , 2.4321263 , -1.6088256 , 0.18331613    ,0.0 , 0.0 , 0.0
1290470316260406272  , -0.02020202 , 0.019607844 , 1.0093458    , 2.4334083 , -1.6765606 , 0.18331613    ,0.0 , 0.0 , 0.0
1290470316276835268  , -0.01010101 , 0.019607844 , 1.0093458    , 2.4334083 , -1.9679068 , 0.18331613    ,0.0 , 0.0 , 0.0
1290470316279804252  , -0.01010101 , 0.019607844 , 1.0093458    , 2.4334083 , -2.031128 , 0.18331613    ,0.0 , 0.0 , 0.0
1290470316296788249  , 0.01010101 , 0.019607844 , 1.0093458    , 2.4334083 , -2.2881792 , 0.18331613    ,0.0 , 0.0 , 0.0
1290470316300025232  , 0.0 , 0.019607844 , 1.0093458    , 2.4334083 , -2.3244915 , 0.18331613    ,0.0 , 0.0 , 0.0
1290470316316887229  , 0.0 , 0.039215688 , 0.97196263    , 2.444306 , -2.4482093 , 0.18331613    ,0.0 , 0.0 , 0.0
1290470316320396212  , 0.0 , 0.019607844 , 1.0093458    , 2.444306 , -2.4546573 , 0.18331613    ,0.0 , 0.0 , 0.0
1290470316338068208  , 0.01010101 , 0.019607844 , 1.0093458    , 2.444306 , -2.4224458 , 0.18331613    ,0.0 , 0.0 , 0.0
1290470316340424191  , -0.01010101 , 0.019607844 , 1.0093458    , 2.4455502 , -2.3991427 , 0.18331613    ,0.0 , 0.0 , 0.0
1290470316358035188  , -0.01010101 , 0.019607844 , 1.0093458    , 2.4577296 , -2.1959376 , 0.18331613    ,0.0 , 0.0 , 0.0
1290470316361721171  , -0.02020202 , 0.019607844 , 1.0093458    , 2.4577296 , -2.1484263 , 0.18331613    ,0.0 , 0.0 , 0.0
1290470316379274167  , -0.04040404 , 0.019607844 , 1.0093458    , 2.4630182 , -1.9022723 , 0.18331613    ,0.0 , 0.0 , 0.0
1290470316382054150  , -0.05050505 , 0.019607844 , 1.0093458    , 2.4651673 , -1.8372271 , 0.18331613    ,0.0 , 0.0 , 0.0
1290470316399291147  , -0.060606062 , 0.029411765 , 1.0093458    , 2.4722188 , -1.4647912 , 0.18331613    ,0.0 , 0.0 , 0.0
1290470316401780130  , -0.08080808 , 0.039215688 , 1.0093458    , 2.474481 , -1.404384 , 0.18331613    ,0.0 , 0.0 , 0.0
1290470316419342127  , -0.09090909 , 0.039215688 , 1.0093458    , 2.4853785 , -1.1120763 , 0.18331613    ,0.0 , 0.0 , 0.0
1290470316422958110  , -0.09090909 , 0.019607844 , 1.046729    , 2.4879804 , -1.0746329 , 0.18331613    ,0.0 , 0.0 , 0.0
1290470316440513106  , -0.09090909 , 0.039215688 , 1.0093458    , 2.492788 , -0.97944057 , 0.18331613    ,0.0 , 0.0 , 0.0
1290470316443349088  , -0.09090909 , 0.039215688 , 1.0093458    , 2.492788 , -0.9727098 , 0.18331613    ,0.0 , 0.0 , 0.0
1290470316460525086  , -0.09090909 , 0.039215688 , 1.0093458    , 2.492788 , -1.055402 , 0.18331613    ,0.0 , 0.0 , 0.0
1290470316464059068  , -0.08080808 , 0.039215688 , 1.0093458    , 2.492788 , -1.0801884 , 0.18331613    ,0.0 , 0.0 , 0.0
1290470316481763065  , -0.08080808 , 0.039215688 , 1.0093458    , 2.492788 , -1.3128808 , 0.18331613    ,0.0 , 0.0 , 0.0
1290470316484216047  , -0.05050505 , 0.019607844 , 1.0093458    , 2.4917197 , -1.3637354 , 0.18331613    ,0.0 , 0.0 , 0.0
1290470316501812045  , -0.04040404 , 0.029411765 , 1.0093458    , 2.4917197 , -1.8848892 , 0.18331613    ,0.0 , 0.0 , 0.0
1290470316504389027  , -0.030303031 , 0.019607844 , 1.0093458    , 2.493536 , -1.9443978 , 0.18331613    ,0.0 , 0.0 , 0.0
1290470316521782024  , -0.02020202 , 0.019607844 , 1.0093458    , 2.493536 , -2.2790132 , 0.18331613    ,0.0 , 0.0 , 0.0
1290470316526775007  , -0.02020202 , 0.019607844 , 1.0093458    , 2.4947803 , -2.3302577 , 0.18331613    ,0.0 , 0.0 , 0.0
1290470316544383002  , 0.0 , 0.019607844 , 1.0093458    , 2.4947803 , -2.4641037 , 0.18331613    ,0.0 , 0.0 , 0.0
1290470316546705985  , -0.01010101 , 0.019607844 , 1.0093458    , 2.4947803 , -2.4900653 , 0.18331613    ,0.0 , 0.0 , 0.0
1290470316564344982  , -0.01010101 , 0.019607844 , 1.0093458    , 2.4947803 , -2.6112192 , 0.18331613    ,0.0 , 0.0 , 0.0
1290470316566667965  , 0.0 , 0.019607844 , 1.0093458    , 2.4947803 , -2.6132553 , 0.18444735    ,0.0 , 0.0 , 0.0
1290470316584268962  , 0.0 , 0.019607844 , 1.0093458    , 2.4947803 , -2.5497937 , 0.18444735    ,0.0 , 0.0 , 0.0
1290470316586774945  , -0.02020202 , 0.019607844 , 1.0093458    , 2.4960246 , -2.5247936 , 0.18444735    ,0.0 , 0.0 , 0.0
1290470316604368942  , -0.030303031 , 0.019607844 , 1.0093458    , 2.4960246 , -2.3190246 , 0.18444735    ,0.0 , 0.0 , 0.0
1290470316608519925  , -0.04040404 , 0.019607844 , 1.0093458    , 2.4960246 , -2.2738888 , 0.18444735    ,0.0 , 0.0 , 0.0
1290470316625412920  , -0.060606062 , 0.019607844 , 1.0093458    , 2.5017939 , -2.088504 , 0.18444735    ,0.0 , 0.0 , 0.0
1290470316628053903  , -0.08080808 , 0.039215688 , 1.0093458    , 2.5017939 , -2.0311513 , 0.18444735    ,0.0 , 0.0 , 0.0
1290470316645811901  , -0.09090909 , 0.04901961 , 1.0093458    , 2.5171785 , -1.5792282 , 0.18444735    ,0.0 , 0.0 , 0.0
1290470316648056883  , -0.1010101 , 0.039215688 , 1.0093458    , 2.5171785 , -1.5446128 , 0.18444735    ,0.0 , 0.0 , 0.0
1290470316665548881  , -0.09090909 , 0.039215688 , 1.0093458    , 2.5171785 , -1.4321127 , 0.18444735    ,0.0 , 0.0 , 0.0
1290470316669686863  , -0.08080808 , 0.039215688 , 1.0093458    , 2.5171785 , -1.4408734 , 0.18444735    ,0.0 , 0.0 , 0.0
1290470316686783859  , -0.04040404 , 0.019607844 , 1.0093458    , 2.5171785 , -1.5514504 , 0.18444735    ,0.0 , 0.0 , 0.0
1290470316689228842  , -0.04040404 , 0.019607844 , 1.0093458    , 2.5183096 , -1.5848213 , 0.18444735    ,0.0 , 0.0 , 0.0
1290470316706791840  , -0.05050505 , 0.019607844 , 1.0093458    , 2.5183096 , -1.8636675 , 0.18444735    ,0.0 , 0.0 , 0.0
1290470316710643822  , -0.05050505 , 0.039215688 , 1.0093458    , 2.5183096 , -1.8904837 , 0.18444735    ,0.0 , 0.0 , 0.0
1290470316728066818  , -0.05050505 , 0.019607844 , 1.0093458    , 2.5183096 , -2.0135608 , 0.18444735    ,0.0 , 0.0 , 0.0
1290470316730455801  , -0.04040404 , 0.019607844 , 1.0093458    , 2.5197802 , -2.0489678 , 0.18557857    ,0.0 , 0.0 , 0.0
1290470316748102798  , -0.02020202 , 0.029411765 , 1.0093458    , 2.5197802 , -2.2829423 , 0.19262986    ,0.0 , 0.0 , 0.0
1290470316750419781  , -0.02020202 , 0.019607844 , 1.0093458    , 2.5197802 , -2.32525 , 0.19262986    ,0.0 , 0.0 , 0.0
1290470316768064778  , -0.030303031 , 0.019607844 , 1.0093458    , 2.5197802 , -2.5181987 , 0.19262986    ,0.0 , 0.0 , 0.0
1290470316771724761  , -0.04040404 , 0.039215688 , 1.0093458    , 2.5197802 , -2.5431988 , 0.19387421    ,0.0 , 0.0 , 0.0
1290470316789319757  , -0.04040404 , 0.039215688 , 1.0093458    , 2.5197802 , -2.6407948 , 0.19964343    ,0.0 , 0.0 , 0.0
1290470316791748740  , -0.04040404 , 0.039215688 , 1.0093458    , 2.5197802 , -2.669754 , 0.19964343    ,0.0 , 0.0 , 0.0
1290470316809302737  , -0.030303031 , 0.019607844 , 1.0093458    , 2.5287547 , -2.8947542 , 0.19964343    ,0.0 , 0.0 , 0.0
1290470316811723720  , -0.01010101 , 0.029411765 , 1.0093458    , 2.5287547 , -2.9430573 , 0.20088778    ,0.0 , 0.0 , 0.0
1290470316829408717  , 0.02020202 , 0.029411765 , 1.0093458    , 2.536447 , -3.234083 , 0.20088778    ,0.0 , 0.0 , 0.0
1290470316831772699  , 0.02020202 , 0.039215688 , 0.97196263    , 2.5378358 , -3.279489 , 0.20088778    ,0.0 , 0.0 , 0.0
1290470316860409697  , 0.030303031 , 0.039215688 , 0.97196263    , 2.5378358 , -3.5833352 , 0.20088778    ,0.0 , 0.0 , 0.0
1290470316861704668  , 0.030303031 , 0.039215688 , 0.97196263    , 2.5378358 , -3.5959346 , 0.20088778    ,0.0 , 0.0 , 0.0
1290470316862844667  , 0.030303031 , 0.039215688 , 0.97196263    , 2.5378358 , -3.6940114 , 0.20088778    ,0.0 , 0.0 , 0.0
1290470316880418666  , 0.04040404 , 0.04901961 , 0.97196263    , 2.5666819 , -3.4901652 , 0.20088778    ,0.0 , 0.0 , 0.0
1290470316882923648  , 0.030303031 , 0.039215688 , 0.97196263    , 2.567964 , -3.4637764 , 0.20088778    ,0.0 , 0.0 , 0.0
1290470316900405646  , 0.0 , 0.039215688 , 0.97196263    , 2.5843103 , -3.0974302 , 0.20088778    ,0.0 , 0.0 , 0.0
1290470316904088628  , 0.0 , 0.019607844 , 1.0093458    , 2.5862331 , -3.0420885 , 0.2023835    ,0.0 , 0.0 , 0.0
1290470316922926625  , -0.02020202 , 0.019607844 , 1.0093458    , 2.6016178 , -2.6299088 , 0.2023835    ,0.0 , 0.0 , 0.0
1290470316924079606  , -0.121212125 , 0.039215688 , 1.046729    , 2.604047 , -2.5515687 , 0.2023835    ,0.0 , 0.0 , 0.0
1290470316941966605  , -0.1919192 , 0.019607844 , 1.0841122    , 2.63097 , -1.0842612 , 0.18122965    ,0.0 , 0.0 , 0.0
1290470316945335587  , -0.23232323 , 0.039215688 , 1.0841122    , 2.633107 , -1.0519962 , 0.18122965    ,0.0 , 0.0 , 0.0
1290470316963051584  , -0.060606062 , 0.039215688 , 1.0093458    , 2.6465683 , -1.3269962 , 0.18122965    ,0.0 , 0.0 , 0.0
1290470316965484566  , 0.25252524 , 0.078431375 , 0.8598131    , 2.6476367 , -1.4656714 , 0.18122965    ,0.0 , 0.0 , 0.0
1290470316982932563  , 0.23232323 , 0.09803922 , 0.97196263    , 2.6373804 , -2.3246458 , 0.2196912    ,0.0 , 0.0 , 0.0
1290470316985479546  , 0.08080808 , 0.078431375 , 0.97196263    , 2.6396427 , -2.3046231 , 0.26833373    ,0.0 , 0.0 , 0.0
1290470317003105543  , 0.030303031 , 0.11764706 , 1.046729    , 2.6607966 , -1.9398795 , 0.81128246    ,0.0 , 0.0 , 0.0
1290470317006797526  , 0.05050505 , 0.12745099 , 1.046729    , 2.6643035 , -1.860694 , 0.93820554    ,0.0 , 0.0 , 0.0
1290470317024167522  , 0.1010101 , 0.09803922 , 1.0093458    , 2.6763227 , -1.7568479 , 1.549744    ,0.0 , 0.0 , 0.0
1290470317026787505  , 0.121212125 , 0.04901961 , 0.97196263    , 2.6763227 , -1.7878433 , 1.715581    ,0.0 , 0.0 , 0.0
1290470317044289502  , 0.121212125 , 0.039215688 , 0.97196263    , 2.684656 , -1.8724587 , 2.7245555    ,0.0 , 0.0 , 0.0
1290470317047876485  , 0.08080808 , 0.029411765 , 1.0093458    , 2.684656 , -1.8586578 , 2.9116595    ,0.0 , 0.0 , 0.0
1290470317065545481  , 0.030303031 , 0.019607844 , 1.0093458    , 2.6601367 , -1.7576963 , 3.760698    ,0.0 , 0.0 , 0.0
1290470317067981463  , -0.02020202 , 0.039215688 , 1.0093458    , 2.6390898 , -1.7338715 , 3.9546082    ,0.0 , 0.0 , 0.0
1290470317085581461  , -0.030303031 , 0.029411765 , 1.046729    , 2.161205 , -1.6521407 , 5.7065315    ,0.0 , 0.0 , 0.0
1290470317087871443  , -0.04040404 , 0.04901961 , 1.046729    , 2.1054358 , -1.6638929 , 5.9049287    ,0.0 , 0.0 , 0.0
1290470317105431441  , -0.060606062 , 0.019607844 , 1.0841122    , 1.8496667 , -2.0821621 , 7.7155056    ,0.0 , 0.0 , 0.0
1290470317109116423  , -0.05050505 , 0.019607844 , 1.0841122    , 1.8297949 , -2.1597261 , 7.920527    ,0.0 , 0.0 , 0.0
1290470317126797420  , -0.030303031 , 0.039215688 , 1.046729    , 1.6714616 , -2.6494699 , 9.158989    ,0.0 , 0.0 , 0.0
1290470317129132402  , -0.01010101 , 0.019607844 , 1.046729    , 1.6502008 , -2.725004 , 9.368924    ,0.0 , 0.0 , 0.0
1290470317147048400  , 0.02020202 , 0.04901961 , 1.0093458    , 1.5694317 , -3.3144271 , 11.268925    ,0.0 , 0.0 , 0.0
1290470317149499382  , 0.060606062 , 0.05882353 , 1.0093458    , 1.5545812 , -3.36838 , 11.48463    ,0.0 , 0.0 , 0.0
1290470317166946379  , 0.05050505 , 0.078431375 , 0.97196263    , 1.4526582 , -3.5978673 , 12.84104    ,0.0 , 0.0 , 0.0
1290470317170328362  , 0.060606062 , 0.05882353 , 0.97196263    , 1.4362555 , -3.6141567 , 13.093868    ,0.0 , 0.0 , 0.0
1290470317188066359  , 0.05050505 , 0.05882353 , 0.97196263    , 1.3599733 , -3.6237721 , 14.618227    ,0.0 , 0.0 , 0.0
1290470317190607341  , 0.04040404 , 0.05882353 , 0.97196263    , 1.3519605 , -3.6113791 , 14.887031    ,0.0 , 0.0 , 0.0
1290470317207946338  , -0.04040404 , 0.029411765 , 0.97196263    , 1.3519605 , -3.412661 , 16.569723    ,0.0 , 0.0 , 0.0
1290470317210374321  , -0.11111111 , 0.019607844 , 1.0093458    , 1.362594 , -3.3582494 , 16.8678    ,0.0 , 0.0 , 0.0
1290470317227941319  , -0.14141414 , -0.009803922 , 1.0093458    , 1.5347095 , -2.7457492 , 19.29953    ,0.0 , 0.0 , 0.0
1290470317230385301  , -0.14141414 , 0.009803922 , 1.0093458    , 1.561953 , -2.675664 , 19.546753    ,0.0 , 0.0 , 0.0
1290470317247933299  , -0.11111111 , 0.009803922 , 1.0093458    , 1.7478504 , -2.2923305 , 20.8506    ,0.0 , 0.0 , 0.0
1290470317251871281  , -0.04040404 , 0.029411765 , 1.046729    , 1.7820133 , -2.2329414 , 21.05501    ,0.0 , 0.0 , 0.0
1290470317269187277  , 0.07070707 , 0.05882353 , 1.0093458    , 1.9329749 , -2.0492876 , 21.860779    ,0.0 , 0.0 , 0.0
1290470317271833260  , 0.23232323 , 0.0882353 , 0.93457943    , 1.9696264 , -2.027568 , 22.055801    ,0.0 , 0.0 , 0.0
1290470317289180257  , 0.35353535 , 0.15686275 , 0.89719623    , 2.1927035 , -1.9557732 , 23.320545    ,0.0 , 0.0 , 0.0
1290470317291781240  , 0.3939394 , 0.1764706 , 0.89719623    , 2.243156 , -1.9279451 , 23.60075    ,0.0 , 0.0 , 0.0
1290470317309182237  , 0.34343433 , 0.18627451 , 0.89719623    , 2.621361 , -1.6016631 , 25.65075    ,0.0 , 0.0 , 0.0
1290470317313004220  , 0.21212122 , 0.2254902 , 0.93457943    , 2.710162 , -1.5109391 , 26.101202    ,0.0 , 0.0 , 0.0
1290470317330413216  , 0.05050505 , 0.25490198 , 1.0093458    , 3.1567965 , -0.9301699 , 28.38101    ,0.0 , 0.0 , 0.0
1290470317332831198  , -0.13131313 , 0.2254902 , 1.0841122    , 3.2587197 , -0.75506306 , 28.941374    ,0.0 , 0.0 , 0.0
1290470317350428196  , -0.26262626 , 0.18627451 , 1.0841122    , 4.085643 , 1.0141677 , 34.274067    ,0.0 , 0.0 , 0.0
1290470317354151178  , -0.2929293 , 0.16666667 , 1.0841122    , 4.1614976 , 1.2058344 , 34.87428    ,0.0 , 0.0 , 0.0
1290470317371803175  , -0.3030303 , 0.12745099 , 1.046729    , 4.498677 , 2.246219 , 38.365944    ,0.0 , 0.0 , 0.0
1290470317374072157  , -0.3030303 , 0.0882353 , 1.046729    , 4.5342536 , 2.4161975 , 38.91231    ,0.0 , 0.0 , 0.0
1290470317391796155  , -0.32323232 , 0.029411765 , 1.046729    , 4.715023 , 3.9431207 , 43.437313    ,0.0 , 0.0 , 0.0
1290470317395392137  , -0.3131313 , 0.019607844 , 1.046729    , 4.7298737 , 4.1073303 , 43.88646    ,0.0 , 0.0 , 0.0
1290470317412924133  , -0.26262626 , 0.078431375 , 1.046729    , 4.8231425 , 4.7183876 , 45.620113    ,0.0 , 0.0 , 0.0
1290470317415467116  , -0.2020202 , 0.12745099 , 1.046729    , 4.8500657 , 4.8070755 , 45.98018    ,0.0 , 0.0 , 0.0
1290470317432945113  , -0.18181819 , 0.16666667 , 1.046729    , 4.9718604 , 5.0500245 , 47.862873    ,0.0 , 0.0 , 0.0
1290470317435329096  , -0.2020202 , 0.16666667 , 1.046729    , 4.982381 , 5.087694 , 48.180973    ,0.0 , 0.0 , 0.0
1290470317452965094  , -0.22222222 , 0.14705883 , 1.046729    , 4.8689194 , 5.4992323 , 50.856934    ,0.0 , 0.0 , 0.0
1290470317456782076  , -0.22222222 , 0.19607843 , 1.0093458    , 4.836441 , 5.5498734 , 51.149776    ,0.0 , 0.0 , 0.0
1290470317474188072  , -0.21212122 , 0.19607843 , 0.97196263    , 4.6186523 , 5.761893 , 52.448334    ,0.0 , 0.0 , 0.0
1290470317476742055  , -0.22222222 , 0.18627451 , 0.97196263    , 4.5585847 , 5.807255 , 52.749237    ,0.0 , 0.0 , 0.0
1290470317494194052  , -0.27272728 , 0.19607843 , 0.93457943    , 4.1829433 , 6.084178 , 54.428085    ,0.0 , 0.0 , 0.0
1290470317497058035  , -0.2929293 , 0.16666667 , 0.89719623    , 4.11869 , 6.1304445 , 54.710438    ,0.0 , 0.0 , 0.0
1290470317514220032  , -0.32323232 , 0.12745099 , 0.89719623    , 3.7975361 , 6.411855 , 56.12646    ,0.0 , 0.0 , 0.0
1290470317517898015  , -0.34343433 , 0.13725491 , 0.93457943    , 3.7598665 , 6.47 , 56.32714    ,0.0 , 0.0 , 0.0
1290470317535472011  , -0.33333334 , 0.12745099 , 0.93457943    , 3.683905 , 6.706538 , 56.96416    ,0.0 , 0.0 , 0.0
1290470317537837993  , -0.2929293 , 0.12745099 , 0.97196263    , 3.680059 , 6.743504 , 57.059887    ,0.0 , 0.0 , 0.0
1290470317555517991  , -0.26262626 , 0.11764706 , 0.97196263    , 3.7021742 , 6.906004 , 57.54354    ,0.0 , 0.0 , 0.0
1290470317557814973  , -0.21212122 , 0.0882353 , 0.97196263    , 3.7052724 , 6.9089956 , 57.564587    ,0.0 , 0.0 , 0.0
1290470317575443971  , -0.1919192 , 0.068627454 , 1.0093458    , 3.7052724 , 6.856111 , 57.564587    ,0.0 , 0.0 , 0.0
1290470317578287953  , -0.2020202 , 0.0882353 , 0.97196263    , 3.6996102 , 6.847457 , 57.55583    ,0.0 , 0.0 , 0.0
1290470317595422951  , -0.22222222 , 0.0882353 , 0.97196263    , 3.5803792 , 6.734957 , 57.427944    ,0.0 , 0.0 , 0.0
1290470317599119933  , -0.27272728 , 0.068627454 , 0.97196263    , 3.5616827 , 6.7274785 , 57.404865    ,0.0 , 0.0 , 0.0
1290470317616816930  , -0.36363637 , 0.11764706 , 0.97196263    , 3.4360418 , 6.7486324 , 57.156147    ,0.0 , 0.0 , 0.0
1290470317619470912  , -0.44444445 , 0.12745099 , 0.97196263    , 3.417452 , 6.7635894 , 57.07698    ,0.0 , 0.0 , 0.0
1290470317636873909  , -0.5050505 , 0.10784314 , 1.0093458    , 3.2751443 , 6.893077 , 56.200058    ,0.0 , 0.0 , 0.0
1290470317639072892  , -0.5252525 , 0.068627454 , 1.0093458    , 3.240755 , 6.9169455 , 55.949604    ,0.0 , 0.0 , 0.0
1290470317656917890  , -0.46464646 , 0.078431375 , 0.97196263    , 2.8253706 , 7.0313687 , 52.835182    ,0.0 , 0.0 , 0.0
1290470317660842872  , -0.45454547 , 0.05882353 , 1.046729    , 2.7699218 , 7.0281634 , 52.385822    ,0.0 , 0.0 , 0.0
1290470317677912868  , -0.47474748 , 0.12745099 , 1.0841122    , 2.5160756 , 7.0094132 , 49.95794    ,0.0 , 0.0 , 0.0
1290470317680313851  , -0.45454547 , 0.13725491 , 1.0841122    , 2.4475236 , 6.9865627 , 49.29889    ,0.0 , 0.0 , 0.0
1290470317697937849  , -0.35353535 , 0.12745099 , 1.0093458    , 1.7167544 , 6.5913706 , 43.012352    ,0.0 , 0.0 , 0.0
1290470317701633831  , -0.27272728 , 0.11764706 , 0.97196263    , 1.6194253 , 6.533144 , 42.25829    ,0.0 , 0.0 , 0.0
1290470317719210827  , -0.21212122 , 0.19607843 , 0.97196263    , 1.1420215 , 6.2817016 , 39.402523    ,0.0 , 0.0 , 0.0
1290470317721737810  , -0.121212125 , 0.25490198 , 0.97196263    , 1.027655 , 6.2080593 , 38.70286    ,0.0 , 0.0 , 0.0
1290470317739257807  , -0.04040404 , 0.24509804 , 0.93457943    , 0.38662934 , 5.6484437 , 34.609913    ,0.0 , 0.0 , 0.0
1290470317741682790  , 0.030303031 , 0.10784314 , 0.89719623    , 0.2766746 , 5.5398464 , 33.872356    ,0.0 , 0.0 , 0.0
1290470317759170787  , 0.17171717 , 0.078431375 , 0.8224299    , -0.28358182 , 4.950103 , 29.69928    ,0.0 , 0.0 , 0.0
1290470317761706770  , 0.33333334 , 0.05882353 , 0.8224299    , -0.36129674 , 4.8424106 , 29.014324    ,0.0 , 0.0 , 0.0
1290470317779212767  , 0.4040404 , 0.068627454 , 0.8598131    , -0.63821983 , 4.0635643 , 24.769453    ,0.0 , 0.0 , 0.0
1290470317782894750  , 0.4040404 , 0.078431375 , 0.8598131    , -0.6564325 , 3.920691 , 24.144453    ,0.0 , 0.0 , 0.0
1290470317800502746  , 0.32323232 , 0.009803922 , 0.8598131    , -0.611721 , 3.3846333 , 22.090607    ,0.0 , 0.0 , 0.0
1290470317803238728  , 0.2929293 , -0.009803922 , 0.8598131    , -0.579456 , 3.3021548 , 21.754496    ,0.0 , 0.0 , 0.0
1290470317820454726  , 0.24242425 , 0.04901961 , 0.89719623    , -0.16407138 , 2.7598472 , 19.733341    ,0.0 , 0.0 , 0.0
1290470317822881708  , 0.11111111 , 0.05882353 , 0.97196263    , -0.11481924 , 2.7207446 , 19.612722    ,0.0 , 0.0 , 0.0
1290470317840448706  , -0.02020202 , 0.039215688 , 0.97196263    , 0.28998846 , 2.5774753 , 19.29253    ,0.0 , 0.0 , 0.0
1290470317844224688  , -0.1010101 , -0.0882353 , 0.97196263    , 0.32439017 , 2.5752318 , 19.310051    ,0.0 , 0.0 , 0.0
1290470317861901685  , -0.13131313 , -0.13725491 , 0.78504676    , 0.44618502 , 2.6117702 , 19.563896    ,0.0 , 0.0 , 0.0
1290470317864150667  , -0.13131313 , -0.039215688 , 0.97196263    , 0.6884927 , 2.6268342 , 19.604067    ,0.0 , 0.0 , 0.0
1290470317881813665  , -0.13131313 , -0.039215688 , 1.046729    , 0.8952235 , 2.8999112 , 19.907913    ,0.0 , 0.0 , 0.0
1290470317884129647  , -0.121212125 , -0.068627454 , 1.0841122    , 1.0030227 , 2.9675393 , 19.924902    ,0.0 , 0.0 , 0.0
1290470317901826645  , -0.09090909 , -0.068627454 , 1.0841122    , 1.9145612 , 3.4521549 , 19.997017    ,0.0 , 0.0 , 0.0
1290470317905366627  , -0.060606062 , -0.0882353 , 1.1214954    , 2.0092192 , 3.4909368 , 19.99926    ,0.0 , 0.0 , 0.0
1290470317923002624  , -0.05050505 , -0.05882353 , 1.1214954    , 2.5226808 , 3.6902957 , 20.022978    ,0.0 , 0.0 , 0.0
1290470317925377606  , -0.04040404 , -0.029411765 , 1.1214954    , 2.599604 , 3.7167916 , 20.03099    ,0.0 , 0.0 , 0.0
1290470317943086604  , -0.05050505 , 0.0 , 1.1214954    , 3.2005653 , 3.930253 , 20.121376    ,0.0 , 0.0 , 0.0
1290470317945374586  , -0.060606062 , -0.019607844 , 1.1214954    , 3.2512064 , 3.949911 , 20.131632    ,0.0 , 0.0 , 0.0
1290470317963103584  , -0.05050505 , 0.0 , 1.0841122    , 3.575245 , 4.1037574 , 20.210478    ,0.0 , 0.0 , 0.0
1290470317966651566  , -0.060606062 , 0.039215688 , 1.0841122    , 3.6014202 , 4.1142273 , 20.221268    ,0.0 , 0.0 , 0.0
1290470317984235562  , -0.09090909 , -0.009803922 , 1.0841122    , 3.6817086 , 4.136343 , 20.28425    ,0.0 , 0.0 , 0.0
1290470317986782545  , -0.11111111 , -0.009803922 , 1.0841122    , 3.6926813 , 4.136343 , 20.300539    ,0.0 , 0.0 , 0.0
1290470318004198542  , -0.11111111 , -0.009803922 , 1.046729    , 3.7163994 , 4.072881 , 20.391565    ,0.0 , 0.0 , 0.0
1290470318007889525  , -0.1010101 , -0.009803922 , 1.046729    , 3.71787 , 4.0500307 , 20.40367    ,0.0 , 0.0 , 0.0
1290470318025448521  , -0.1010101 , 0.039215688 , 1.0093458    , 3.702966 , 3.9481075 , 20.438765    ,0.0 , 0.0 , 0.0
1290470318027945503  , -0.11111111 , 0.039215688 , 1.0093458    , 3.6952739 , 3.9312272 , 20.443253    ,0.0 , 0.0 , 0.0
1290470318045453501  , -0.11111111 , -0.009803922 , 1.0093458    , 3.6298892 , 3.8389194 , 20.420176    ,0.0 , 0.0 , 0.0
1290470318047894483  , -0.121212125 , 0.009803922 , 1.0093458    , 3.6181371 , 3.8302655 , 20.407354    ,0.0 , 0.0 , 0.0
1290470318065444481  , -0.121212125 , 0.0 , 1.0093458    , 3.489291 , 3.750458 , 20.191008    ,0.0 , 0.0 , 0.0
1290470318069136463  , -0.11111111 , -0.029411765 , 1.0093458    , 3.47412 , 3.7450092 , 20.155752    ,0.0 , 0.0 , 0.0
1290470318086894460  , -0.09090909 , -0.029411765 , 1.0093458    , 3.376684 , 3.6828296 , 19.901264    ,0.0 , 0.0 , 0.0
1290470318089305442  , -0.1010101 , 0.0 , 1.0093458    , 3.358415 , 3.6617827 , 19.85586    ,0.0 , 0.0 , 0.0
1290470318107015440  , -0.11111111 , -0.009803922 , 1.0093458    , 3.1680303 , 3.367552 , 19.459705    ,0.0 , 0.0 , 0.0
1290470318109249422  , -0.121212125 , -0.009803922 , 1.0093458    , 3.150295 , 3.3271673 , 19.407248    ,0.0 , 0.0 , 0.0
1290470318140463420  , -0.13131313 , -0.009803922 , 1.0093458    , 3.0397182 , 2.9954367 , 18.779364    ,0.0 , 0.0 , 0.0
1290470318142326388  , -0.14141414 , 0.0 , 1.0093458    , 3.033949 , 2.9765663 , 18.72804    ,0.0 , 0.0 , 0.0
1290470318159309387  , -0.17171717 , 0.0 , 1.046729    , 2.8897183 , 2.3765664 , 16.618425    ,0.0 , 0.0 , 0.0
1290470318160378370  , -0.1919192 , -0.009803922 , 1.0841122    , 2.8994467 , 2.3162723 , 16.443878    ,0.0 , 0.0 , 0.0
1290470318178012369  , -0.1919192 , 0.039215688 , 1.0841122    , 3.1629083 , 1.0431954 , 12.924647    ,0.0 , 0.0 , 0.0
1290470318180965351  , -0.17171717 , 0.0 , 1.0841122    , 3.17637 , 0.97268254 , 12.688323    ,0.0 , 0.0 , 0.0
1290470318197941348  , -0.15151516 , -0.05882353 , 1.1214954    , 3.228293 , 0.5816569 , 10.987681    ,0.0 , 0.0 , 0.0
1290470318201637331  , -0.21212122 , -0.10784314 , 1.2336448    , 3.2325916 , 0.5189872 , 10.640623    ,0.0 , 0.0 , 0.0
1290470318219212327  , -0.24242425 , -0.1764706 , 1.3084112    , 3.2383606 , 0.27571797 , 9.005046    ,0.0 , 0.0 , 0.0
1290470318221732310  , -0.4848485 , -0.10784314 , 1.3084112    , 3.2236547 , 0.20049171 , 8.574389    ,0.0 , 0.0 , 0.0
1290470318239315307  , -0.5252525 , 0.05882353 , 1.1588784    , 2.9698088 , -0.3802775 , 5.888492    ,0.0 , 0.0 , 0.0
1290470318242352290  , -0.27272728 , 0.20588236 , 0.97196263    , 2.898655 , -0.6631961 , 5.332044    ,0.0 , 0.0 , 0.0
1290470318259267287  , -0.22222222 , 0.37254903 , 0.97196263    , 2.3813472 , -2.886914 , 1.4589673    ,0.0 , 0.0 , 0.0
1290470318263014270  , -0.24242425 , 0.51960784 , 1.046729    , 2.265623 , -3.1398551 , 0.66021174    ,0.0 , 0.0 , 0.0
1290470318280484266  , -0.14141414 , 0.5686275 , 1.0841122    , 1.7430271 , -3.452836 , -2.4888268    ,0.0 , 0.0 , 0.0
1290470318283055248  , 0.04040404 , 0.5686275 , 1.0093458    , 1.6370441 , -3.484353 , -3.2521815    ,0.0 , 0.0 , 0.0
1290470318300456246  , 0.07070707 , 0.48039216 , 0.89719623    , 0.8428134 , -4.212238 , -10.309874    ,0.0 , 0.0 , 0.0
1290470318302926228  , 0.030303031 , 0.3137255 , 0.8224299    , 0.77433044 , -4.3177934 , -11.109019    ,0.0 , 0.0 , 0.0
1290470318320457226  , 0.18181819 , 0.13725491 , 0.78504676    , 0.3829843 , -5.204332 , -18.508057    ,0.0 , 0.0 , 0.0
1290470318324262208  , 0.4848485 , 0.09803922 , 0.6728972    , 0.3554202 , -5.3400154 , -19.346733    ,0.0 , 0.0 , 0.0
1290470318341831205  , 0.85858583 , 0.13725491 , 0.71028036    , 0.2554202 , -6.6105285 , -24.234552    ,0.0 , 0.0 , 0.0
1290470318344141187  , 1.1515151 , 0.27450982 , 0.78504676    , 0.24922362 , -6.8408704 , -24.965322    ,0.0 , 0.0 , 0.0
1290470318361830185  , 1.2020202 , 0.42156863 , 0.8598131    , 0.24922362 , -9.172601 , -31.362438    ,0.0 , 0.0 , 0.0
1290470318364119167  , 0.93939394 , 0.44117647 , 0.78504676    , 0.24174498 , -9.41352 , -31.843527    ,0.0 , 0.0 , 0.0
1290470318381872165  , 0.5555556 , 0.29411766 , 0.74766356    , 0.0994373 , -10.975059 , -34.036797    ,0.0 , 0.0 , 0.0
1290470318385511147  , 0.2020202 , 0.05882353 , 0.8598131    , 0.073796265 , -11.046212 , -34.118847    ,0.0 , 0.0 , 0.0
1290470318402980143  , 0.060606062 , -0.068627454 , 0.93457943    , -0.054088347 , -10.869289 , -34.22702    ,0.0 , 0.0 , 0.0
1290470318405442126  , 0.11111111 , -0.068627454 , 0.97196263    , -0.0819164 , -10.819741 , -34.266727    ,0.0 , 0.0 , 0.0
1290470318422941123  , 0.2020202 , 0.078431375 , 0.93457943    , -0.28319845 , -10.840896 , -34.752625    ,0.0 , 0.0 , 0.0
1290470318425419106  , 0.2929293 , 0.10784314 , 0.8598131    , -0.33353782 , -10.88343 , -34.880566    ,0.0 , 0.0 , 0.0
1290470318442949103  , 0.4040404 , 0.12745099 , 0.74766356    , -0.68161476 , -11.15907 , -35.74659    ,0.0 , 0.0 , 0.0
1290470318446662086  , 0.42424244 , 0.12745099 , 0.71028036    , -0.73772335 , -11.2046585 , -35.889915    ,0.0 , 0.0 , 0.0
1290470318464217082  , 0.37373737 , 0.15686275 , 0.71028036    , -0.8742618 , -11.394081 , -36.337994    ,0.0 , 0.0 , 0.0
1290470318466780065  , 0.27272728 , 0.12745099 , 0.74766356    , -0.8742618 , -11.438539 , -36.40021    ,0.0 , 0.0 , 0.0
1290470318484289062  , 0.21212122 , 0.0882353 , 0.78504676    , -0.6915695 , -11.576359 , -36.603416    ,0.0 , 0.0 , 0.0
1290470318486737045  , 0.22222222 , 0.039215688 , 0.8224299    , -0.6320672 , -11.580658 , -36.635883    ,0.0 , 0.0 , 0.0
1290470318504223042  , 0.3030303 , 0.019607844 , 0.89719623    , -0.19296467 , -11.544119 , -36.906395    ,0.0 , 0.0 , 0.0
1290470318507886025  , 0.42424244 , 0.068627454 , 0.93457943    , -0.10224068 , -11.531676 , -36.9668    ,0.0 , 0.0 , 0.0
1290470318525456021  , 0.4949495 , 0.11764706 , 0.93457943    , 0.29968238 , -11.486484 , -37.150936    ,0.0 , 0.0 , 0.0
1290470318527876003  , 0.5555556 , 0.068627454 , 0.93457943    , 0.38483196 , -11.4775095 , -37.14752    ,0.0 , 0.0 , 0.0
1290470318545443001  , 0.5858586 , 0.068627454 , 0.89719623    , 1.0482935 , -11.365971 , -36.54752    ,0.0 , 0.0 , 0.0
1290470318547938983  , 0.67676765 , 0.15686275 , 0.89719623    , 1.1074815 , -11.338407 , -36.40692    ,0.0 , 0.0 , 0.0
1290470318565474981  , 0.6969697 , 0.23529412 , 0.89719623    , 1.504597 , -10.952829 , -34.334805    ,0.0 , 0.0 , 0.0
1290470318567903963  , 0.64646465 , 0.2254902 , 0.8598131    , 1.5345114 , -10.885949 , -33.99068    ,0.0 , 0.0 , 0.0
1290470318585460961  , 0.6060606 , 0.24509804 , 0.8224299    , 1.7220114 , -9.889795 , -29.819527    ,0.0 , 0.0 , 0.0
1290470318589244943  , 0.53535354 , 0.29411766 , 0.8598131    , 1.7403876 , -9.719176 , -29.24581    ,0.0 , 0.0 , 0.0
1290470318606906940  , 0.4040404 , 0.33333334 , 0.8598131    , 1.8660285 , -8.37815 , -25.138758    ,0.0 , 0.0 , 0.0
1290470318609089922  , 0.24242425 , 0.33333334 , 0.8598131    , 1.8925242 , -8.131889 , -24.355532    ,0.0 , 0.0 , 0.0
1290470318626816920  , 0.0 , 0.3529412 , 0.8224299    , 2.2454088 , -5.839582 , -16.630531    ,0.0 , 0.0 , 0.0
1290470318629168902  , -0.22222222 , 0.28431374 , 0.8224299    , 2.2982936 , -5.565971 , -15.428608    ,0.0 , 0.0 , 0.0
1290470318646825900  , -0.35353535 , 0.1764706 , 0.93457943    , 2.9579089 , -2.948663 , -7.682454    ,0.0 , 0.0 , 0.0
1290470318650500882  , -0.36363637 , 0.09803922 , 0.97196263    , 3.0606866 , -2.6444964 , -6.8835225    ,0.0 , 0.0 , 0.0
1290470318667974878  , -0.32323232 , 0.068627454 , 0.97196263    , 3.645302 , -1.4872848 , -3.8796763    ,0.0 , 0.0 , 0.0
1290470318670428861  , -0.26262626 , 0.019607844 , 1.0093458    , 3.831275 , -1.1890948 , -3.2916675    ,0.0 , 0.0 , 0.0
1290470318688072858  , -0.22222222 , 0.009803922 , 1.046729    , 5.185121 , 0.38141805 , -0.5455135    ,0.0 , 0.0 , 0.0
1290470318690356841  , -0.28282827 , 0.009803922 , 1.1214954    , 5.47856 , 0.6299475 , -0.14981216    ,0.0 , 0.0 , 0.0
1290470318707922839  , -0.3939394 , 0.16666667 , 2.0186915    , 8.298752 , 2.3943706 , 2.5607648    ,0.0 , 0.0 , 0.0
1290470318711628821  , -0.4949495 , 0.1764706 , 1.9813085    , 8.627599 , 2.5256739 , 2.779034    ,0.0 , 0.0 , 0.0
1290470318729218817  , -0.46464646 , -0.009803922 , 1.271028    , 9.52183 , 2.9391356 , 3.274707    ,0.0 , 0.0 , 0.0
1290470318731607800  , -0.46464646 , -0.019607844 , 1.0093458    , 9.505087 , 3.007122 , 3.2507253    ,0.0 , 0.0 , 0.0
1290470318749195797  , -0.4040404 , 0.11764706 , 1.0093458    , 8.878805 , 3.1532757 , 2.4430327    ,0.0 , 0.0 , 0.0
1290470318751705780  , -0.2020202 , 0.1764706 , 0.97196263    , 8.805502 , 3.087891 , 2.2105668    ,0.0 , 0.0 , 0.0
1290470318769217777  , 0.18181819 , 0.2254902 , 0.78504676    , 8.57922 , 2.2314808 , 0.58684886    ,0.0 , 0.0 , 0.0
1290470318771664760  , 0.17171717 , 0.25490198 , 0.89719623    , 8.559423 , 2.0423405 , 0.28266332    ,0.0 , 0.0 , 0.0
1290470318789220757  , 0.27272728 , 0.24509804 , 0.89719623    , 8.622885 , 1.5109304 , -1.1141316    ,0.0 , 0.0 , 0.0
1290470318792855740  , 0.32323232 , 0.21568628 , 0.97196263    , 8.633518 , 1.5269938 , -1.3014618    ,0.0 , 0.0 , 0.0
1290470318810462736  , 0.28282827 , 0.20588236 , 0.97196263    , 8.705634 , 1.6058398 , -1.6432887    ,0.0 , 0.0 , 0.0
1290470318813080718  , 0.15151516 , 0.20588236 , 1.046729    , 8.7176 , 1.6457971 , -1.6253401    ,0.0 , 0.0 , 0.0
1290470318830463716  , 0.060606062 , 0.1764706 , 1.0841122    , 8.69933 , 2.2890663 , -0.77245545    ,0.0 , 0.0 , 0.0
1290470318833198698  , -0.030303031 , 0.15686275 , 1.046729    , 8.67369 , 2.3519938 , -0.6449982    ,0.0 , 0.0 , 0.0
1290470318850499696  , -0.14141414 , 0.10784314 , 1.0841122    , 8.235228 , 2.8943014 , 0.4973095    ,0.0 , 0.0 , 0.0
1290470318854166678  , -0.1919192 , 0.068627454 , 1.1214954    , 8.171339 , 2.9444082 , 0.6000873    ,0.0 , 0.0 , 0.0
1290470318871745675  , -0.15151516 , 0.078431375 , 1.1214954    , 7.775185 , 3.0309467 , 0.93598473    ,0.0 , 0.0 , 0.0
1290470318874223657  , -0.1010101 , 0.05882353 , 1.1962616    , 7.71557 , 3.0082972 , 0.9349163    ,0.0 , 0.0 , 0.0
1290470318892933655  , -0.02020202 , 0.068627454 , 1.2336448    , 7.166531 , 2.6842587 , 0.51280093    ,0.0 , 0.0 , 0.0
1290470318894711636  , 0.07070707 , 0.068627454 , 1.2336448    , 7.102766 , 2.6259592 , 0.43931916    ,0.0 , 0.0 , 0.0
1290470318911701634  , 0.14141414 , 0.0882353 , 1.271028    , 6.354689 , 1.811536 , -0.3193347    ,0.0 , 0.0 , 0.0
1290470318915932617  , 0.16161616 , 0.05882353 , 1.3457944    , 6.2429247 , 1.7174183 , -0.3938822    ,0.0 , 0.0 , 0.0
1290470318933001613  , 0.17171717 , 0.039215688 , 1.3831775    , 5.6054244 , 1.2602068 , -0.5684014    ,0.0 , 0.0 , 0.0
1290470318935403596  , 0.21212122 , -0.04901961 , 1.4579439    , 5.403954 , 1.1361119 , -0.5684014    ,0.0 , 0.0 , 0.0
1290470318952975593  , 0.26262626 , -0.068627454 , 1.4953271    , 3.8815181 , 0.38482976 , -0.38442704    ,0.0 , 0.0 , 0.0
1290470318955415576  , 0.2929293 , -0.14705883 , 1.6448598    , 3.529482 , 0.24150395 , -0.31610125    ,0.0 , 0.0 , 0.0
1290470318973065573  , 0.21212122 , -0.1764706 , 1.7196262    , 0.9814049 , -0.46875244 , 0.27684745    ,0.0 , 0.0 , 0.0
1290470318976724556  , 0.08080808 , -0.14705883 , 1.5700935    , 0.42009267 , -0.58594704 , 0.4168927    ,0.0 , 0.0 , 0.0
1290470318994271552  , -0.04040404 , -0.12745099 , 1.4579439    , -2.432792 , -1.2224854 , 1.1005466    ,0.0 , 0.0 , 0.0
1290470318996844535  , -0.09090909 , -0.029411765 , 1.3084112    , -3.192181 , -1.4024628 , 1.2616326    ,0.0 , 0.0 , 0.0
1290470319014255532  , -0.04040404 , 0.009803922 , 1.2336448    , -6.4005146 , -2.505027 , 2.074453    ,0.0 , 0.0 , 0.0
1290470319016713515  , 0.11111111 , -0.05882353 , 1.1588784    , -7.039089 , -2.7121537 , 2.198661    ,0.0 , 0.0 , 0.0
1290470319034278512  , 0.28282827 , -0.20588236 , 1.1214954    , -10.936525 , -3.9108715 , 2.8909688    ,0.0 , 0.0 , 0.0
1290470319037923495  , 0.2929293 , -0.47058824 , 0.78504676    , -11.648629 , -4.09741 , 3.04029    ,0.0 , 0.0 , 0.0
1290470319055460491  , 0.24242425 , -0.1764706 , 1.1214954    , -14.385649 , -4.4007754 , 3.8436556    ,0.0 , 0.0 , 0.0
1290470319058192473  , 0.25252524 , 0.0 , 1.0093458    , -15.252101 , -4.520113 , 4.0506    ,0.0 , 0.0 , 0.0
1290470319075507471  , 0.22222222 , -0.029411765 , 0.78504676    , -21.415564 , -5.8191514 , 6.2198305    ,0.0 , 0.0 , 0.0
1290470319078016453  , 0.18181819 , -0.0882353 , 0.635514    , -22.139387 , -5.9496 , 6.5009203    ,0.0 , 0.0 , 0.0
1290470319095504451  , 0.05050505 , -0.16666667 , 0.5233645    , -29.076887 , -6.931331 , 9.430728    ,0.0 , 0.0 , 0.0
1290470319099458433  , -0.09090909 , -0.19607843 , 0.3364486    , -29.860006 , -6.9664807 , 9.793442    ,0.0 , 0.0 , 0.0
1290470319116740429  , -0.17171717 , -0.30392158 , 0.11214953    , -33.36962 , -6.7626343 , 11.453538    ,0.0 , 0.0 , 0.0
1290470319119147412  , -0.2020202 , -0.37254903 , -0.07476635    , -34.096996 , -6.6444216 , 11.812136    ,0.0 , 0.0 , 0.0
1290470319136728410  , -0.17171717 , -0.4509804 , -0.22429906    , -39.265266 , -5.2492294 , 14.455404    ,0.0 , 0.0 , 0.0
1290470319139197392  , -0.09090909 , -0.6666667 , -0.2990654    , -39.959713 , -5.0728407 , 14.694186    ,0.0 , 0.0 , 0.0
1290470319156727390  , -0.08080808 , -1.0196079 , -0.22429906    , -44.755867 , -3.411302 , 16.362455    ,0.0 , 0.0 , 0.0
1290470319159139372  , -0.24242425 , -1.2156863 , 0.037383176    , -45.12627 , -3.271345 , 16.505405    ,0.0 , 0.0 , 0.0
1290470319176844370  , -0.3838384 , -1.117647 , 0.37383178    , -47.346462 , -2.4328833 , 17.468866    ,0.0 , 0.0 , 0.0
1290470319180477352  , -0.33333334 , -0.85294116 , 0.48598132    , -47.53557 , -2.3763661 , 17.520897    ,0.0 , 0.0 , 0.0
1290470319198024348  , -0.15151516 , -0.627451 , 0.3364486    , -48.623547 , -2.1898277 , 17.4233    ,0.0 , 0.0 , 0.0
1290470319200504331  , 0.04040404 , -0.50980395 , 0.037383176    , -48.99934 , -2.1426558 , 17.339703    ,0.0 , 0.0 , 0.0
1290470319218278328  , 0.13131313 , -0.57843137 , -0.18691589    , -51.326904 , -1.8362455 , 16.785215    ,0.0 , 0.0 , 0.0
1290470319220376311  , 0.030303031 , -0.7941176 , -0.26168224    , -51.695114 , -1.7623768 , 16.709084    ,0.0 , 0.0 , 0.0
1290470319238001309  , -0.060606062 , -0.85294116 , -0.22429906    , -53.831654 , -1.3594922 , 16.437931    ,0.0 , 0.0 , 0.0
1290470319241690291  , -0.1010101 , -0.872549 , -0.037383176    , -53.97535 , -1.3394067 , 16.433657    ,0.0 , 0.0 , 0.0
1290470319259248287  , -0.08080808 , -0.85294116 , 0.0    , -54.369583 , -1.317772 , 16.438465    ,0.0 , 0.0 , 0.0
1290470319261627270  , -0.060606062 , -0.89215684 , 0.037383176    , -54.442772 , -1.3138127 , 16.438465    ,0.0 , 0.0 , 0.0
1290470319282076267  , -0.07070707 , -0.9607843 , 0.037383176    , -54.894695 , -1.1843256 , 16.425003    ,0.0 , 0.0 , 0.0
1290470319283245247  , -0.09090909 , -0.99019605 , 0.0    , -54.96085 , -1.1592294 , 16.42279    ,0.0 , 0.0 , 0.0
1290470319299235246  , -0.1010101 , -0.9411765 , -0.037383176    , -56.13008 , -0.847691 , 16.265099    ,0.0 , 0.0 , 0.0
1290470319302958230  , -0.09090909 , -0.89215684 , -0.07476635    , -56.185608 , -0.84023905 , 16.243465    ,0.0 , 0.0 , 0.0
1290470319320484226  , -0.09090909 , -0.85294116 , -0.11214953    , -56.340416 , -0.85273904 , 16.118946    ,0.0 , 0.0 , 0.0
1290470319322895208  , -0.1010101 , -0.84313726 , -0.1495327    , -56.351955 , -0.84504676 , 16.081125    ,0.0 , 0.0 , 0.0
1290470319340512206  , -0.11111111 , -0.8039216 , -0.22429906    , -56.132725 , -0.69408524 , 15.683048    ,0.0 , 0.0 , 0.0
1290470319342908188  , -0.1010101 , -0.7941176 , -0.26168224    , -56.05623 , -0.6657733 , 15.631659    ,0.0 , 0.0 , 0.0
1290470319360636186  , -0.04040404 , -0.7647059 , -0.2990654    , -54.75334 , -0.3667348 , 15.076851    ,0.0 , 0.0 , 0.0
1290470319364221168  , -0.030303031 , -0.7745098 , -0.3364486    , -54.52578 , -0.32517496 , 15.00527    ,0.0 , 0.0 , 0.0
1290470319381820165  , -0.1010101 , -0.7745098 , -0.2990654    , -52.43219 , -0.070687786 , 14.533475    ,0.0 , 0.0 , 0.0
1290470319384794147  , -0.13131313 , -0.6960784 , -0.18691589    , -51.965202 , -0.019726243 , 14.444159    ,0.0 , 0.0 , 0.0
1290470319401838144  , -0.13131313 , -0.5 , -0.18691589    , -48.38251 , 0.1212994 , 13.775569    ,0.0 , 0.0 , 0.0
1290470319404172127  , -0.2020202 , -0.32352942 , -0.22429906    , -47.608303 , 0.1212994 , 13.624778    ,0.0 , 0.0 , 0.0
1290470319419233125  , -0.21212122 , -0.10784314 , -0.26168224    , -39.678493 , 0.6087994 , 11.978623    ,0.0 , 0.0 , 0.0
1290470319425481110  , -0.030303031 , 0.12745099 , -0.22429906    , -37.899647 , 0.7262353 , 11.711957    ,0.0 , 0.0 , 0.0
1290470319443032103  , 0.2020202 , 0.28431374 , -0.07476635    , -33.622177 , 1.0056309 , 11.076517    ,0.0 , 0.0 , 0.0
1290470319447025086  , 0.36363637 , 0.34313726 , 0.26168224    , -31.677605 , 1.1136626 , 10.826065    ,0.0 , 0.0 , 0.0
1290470319463122082  , 0.41414142 , 0.25490198 , 0.8224299    , -22.80501 , 1.4405856 , 9.984718    ,0.0 , 0.0 , 0.0
1290470319465456066  , 0.24242425 , 0.0882353 , 1.4205607    , -20.494913 , 1.5173886 , 9.847699    ,0.0 , 0.0 , 0.0
1290470319482978063  , -0.02020202 , -0.09803922 , 1.7943925    , -8.219272 , 2.000722 , 9.520777    ,0.0 , 0.0 , 0.0
1290470319486808046  , -0.08080808 , -0.20588236 , 1.7943925    , -6.150833 , 2.0520794 , 9.496795    ,0.0 , 0.0 , 0.0
1290470319504267042  , -0.01010101 , -0.21568628 , 1.7196262    , 1.9958014 , 1.9015986 , 9.354006    ,0.0 , 0.0 , 0.0
1290470319506637025  , 0.060606062 , -0.15686275 , 1.7570094    , 3.746367 , 1.839947 , 9.297445    ,0.0 , 0.0 , 0.0
1290470319524247022  , 0.030303031 , -0.029411765 , 2.2429907    , 12.618162 , 1.7502034 , 8.872445    ,0.0 , 0.0 , 0.0
1290470319526925005  , 0.18181819 , 0.009803922 , 2.130841    , 13.494067 , 1.7074432 , 8.796879    ,0.0 , 0.0 , 0.0
1290470319544211002  , 0.26262626 , -0.04901961 , 1.5700935    , 16.087656 , -0.54768497 , 8.430213    ,0.0 , 0.0 , 0.0
1290470319547951985  , 0.14141414 , -0.0882353 , 1.3457944    , 16.268087 , -0.76793385 , 8.383606    ,0.0 , 0.0 , 0.0
1290470319565477981  , 0.04040404 , -0.039215688 , 1.2336448    , 16.304144 , -0.5938954 , 8.148991    ,0.0 , 0.0 , 0.0
1290470319567884963  , 0.07070707 , -0.039215688 , 1.1214954    , 16.273375 , -0.47049797 , 8.09835    ,0.0 , 0.0 , 0.0
1290470319585488961  , 0.17171717 , 0.0 , 1.046729    , 16.115683 , 0.34392512 , 7.8012342    ,0.0 , 0.0 , 0.0
1290470319587921943  , 0.18181819 , 0.009803922 , 1.046729    , 16.132349 , 0.41133964 , 7.789055    ,0.0 , 0.0 , 0.0
1290470319605474941  , 0.15151516 , 0.019607844 , 1.1214954    , 16.57081 , 1.3267243 , 7.9102087    ,0.0 , 0.0 , 0.0
1290470319609184923  , 0.13131313 , 0.019607844 , 1.1588784    , 16.63908 , 1.4741602 , 7.9417257    ,0.0 , 0.0 , 0.0
1290470319626721920  , 0.13131313 , 0.019607844 , 1.1588784    , 17.05126 , 2.4042883 , 8.182752    ,0.0 , 0.0 , 0.0
1290470319629186902  , 0.11111111 , 0.009803922 , 1.1962616    , 17.108631 , 2.538049 , 8.22399    ,0.0 , 0.0 , 0.0
1290470319646783900  , 0.09090909 , -0.019607844 , 1.2336448    , 17.478825 , 3.489972 , 8.586491    ,0.0 , 0.0 , 0.0
1290470319649222882  , 0.09090909 , -0.04901961 , 1.2336448    , 17.49955 , 3.5612328 , 8.618755    ,0.0 , 0.0 , 0.0
1290470319666721880  , 0.11111111 , -0.04901961 , 1.1214954    , 17.49955 , 3.6804636 , 8.829332    ,0.0 , 0.0 , 0.0
1290470319670450862  , 0.11111111 , 0.0 , 1.046729    , 17.483952 , 3.6444592 , 8.8410845    ,0.0 , 0.0 , 0.0
1290470319688117858  , 0.060606062 , -0.009803922 , 1.0093458    , 17.409914 , 3.4040747 , 8.8478155    ,0.0 , 0.0 , 0.0
1290470319690401841  , 0.02020202 , 0.019607844 , 0.97196263    , 17.401316 , 3.3494368 , 8.842725    ,0.0 , 0.0 , 0.0
1290470319708016838  , 0.01010101 , 0.04901961 , 0.89719623    , 17.448751 , 2.9789238 , 8.785674    ,0.0 , 0.0 , 0.0
1290470319710435821  , 0.04040404 , 0.029411765 , 0.8224299    , 17.484724 , 2.876322 , 8.774136    ,0.0 , 0.0 , 0.0
1290470319728012818  , 0.08080808 , 0.05882353 , 0.8224299    , 17.900751 , 2.1955528 , 8.694648    ,0.0 , 0.0 , 0.0
1290470319731864801  , 0.1010101 , 0.068627454 , 0.8598131    , 18.017605 , 2.0943084 , 8.679377    ,0.0 , 0.0 , 0.0
1290470319749286797  , 0.1010101 , 0.068627454 , 0.89719623    , 18.684914 , 1.8500777 , 8.619281    ,0.0 , 0.0 , 0.0
1290470319751696780  , 0.09090909 , 0.11764706 , 0.89719623    , 18.871 , 1.8316388 , 8.607968    ,0.0 , 0.0 , 0.0
1290470319769247777  , 0.08080808 , 0.15686275 , 0.93457943    , 20.055614 , 1.9322798 , 8.557968    ,0.0 , 0.0 , 0.0
1290470319771689760  , 0.07070707 , 0.14705883 , 1.0093458    , 20.288872 , 1.9747006 , 8.5546875    ,0.0 , 0.0 , 0.0
1290470319789332757  , 0.08080808 , 0.16666667 , 1.0841122    , 21.76195 , 2.2747006 , 8.538021    ,0.0 , 0.0 , 0.0
1290470319792967740  , 0.11111111 , 0.16666667 , 1.1962616    , 22.043398 , 2.318592 , 8.530555    ,0.0 , 0.0 , 0.0
1290470319810499736  , 0.11111111 , 0.14705883 , 1.271028    , 23.240993 , 2.3959959 , 8.530555    ,0.0 , 0.0 , 0.0
1290470319813209718  , 0.11111111 , 0.1764706 , 1.2336448    , 23.483088 , 2.384778 , 8.536004    ,0.0 , 0.0 , 0.0
1290470319830530716  , 0.08080808 , 0.20588236 , 1.1214954    , 25.31578 , 2.0318933 , 8.611004    ,0.0 , 0.0 , 0.0
1290470319832922698  , 0.04040404 , 0.24509804 , 1.046729    , 25.492596 , 1.9829617 , 8.617949    ,0.0 , 0.0 , 0.0
1290470319850723696  , 0.02020202 , 0.25490198 , 1.0093458    , 27.085865 , 1.6464232 , 8.579487    ,0.0 , 0.0 , 0.0
1290470319853104678  , 0.02020202 , 0.2647059 , 1.0093458    , 27.286613 , 1.6200343 , 8.553098    ,0.0 , 0.0 , 0.0
1290470319870547676  , 0.07070707 , 0.3627451 , 1.0093458    , 29.399113 , 1.4334959 , 8.106944    ,0.0 , 0.0 , 0.0
1290470319874437658  , 0.09090909 , 0.37254903 , 1.0841122    , 29.663643 , 1.3996284 , 8.045833    ,0.0 , 0.0 , 0.0
1290470319891767654  , 0.1010101 , 0.43137255 , 1.046729    , 30.862682 , 1.2154937 , 7.8131404    ,0.0 , 0.0 , 0.0
1290470319894163637  , 0.07070707 , 0.4117647 , 1.0093458    , 31.129198 , 1.1713761 , 7.769928    ,0.0 , 0.0 , 0.0
1290470319911748635  , 0.030303031 , 0.48039216 , 0.93457943    , 33.24362 , 0.95599145 , 7.4622355    ,0.0 , 0.0 , 0.0
1290470319914212617  , 0.05050505 , 0.51960784 , 0.8598131    , 33.483685 , 0.95022225 , 7.419928    ,0.0 , 0.0 , 0.0
1290470319932100615  , 0.14141414 , 0.54901963 , 0.78504676    , 35.807724 , 0.88772225 , 6.9439664    ,0.0 , 0.0 , 0.0
1290470319935714597  , 0.22222222 , 0.5980392 , 0.74766356    , 36.091698 , 0.8821667 , 6.8946075    ,0.0 , 0.0 , 0.0
1290470319953047593  , 0.17171717 , 0.6764706 , 0.71028036    , 37.463814 , 0.97495514 , 6.770088    ,0.0 , 0.0 , 0.0
1290470319955477576  , 0.01010101 , 0.74509805 , 0.635514    , 37.80171 , 1.0423759 , 6.778233    ,0.0 , 0.0 , 0.0
1290470319972985573  , -0.08080808 , 0.7254902 , 0.635514    , 39.87863 , 1.6096836 , 6.9147716    ,0.0 , 0.0 , 0.0
1290470319975416556  , 0.0 , 0.7058824 , 0.5981308    , 40.2956 , 1.6885298 , 6.921898    ,0.0 , 0.0 , 0.0
1290470319992996553  , 0.121212125 , 0.7254902 , 0.5981308    , 42.925728 , 1.8019913 , 6.8052316    ,0.0 , 0.0 , 0.0
1290470319996689536  , 0.2020202 , 0.7745098 , 0.635514    , 43.422337 , 1.787738 , 6.7740097    ,0.0 , 0.0 , 0.0
1290470320014247532  , 0.2929293 , 0.8235294 , 0.5981308    , 45.595413 , 1.7358149 , 6.7033367    ,0.0 , 0.0 , 0.0
1290470320016747515  , 0.43434343 , 0.9117647 , 0.5607477    , 46.112946 , 1.7440728 , 6.72845    ,0.0 , 0.0 , 0.0
1290470320034295512  , 0.46464646 , 0.9705882 , 0.44859812    , 49.082176 , 1.9684318 , 7.227809    ,0.0 , 0.0 , 0.0
1290470320036682495  , 0.44444445 , 1.0588236 , 0.44859812    , 49.612946 , 2.067866 , 7.392288    ,0.0 , 0.0 , 0.0
1290470320054245492  , 0.34343433 , 1.0490196 , 0.5981308    , 52.811024 , 2.865302 , 8.7102375    ,0.0 , 0.0 , 0.0
1290470320056713475  , 0.3030303 , 1.0294118 , 0.78504676    , 53.425842 , 2.9801211 , 8.980825    ,0.0 , 0.0 , 0.0
1290470320074243472  , 0.24242425 , 0.98039216 , 0.93457943    , 57.113663 , 3.0115314 , 10.503902    ,0.0 , 0.0 , 0.0
1290470320076679455  , 0.16161616 , 0.84313726 , 1.0093458    , 57.774296 , 2.8583639 , 10.756956    ,0.0 , 0.0 , 0.0
1290470320094354452  , 0.060606062 , 0.7745098 , 0.93457943    , 61.48455 , 1.0987486 , 11.961444    ,0.0 , 0.0 , 0.0
1290470320098013435  , 0.01010101 , 0.74509805 , 0.8224299    , 62.15808 , 0.6835901 , 12.150131    ,0.0 , 0.0 , 0.0
1290470320115493431  , -0.04040404 , 0.6862745 , 0.78504676    , 64.39029 , -1.1803522 , 12.679459    ,0.0 , 0.0 , 0.0
1290470320117996413  , -0.060606062 , 0.65686274 , 0.71028036    , 64.84457 , -1.5371897 , 12.770591    ,0.0 , 0.0 , 0.0
1290470320135485411  , -0.11111111 , 0.6666667 , 0.635514    , 68.49361 , -3.9650743 , 13.385976    ,0.0 , 0.0 , 0.0
1290470320138031393  , -0.11111111 , 0.65686274 , 0.5981308    , 68.855995 , -4.1531086 , 13.429138    ,0.0 , 0.0 , 0.0
1290470320155501391  , -0.060606062 , 0.6960784 , 0.44859812    , 71.66946 , -5.32907 , 13.452215    ,0.0 , 0.0 , 0.0
1290470320159296373  , 0.05050505 , 0.74509805 , 0.2990654    , 71.941895 , -5.433023 , 13.40916    ,0.0 , 0.0 , 0.0
1290470320176757370  , 0.121212125 , 0.75490195 , 0.18691589    , 73.43997 , -5.9926386 , 12.938005    ,0.0 , 0.0 , 0.0
1290470320179312352  , 0.18181819 , 0.78431374 , 0.1495327    , 73.679825 , -6.067959 , 12.842065    ,0.0 , 0.0 , 0.0
1290470320196813350  , 0.2020202 , 0.78431374 , 0.1495327    , 75.8029 , -6.621805 , 11.892065    ,0.0 , 0.0 , 0.0
1290470320199222332  , 0.21212122 , 0.78431374 , 0.1495327    , 76.03826 , -6.671271 , 11.782236    ,0.0 , 0.0 , 0.0
1290470320216753330  , 0.21212122 , 0.8137255 , 0.11214953    , 78.13057 , -7.1347327 , 10.78416    ,0.0 , 0.0 , 0.0
1290470320219178312  , 0.24242425 , 0.9019608 , 0.07476635    , 78.35706 , -7.195737 , 10.670591    ,0.0 , 0.0 , 0.0
1290470320236754310  , 0.27272728 , 0.89215684 , 0.11214953    , 80.36476 , -7.712083 , 9.666745    ,0.0 , 0.0 , 0.0
1290470320242359292  , 0.27272728 , 0.92156863 , 0.18691589    , 80.58442 , -7.756634 , 9.559052    ,0.0 , 0.0 , 0.0
1290470320257038287  , 0.2929293 , 0.9313725 , 0.26168224    , 81.3798 , -7.850865 , 9.193283    ,0.0 , 0.0 , 0.0
1290470320260511272  , 0.2929293 , 0.95098037 , 0.2990654    , 81.628136 , -7.8666344 , 9.079437    ,0.0 , 0.0 , 0.0
1290470320278011268  , 0.32323232 , 0.9705882 , 0.3364486    , 82.45938 , -7.894038 , 8.677514    ,0.0 , 0.0 , 0.0
1290470320280435251  , 0.33333334 , 1.0098039 , 0.3364486    , 82.62805 , -7.901278 , 8.589052    ,0.0 , 0.0 , 0.0
1290470320297987248  , 0.3131313 , 1.0686275 , 0.26168224    , 83.411385 , -7.8749957 , 8.137771    ,0.0 , 0.0 , 0.0
1290470320300446231  , 0.2929293 , 1.0980393 , 0.22429906    , 83.5193 , -7.867756 , 8.070236    ,0.0 , 0.0 , 0.0
1290470320318079228  , 0.28282827 , 1.1078432 , 0.22429906    , 84.005844 , -7.81391 , 7.7195954    ,0.0 , 0.0 , 0.0
1290470320321713211  , 0.2929293 , 1.0882353 , 0.2990654    , 84.07496 , -7.788118 , 7.6650705    ,0.0 , 0.0 , 0.0
1290470320339241207  , 0.2929293 , 1.1078432 , 0.2990654    , 84.28169 , -7.633791 , 7.464109    ,0.0 , 0.0 , 0.0
1290470320341657190  , 0.3030303 , 1.0980393 , 0.3364486    , 84.30872 , -7.5961213 , 7.423724    ,0.0 , 0.0 , 0.0
1290470320359541187  , 0.3131313 , 1.0686275 , 0.37383178    , 84.32091 , -7.3736854 , 7.2487245    ,0.0 , 0.0 , 0.0
1290470320361957169  , 0.3030303 , 1.0588236 , 0.41121495    , 84.29452 , -7.3311644 , 7.229173    ,0.0 , 0.0 , 0.0
1290470320379270167  , 0.3030303 , 1.0098039 , 0.44859812    , 83.7849 , -6.8503947 , 7.1484036    ,0.0 , 0.0 , 0.0
1290470320382987150  , 0.33333334 , 1.0196079 , 0.5233645    , 83.68874 , -6.777431 , 7.1508927    ,0.0 , 0.0 , 0.0
1290470320400548146  , 0.35353535 , 0.99019605 , 0.5981308    , 83.081055 , -6.343777 , 7.2287774    ,0.0 , 0.0 , 0.0
1290470320402972128  , 0.3838384 , 0.9607843 , 0.6728972    , 82.895584 , -6.20788 , 7.265743    ,0.0 , 0.0 , 0.0
1290470320420527126  , 0.3939394 , 0.9411765 , 0.71028036    , 80.74558 , -4.7338414 , 7.758051    ,0.0 , 0.0 , 0.0
1290470320422960108  , 0.34343433 , 0.872549 , 0.8224299    , 80.45093 , -4.5388627 , 7.833905    ,0.0 , 0.0 , 0.0
1290470320440509106  , 0.3131313 , 0.85294116 , 0.93457943    , 77.22689 , -2.4571319 , 8.73679    ,0.0 , 0.0 , 0.0
1290470320444132088  , 0.3030303 , 0.8137255 , 0.89719623    , 76.78287 , -2.258414 , 8.856769    ,0.0 , 0.0 , 0.0
1290470320461749085  , 0.26262626 , 0.9019608 , 0.8224299    , 73.49505 , -1.3975166 , 9.684333    ,0.0 , 0.0 , 0.0
1290470320464355067  , 0.22222222 , 0.9705882 , 0.78504676    , 72.86054 , -1.2416404 , 9.828884    ,0.0 , 0.0 , 0.0
1290470320481793065  , 0.16161616 , 1.0196079 , 0.5981308    , 66.5615 , 0.27759027 , 11.169269    ,0.0 , 0.0 , 0.0
1290470320484184047  , 0.1010101 , 0.9607843 , 0.44859812    , 66.07379 , 0.4387014 , 11.321405    ,0.0 , 0.0 , 0.0
1290470320501795045  , 0.030303031 , 0.9313725 , 0.41121495    , 61.391098 , 1.9896629 , 12.540636    ,0.0 , 0.0 , 0.0
1290470320505483027  , 0.0 , 0.85294116 , 0.41121495    , 60.86065 , 2.2022698 , 12.641384    ,0.0 , 0.0 , 0.0
1290470320522992023  , 0.07070707 , 0.7941176 , 0.37383178    , 58.500072 , 3.2469814 , 12.903403    ,0.0 , 0.0 , 0.0
1290470320525397006  , 0.16161616 , 0.7647059 , 0.44859812    , 57.955387 , 3.5067098 , 12.931344    ,0.0 , 0.0 , 0.0
1290470320543049003  , 0.23232323 , 0.71568626 , 0.48598132    , 54.878464 , 5.191325 , 12.979422    ,0.0 , 0.0 , 0.0
1290470320545431986  , 0.23232323 , 0.8235294 , 0.71028036    , 54.322468 , 5.5647416 , 12.983833    ,0.0 , 0.0 , 0.0
1290470320563151983  , 0.25252524 , 0.88235295 , 0.8598131    , 51.02439 , 8.291664 , 12.977423    ,0.0 , 0.0 , 0.0
1290470320566780966  , 0.22222222 , 0.92156863 , 0.8598131    , 50.40392 , 8.778429 , 12.997445    ,0.0 , 0.0 , 0.0
1290470320584279962  , 0.23232323 , 0.9313725 , 0.6728972    , 47.625072 , 10.471699 , 13.258022    ,0.0 , 0.0 , 0.0
1290470320586746945  , 0.3131313 , 0.84313726 , 0.37383178    , 46.9667 , 10.720001 , 13.359493    ,0.0 , 0.0 , 0.0
1290470320604241942  , 0.34343433 , 0.7058824 , 0.18691589    , 43.521187 , 11.55013 , 14.0768    ,0.0 , 0.0 , 0.0
1290470320606672925  , 0.2929293 , 0.54901963 , 0.2990654    , 43.012703 , 11.719248 , 14.210511    ,0.0 , 0.0 , 0.0
1290470320624331922  , 0.14141414 , 0.4019608 , 0.48598132    , 39.287064 , 13.303863 , 14.925255    ,0.0 , 0.0 , 0.0
1290470320627926905  , -0.030303031 , 0.28431374 , 0.5981308    , 38.731068 , 13.686894 , 15.016996    ,0.0 , 0.0 , 0.0
1290470320645519901  , -0.14141414 , 0.25490198 , 0.5981308    , 36.78203 , 15.343144 , 15.165554    ,0.0 , 0.0 , 0.0
1290470320647954883  , -0.27272728 , 0.1764706 , 0.5607477    , 36.437157 , 15.621136 , 15.133289    ,0.0 , 0.0 , 0.0
1290470320665787881  , -0.2020202 , 0.18627451 , 0.5981308    , 33.979465 , 17.102867 , 14.17079    ,0.0 , 0.0 , 0.0
1290470320667886863  , -0.08080808 , 0.28431374 , 0.6728972    , 33.776688 , 17.085453 , 14.009144    ,0.0 , 0.0 , 0.0
1290470320701786861  , -0.05050505 , 0.32352942 , 0.74766356    , 32.5238 , 15.017183 , 12.427413    ,0.0 , 0.0 , 0.0
1290470320702926827  , -0.030303031 , 0.32352942 , 0.78504676    , 32.477985 , 14.827082 , 12.33635    ,0.0 , 0.0 , 0.0
1290470320709234826  , 0.060606062 , 0.29411766 , 1.046729    , 31.67414 , 8.054005 , 9.494042    ,0.0 , 0.0 , 0.0
1290470320726744820  , 0.0 , 0.25490198 , 1.1588784    , 31.508436 , 7.5235558 , 9.151414    ,0.0 , 0.0 , 0.0
1290470320729228802  , -0.09090909 , 0.19607843 , 1.1214954    , 31.38835 , 7.483812 , 9.078979    ,0.0 , 0.0 , 0.0
1290470320746751800  , -0.060606062 , 0.078431375 , 1.046729    , 29.87585 , 7.6491966 , 8.756863    ,0.0 , 0.0 , 0.0
1290470320749266782  , 0.05050505 , -0.0882353 , 1.046729    , 29.702774 , 7.662872 , 8.733679    ,0.0 , 0.0 , 0.0
1290470320766785780  , 0.08080808 , -0.11764706 , 1.046729    , 28.335466 , 7.8590255 , 8.493295    ,0.0 , 0.0 , 0.0
1290470320770431762  , 0.0 , -0.10784314 , 1.1214954    , 28.222324 , 7.897701 , 8.4534445    ,0.0 , 0.0 , 0.0
1290470320788228758  , -0.05050505 , -0.0882353 , 1.1588784    , 27.884344 , 8.048182 , 8.216906    ,0.0 , 0.0 , 0.0
1290470320791145741  , -0.030303031 , -0.009803922 , 1.1214954    , 27.827217 , 8.014132 , 8.14858    ,0.0 , 0.0 , 0.0
1290470320808028738  , -0.04040404 , 0.019607844 , 1.0093458    , 27.496449 , 7.442978 , 7.781272    ,0.0 , 0.0 , 0.0
1290470320810496721  , -0.09090909 , -0.019607844 , 0.93457943    , 27.422354 , 7.3575706 , 7.720073    ,0.0 , 0.0 , 0.0
1290470320828023718  , -0.1919192 , -0.068627454 , 0.89719623    , 26.88966 , 7.3659043 , 7.343791    ,0.0 , 0.0 , 0.0
1290470320831753701  , -0.2020202 , -0.078431375 , 0.8598131    , 26.793055 , 7.441017 , 7.2625694    ,0.0 , 0.0 , 0.0
1290470320849279697  , -0.09090909 , -0.039215688 , 0.8224299    , 26.493055 , 7.7342863 , 6.827954    ,0.0 , 0.0 , 0.0
1290470320851824680  , 0.05050505 , -0.05882353 , 0.8598131    , 26.45561 , 7.7639246 , 6.7068    ,0.0 , 0.0 , 0.0
1290470320869563677  , 0.121212125 , -0.05882353 , 0.89719623    , 26.403688 , 7.8850784 , 5.9971848    ,0.0 , 0.0 , 0.0
1290470320871876659  , 0.121212125 , -0.068627454 , 0.89719623    , 26.417042 , 7.907514 , 5.899535    ,0.0 , 0.0 , 0.0
1290470320889273657  , 0.04040404 , -0.039215688 , 0.89719623    , 26.705503 , 8.015206 , 5.28992    ,0.0 , 0.0 , 0.0
1290470320891716640  , -0.030303031 , -0.019607844 , 0.89719623    , 26.75867 , 8.024709 , 5.2421823    ,0.0 , 0.0 , 0.0
1290470320909269637  , -0.05050505 , -0.009803922 , 0.93457943    , 27.140722 , 7.9926577 , 4.9761567    ,0.0 , 0.0 , 0.0
1290470320911696620  , -0.060606062 , 0.009803922 , 1.0093458    , 27.222397 , 7.9952593 , 4.9200478    ,0.0 , 0.0 , 0.0
1290470320929279617  , -0.060606062 , 0.009803922 , 1.1214954    , 27.741629 , 8.238208 , 4.522612    ,0.0 , 0.0 , 0.0
1290470320933000600  , 0.0 , 0.0 , 1.2336448    , 27.840157 , 8.304158 , 4.4452367    ,0.0 , 0.0 , 0.0
1290470320950506596  , 0.121212125 , -0.1764706 , 0.5981308    , 28.27237 , 8.585408 , 4.1332173    ,0.0 , 0.0 , 0.0
1290470320953083578  , 0.27272728 , 0.009803922 , 0.93457943    , 29.007732 , 8.660088 , 4.1026616    ,0.0 , 0.0 , 0.0
1290470320970578576  , -0.04040404 , -0.29411766 , -0.037383176    , 30.183693 , 9.983165 , 4.216123    ,0.0 , 0.0 , 0.0
1290470320973043558  , 0.121212125 , 0.12745099 , 0.6728972    , 30.26051 , 9.960088 , 4.2710376    ,0.0 , 0.0 , 0.0
1290470320990669556  , -0.02020202 , 0.0882353 , 1.0841122    , 31.72301 , 10.290857 , 4.112384    ,0.0 , 0.0 , 0.0
1290470320994232538  , -0.08080808 , 0.078431375 , 1.1962616    , 31.72707 , 10.374297 , 4.1193285    ,0.0 , 0.0 , 0.0
1290470321011764535  , -0.01010101 , 0.039215688 , 0.97196263    , 31.680916 , 10.904426 , 4.156508    ,0.0 , 0.0 , 0.0
1290470321014268517  , -0.030303031 , 0.039215688 , 1.0093458    , 31.6791 , 10.95357 , 4.156508    ,0.0 , 0.0 , 0.0
1290470321031776515  , -0.121212125 , -0.019607844 , 1.0841122    , 31.63583 , 11.019917 , 4.3113155    ,0.0 , 0.0 , 0.0
1290470321034191497  , -0.09090909 , 0.009803922 , 0.97196263    , 31.63583 , 10.991605 , 4.32873    ,0.0 , 0.0 , 0.0
1290470321051765495  , -0.08080808 , 0.029411765 , 1.0093458    , 31.615639 , 10.266604 , 4.372961    ,0.0 , 0.0 , 0.0
1290470321055531477  , -0.09090909 , 0.078431375 , 0.97196263    , 31.615639 , 10.168207 , 4.3705034    ,0.0 , 0.0 , 0.0
1290470321073084473  , -0.09090909 , 0.078431375 , 0.97196263    , 31.615639 , 9.748015 , 4.334446    ,0.0 , 0.0 , 0.0
1290470321075447456  , -0.01010101 , 0.068627454 , 1.0093458    , 31.619596 , 9.674147 , 4.3189483    ,0.0 , 0.0 , 0.0
1290470321090519453  , 0.060606062 , 0.078431375 , 0.97196263    , 31.619596 , 9.344018 , 4.211897    ,0.0 , 0.0 , 0.0
1290470321095452438  , 0.05050505 , 0.039215688 , 0.97196263    , 31.622803 , 9.28889 , 4.1974096    ,0.0 , 0.0 , 0.0
1290470321110529433  , 0.060606062 , 0.019607844 , 0.97196263    , 31.628187 , 9.235813 , 4.1927943    ,0.0 , 0.0 , 0.0
1290470321115493418  , 0.01010101 , 0.04901961 , 0.97196263    , 31.629469 , 9.249531 , 4.1927943    ,0.0 , 0.0 , 0.0
1290470321130549413  , -0.030303031 , 0.019607844 , 1.0093458    , 31.642546 , 9.437608 , 4.18741    ,0.0 , 0.0 , 0.0
1290470321136758398  , -0.05050505 , 0.039215688 , 1.0093458    , 31.64947 , 9.510685 , 4.184333    ,0.0 , 0.0 , 0.0
1290470321146768392  , -0.05050505 , 0.019607844 , 1.0093458    , 31.64947 , 9.677031 , 4.180807    ,0.0 , 0.0 , 0.0
1290470321164291382  , -0.04040404 , 0.04901961 , 1.0093458    , 31.656393 , 9.759724 , 4.180807    ,0.0 , 0.0 , 0.0
1290470321166745365  , 0.0 , 0.039215688 , 0.97196263    , 31.656393 , 9.797053 , 4.180807    ,0.0 , 0.0 , 0.0
1290470321184265362  , -0.01010101 , 0.019607844 , 1.0093458    , 31.664085 , 10.000899 , 4.180807    ,0.0 , 0.0 , 0.0
1290470321188407345  , -0.02020202 , 0.039215688 , 0.97196263    , 31.667027 , 10.05271 , 4.180807    ,0.0 , 0.0 , 0.0
1290470321205582340  , -0.04040404 , 0.019607844 , 1.0093458    , 31.674334 , 10.283479 , 4.180807    ,0.0 , 0.0 , 0.0
1290470321207999323  , -0.060606062 , 0.039215688 , 1.0093458    , 31.676369 , 10.36504 , 4.180807    ,0.0 , 0.0 , 0.0
1290470321225507321  , -0.1010101 , 0.019607844 , 1.046729    , 31.691753 , 11.10254 , 4.180807    ,0.0 , 0.0 , 0.0
1290470321227973303  , -0.1010101 , 0.04901961 , 1.0093458    , 31.694532 , 11.178181 , 4.180807    ,0.0 , 0.0 , 0.0
1290470321245538301  , -0.1010101 , 0.039215688 , 1.0093458    , 31.710878 , 11.732988 , 4.180807    ,0.0 , 0.0 , 0.0
1290470321249210283  , -0.11111111 , 0.039215688 , 1.0093458    , 31.712053 , 11.7802105 , 4.180807    ,0.0 , 0.0 , 0.0
1290470321266887280  , -0.11111111 , 0.039215688 , 1.0093458    , 31.724234 , 11.96098 , 4.180807    ,0.0 , 0.0 , 0.0
1290470321269269262  , -0.1010101 , 0.04901961 , 1.0093458    , 31.726156 , 11.974442 , 4.180807    ,0.0 , 0.0 , 0.0
1290470321286789260  , -0.1010101 , 0.039215688 , 1.0093458    , 31.726156 , 11.940788 , 4.180807    ,0.0 , 0.0 , 0.0
1290470321289601242  , -0.08080808 , 0.019607844 , 1.0093458    , 31.726156 , 11.923053 , 4.180807    ,0.0 , 0.0 , 0.0
1290470321306830239  , -0.060606062 , 0.029411765 , 1.0093458    , 31.732567 , 11.769207 , 4.180807    ,0.0 , 0.0 , 0.0
1290470321309273222  , -0.05050505 , 0.019607844 , 1.0093458    , 31.732567 , 11.736514 , 4.180807    ,0.0 , 0.0 , 0.0
1290470321326762220  , -0.030303031 , 0.039215688 , 0.97196263    , 31.732567 , 11.474976 , 4.180807    ,0.0 , 0.0 , 0.0
1290470321330493202  , -0.02020202 , 0.019607844 , 1.0093458    , 31.734062 , 11.453288 , 4.180807    ,0.0 , 0.0 , 0.0
1290470321348010198  , -0.060606062 , 0.019607844 , 1.0093458    , 31.740313 , 11.453288 , 4.180807    ,0.0 , 0.0 , 0.0
1290470321350484181  , -0.05050505 , 0.078431375 , 1.0093458    , 31.741556 , 11.481682 , 4.180807    ,0.0 , 0.0 , 0.0
1290470321368023178  , -0.08080808 , 0.0882353 , 1.046729    , 31.741556 , 11.638092 , 4.180807    ,0.0 , 0.0 , 0.0
1290470321370437161  , -0.17171717 , 0.019607844 , 1.046729    , 31.730131 , 11.639223 , 4.192911    ,0.0 , 0.0 , 0.0
1290470321388077158  , -0.2020202 , 0.009803922 , 1.0093458    , 31.768593 , 11.39948 , 4.2448344    ,0.0 , 0.0 , 0.0
1290470321391785141  , -0.1010101 , 0.039215688 , 1.0093458    , 31.765312 , 11.3221035 , 4.2542233    ,0.0 , 0.0 , 0.0
1290470321409270137  , -0.02020202 , 0.039215688 , 0.97196263    , 31.765312 , 10.927392 , 4.2542233    ,0.0 , 0.0 , 0.0
1290470321411655120  , 0.02020202 , 0.039215688 , 0.97196263    , 31.764067 , 10.819813 , 4.2542233    ,0.0 , 0.0 , 0.0
1290470321429269117  , 0.01010101 , 0.04901961 , 0.97196263    , 31.776888 , 10.357634 , 4.2542233    ,0.0 , 0.0 , 0.0
1290470321431698100  , 0.01010101 , 0.039215688 , 0.97196263    , 31.776888 , 10.306728 , 4.2542233    ,0.0 , 0.0 , 0.0
1290470321449308097  , -0.01010101 , 0.019607844 , 1.0093458    , 31.785221 , 10.1669855 , 4.2542233    ,0.0 , 0.0 , 0.0
1290470321452976080  , -0.02020202 , 0.019607844 , 1.0093458    , 31.787258 , 10.159971 , 4.2542233    ,0.0 , 0.0 , 0.0
1290470321470518076  , -0.02020202 , 0.019607844 , 1.0093458    , 31.793026 , 10.207087 , 4.2604733    ,0.0 , 0.0 , 0.0
1290470321472925058  , -0.04040404 , 0.029411765 , 1.0093458    , 31.794416 , 10.226317 , 4.2604733    ,0.0 , 0.0 , 0.0
1290470321490511056  , -0.060606062 , 0.039215688 , 1.0093458    , 31.804031 , 10.45901 , 4.2710505    ,0.0 , 0.0 , 0.0
1290470321493012038  , -0.07070707 , 0.029411765 , 1.046729    , 31.804031 , 10.4858265 , 4.2710505    ,0.0 , 0.0 , 0.0
1290470321510539036  , -0.05050505 , 0.019607844 , 1.0093458    , 31.817493 , 10.672364 , 4.2710505    ,0.0 , 0.0 , 0.0
1290470321512929018  , -0.060606062 , 0.019607844 , 1.0093458    , 31.818775 , 10.683155 , 4.2721186    ,0.0 , 0.0 , 0.0
1290470321530519016  , -0.05050505 , 0.019607844 , 1.0093458    , 31.818775 , 10.735078 , 4.2721186    ,0.0 , 0.0 , 0.0
1290470321534233998  , -0.04040404 , 0.019607844 , 1.0093458    , 31.818775 , 10.73839 , 4.2721186    ,0.0 , 0.0 , 0.0
1290470321551831995  , -0.05050505 , 0.019607844 , 1.0093458    , 31.832878 , 10.766596 , 4.2721186    ,0.0 , 0.0 , 0.0
1290470321554357977  , -0.04040404 , 0.029411765 , 1.0093458    , 31.834908 , 10.775036 , 4.2721186    ,0.0 , 0.0 , 0.0
1290470321571781975  , -0.04040404 , 0.029411765 , 1.0093458    , 31.852215 , 10.886574 , 4.2721186    ,0.0 , 0.0 , 0.0
1290470321574181957  , -0.060606062 , 0.019607844 , 1.0093458    , 31.85339 , 10.899715 , 4.273187    ,0.0 , 0.0 , 0.0
1290470321591769955  , -0.060606062 , 0.019607844 , 1.0093458    , 31.85339 , 10.997792 , 4.273187    ,0.0 , 0.0 , 0.0
1290470321595508937  , -0.07070707 , 0.039215688 , 1.0093458    , 31.854992 , 11.004522 , 4.273187    ,0.0 , 0.0 , 0.0
1290470321613045933  , -0.060606062 , 0.019607844 , 1.0093458    , 31.854992 , 11.017504 , 4.273187    ,0.0 , 0.0 , 0.0
1290470321615620916  , -0.05050505 , 0.029411765 , 1.0093458    , 31.854992 , 11.01411 , 4.273187    ,0.0 , 0.0 , 0.0
1290470321633016913  , -0.04040404 , 0.04901961 , 1.0093458    , 31.854992 , 10.986546 , 4.273187    ,0.0 , 0.0 , 0.0
