71502686  , -0.08172209 , 0.08172209 , 9.997335 , 0.008173839 , -0.008173839 , -0.999933
366211  , -0.08172209 , 0.08172209 , 9.956474 , 0.008207381 , -0.008207381 , -0.9999325
48553467  , -0.08172209 , 0.08172209 , 9.956474 , 0.008207381 , -0.008207382 , -0.9999327
213623  , -0.0 , -0.040861044 , 9.915613 , -7.2759576E-12 , 0.004120844 , -0.99999154
25878907  , -0.0 , -0.040861044 , 9.915613 , -2.2737368E-13 , 0.004120844 , -0.9999915
244141  , -0.0 , -0.10896278 , 9.956474 , 1.4551915E-11 , 0.010943255 , -0.9999401
35522460  , -0.0 , -0.10896278 , 9.956474 , 1.8189894E-12 , 0.010943255 , -0.99994004
213623  , -0.0 , -0.10896278 , 9.915613 , 1.8189894E-12 , 0.010988349 , -0.99993974
42877196  , -0.0 , -0.10896278 , 9.915613 , -0.0 , 0.010988345 , -0.99993944
518800  , -0.040861044 , -0.14982383 , 9.956474 , 0.0041034683 , 0.015046048 , -0.99987835
74951170  , -0.040861044 , -0.14982383 , 9.956474 , 0.0041034687 , 0.015046053 , -0.9998785
244141  , -0.040861044 , -0.14982383 , 9.915613 , 0.0041203746 , 0.01510804 , -0.9998776
25604247  , -0.040861044 , -0.10896278 , 9.888372 , 0.004131944 , 0.011018519 , -0.99993044
213623  , -0.040861044 , -0.10896278 , 9.888372 , 0.0041319444 , 0.011018517 , -0.9999305
213623  , -0.040861044 , -0.10896278 , 9.915613 , 0.0041205958 , 0.010988255 , -0.99993116
213623  , -0.040861044 , -0.10896278 , 9.915613 , 0.0041205953 , 0.010988252 , -0.999931
213623  , -0.040861044 , -0.14982383 , 9.956474 , 0.0041034683 , 0.015046047 , -0.99987835
54077146  , -0.040861044 , -0.14982383 , 9.956474 , 0.0041034687 , 0.015046052 , -0.9998784
1434326  , -0.040861044 , -0.10896278 , 9.956474 , 0.004103687 , 0.010943166 , -0.9999317
45562747  , -0.040861044 , -0.10896278 , 9.956474 , 0.0041036867 , 0.010943164 , -0.99993163
244141  , -0.0 , -0.10896278 , 9.888372 , -1.4551915E-11 , 0.011018615 , -0.9999394
33721925  , -0.0 , -0.10896278 , 9.888372 , 2.910383E-11 , 0.011018617 , -0.9999394
244140  , -0.040861044 , -0.14982383 , 9.888372 , 0.0041317227 , 0.015149651 , -0.99987686
213623  , -0.040861044 , -0.14982383 , 9.888372 , 0.004131722 , 0.015149646 , -0.9998767
2838136  , -0.040861044 , -0.08172209 , 9.956474 , 0.004103795 , 0.00820759 , -0.99995804
30181885  , -0.040861044 , -0.08172209 , 9.956474 , 0.004103794 , 0.008207588 , -0.9999579
305176  , -0.0 , -0.14982383 , 9.915613 , -5.820766E-11 , 0.015108166 , -0.999886
38665772  , -0.0 , -0.14982383 , 9.915613 , -3.6379788E-12 , 0.015108165 , -0.99988586
274658  , -0.040861044 , -0.19068487 , 9.888372 , 0.0041314275 , 0.019279996 , -0.99980545
27648926  , -0.040861044 , -0.19068487 , 9.888372 , 0.004131429 , 0.019279998 , -0.99980575
213623  , -0.08172209 , -0.040861044 , 9.888372 , 0.0082641095 , 0.0041320543 , -0.9999572
29327392  , -0.08172209 , -0.040861044 , 9.888372 , 0.00826411 , 0.0041320547 , -0.9999573
793457  , -0.040861044 , 0.0 , 9.915613 , 0.004120845 , -1.4551915E-11 , -0.9999916
22857666  , -0.040861044 , 0.0 , 9.915613 , 0.0041208444 , -3.6379788E-12 , -0.9999915
213623  , -0.040861044 , -0.19068487 , 9.847511 , 0.0041485648 , 0.019359969 , -0.999804
29296875  , -0.040861044 , -0.19068487 , 9.847511 , 0.0041485643 , 0.019359969 , -0.99980396
244141  , -0.08172209 , -0.19068487 , 9.847511 , 0.0082969135 , 0.019359466 , -0.9997781
28076172  , -0.08172209 , -0.19068487 , 9.847511 , 0.008296914 , 0.019359466 , -0.9997782
213623  , -0.040861044 , -0.08172209 , 9.956474 , 0.0041037947 , 0.00820759 , -0.99995804
61218260  , -0.040861044 , -0.08172209 , 9.956474 , 0.004103795 , 0.008207589 , -0.99995804
213623  , -0.08172209 , -0.040861044 , 9.997335 , 0.008174045 , 0.004087023 , -0.9999583
213623  , -0.08172209 , -0.10896278 , 9.888372 , 0.008263678 , 0.011018238 , -0.99990505
30548095  , -0.08172209 , -0.10896278 , 9.888372 , 0.008263678 , 0.011018238 , -0.999905
213623  , -0.08172209 , 0.0 , 9.956474 , 0.008207659 , 7.2759576E-12 , -0.99996644
54962156  , -0.08172209 , 0.0 , 9.956474 , 0.008207659 , 0.0 , -0.99996644
213623  , -0.08172209 , 0.040861044 , 9.956474 , 0.008207589 , -0.004103795 , -0.999958
27130126  , -0.08172209 , 0.040861044 , 9.956474 , 0.00820759 , -0.0041037947 , -0.99995804
1068115  , -0.040861044 , -0.08172209 , 9.915613 , 0.0041207047 , 0.0082414085 , -0.99995774
213623  , -0.0 , -0.08172209 , 9.888372 , 2.910383E-11 , 0.008264179 , -0.9999657
52093507  , -0.0 , -0.08172209 , 9.888372 , 5.820766E-11 , 0.00826418 , -0.9999659
213624  , -0.0 , -0.08172209 , 9.956474 , -0.0 , 0.00820766 , -0.99996656
32775881  , -0.0 , -0.08172209 , 9.956474 , -2.910383E-11 , 0.008207659 , -0.9999665
213623  , -0.040861044 , -0.10896278 , 9.915613 , 0.0041205967 , 0.010988255 , -0.9999314
28137208  , -0.040861044 , -0.10896278 , 9.915613 , 0.004120596 , 0.010988254 , -0.9999312
213623  , -0.0 , -0.19068487 , 9.888372 , 3.4924597E-10 , 0.019280162 , -0.9998142
63140870  , -0.0 , -0.19068487 , 9.888372 , 2.3283064E-10 , 0.019280162 , -0.99981415
274659  , -0.040861044 , -0.040861044 , 9.915613 , 0.0041208095 , 0.004120809 , -0.9999829
25299072  , -0.040861044 , -0.040861044 , 9.915613 , 0.004120808 , 0.0041208076 , -0.9999828
305175  , -0.040861044 , -0.10896278 , 9.888372 , 0.004131946 , 0.01101852 , -0.99993074
213623  , -0.040861044 , -0.10896278 , 9.888372 , 0.0041319453 , 0.01101852 , -0.99993074
28320312  , -0.040861044 , -0.10896278 , 9.888372 , 0.0041319453 , 0.01101852 , -0.9999307
244140  , -0.0 , -0.08172209 , 9.915613 , 2.910383E-11 , 0.008241477 , -0.9999659
29785156  , -0.0 , -0.08172209 , 9.915613 , 5.820766E-11 , 0.0082414765 , -0.99996585
213623  , -0.040861044 , -0.08172209 , 9.888372 , 0.004132055 , 0.008264109 , -0.99995726
213624  , -0.040861044 , -0.08172209 , 9.888372 , 0.004132056 , 0.008264111 , -0.9999575
213623  , -0.040861044 , -0.14982383 , 9.888372 , 0.0041317223 , 0.015149649 , -0.99987674
22460937  , -0.040861044 , -0.14982383 , 9.888372 , 0.004131722 , 0.015149646 , -0.9998767
213623  , -0.040861044 , -0.10896278 , 9.915613 , 0.0041205953 , 0.010988252 , -0.99993104
39855957  , -0.040861044 , -0.10896278 , 9.915613 , 0.0041205958 , 0.010988254 , -0.9999312
244141  , -0.0 , -0.10896278 , 9.888372 , -5.820766E-11 , 0.011018616 , -0.99993944
38513183  , -0.0 , -0.10896278 , 9.888372 , -0.0 , 0.011018615 , -0.9999394
213623  , -0.040861044 , -0.14982383 , 9.915613 , 0.0041203746 , 0.015108041 , -0.9998776
29571532  , -0.040861044 , -0.14982383 , 9.915613 , 0.004120374 , 0.01510804 , -0.99987745
213623  , -0.040861044 , -0.10896278 , 9.956474 , 0.0041036876 , 0.010943168 , -0.99993193
29876708  , -0.040861044 , -0.10896278 , 9.956474 , 0.0041036867 , 0.010943165 , -0.9999317
213623  , -0.08172209 , -0.040861044 , 9.956474 , 0.008207588 , 0.004103794 , -0.9999578
39978026  , -0.08172209 , -0.040861044 , 9.956474 , 0.008207589 , 0.0041037947 , -0.99995804
366211  , -0.08172209 , -0.10896278 , 9.915613 , 0.00824098 , 0.010987974 , -0.9999055
39642332  , -0.08172209 , -0.10896278 , 9.915613 , 0.00824098 , 0.010987973 , -0.9999055
457764  , -0.040861044 , -0.10896278 , 9.956474 , 0.004103687 , 0.010943165 , -0.9999318
39733888  , -0.040861044 , -0.10896278 , 9.956474 , 0.004103687 , 0.010943166 , -0.99993175
488281  , -0.040861044 , -0.10896278 , 9.847511 , 0.0041490877 , 0.011064234 , -0.9999301
39581300  , -0.040861044 , -0.10896278 , 9.847511 , 0.0041490872 , 0.011064235 , -0.99993014
213623  , -0.27240697 , 0.0 , 10.038197 , 0.027127054 , 2.3283064E-10 , -0.99963194
37475587  , -0.27240697 , 0.0 , 10.038197 , 0.027127057 , 0.0 , -0.999632
213623  , 0.3405087 , -0.10896278 , 9.847511 , -0.034555383 , 0.011057723 , -0.99934167
40069581  , 0.3405087 , -0.10896278 , 9.847511 , -0.034555376 , 0.011057724 , -0.9993416
335693  , -0.040861044 , -0.19068487 , 9.956474 , 0.0041031805 , 0.019148173 , -0.99980825
39306641  , -0.040861044 , -0.19068487 , 9.956474 , 0.004103179 , 0.019148177 , -0.9998083
396728  , 0.040861044 , -0.040861044 , 9.888372 , -0.0041321605 , 0.0041321605 , -0.9999829
40069580  , 0.040861044 , -0.040861044 , 9.888372 , -0.004132161 , 0.004132161 , -0.99998283
396728  , 0.08172209 , -0.10896278 , 9.888372 , -0.008263679 , 0.01101824 , -0.9999052
37811280  , 0.08172209 , -0.10896278 , 9.888372 , -0.008263677 , 0.011018238 , -0.999905
213623  , 0.08172209 , -0.10896278 , 9.915613 , -0.008240983 , 0.0109879775 , -0.9999059
29327393  , 0.08172209 , -0.10896278 , 9.915613 , -0.008240981 , 0.010987975 , -0.9999057
213623  , 0.10896278 , -0.040861044 , 9.847511 , -0.011064234 , 0.0041490877 , -0.9999302
30151367  , 0.10896278 , -0.040861044 , 9.847511 , -0.011064232 , 0.004149087 , -0.9999299
305175  , -0.0 , -0.10896278 , 9.915613 , 2.3283064E-10 , 0.010988347 , -0.9999396
38452148  , -0.0 , -0.10896278 , 9.915613 , 4.656613E-10 , 0.010988347 , -0.9999397
213623  , 0.10896278 , 0.0 , 9.915613 , -0.010988349 , -2.3283064E-10 , -0.9999397
49865721  , 0.10896278 , 0.0 , 9.915613 , -0.010988345 , 0.0 , -0.99993944
305176  , -0.14982383 , 0.0 , 9.915613 , 0.015108167 , 4.656613E-10 , -0.9998859
9613037  , -0.14982383 , 0.0 , 9.915613 , 0.015108168 , 4.656613E-10 , -0.9998859
244140  , -0.0 , -0.27240697 , 9.915613 , -0.0 , 0.02746217 , -0.9996229
29205322  , -0.0 , -0.27240697 , 9.915613 , -9.313226E-10 , 0.02746217 , -0.9996229
213623  , 0.14982383 , -0.23154591 , 10.038197 , -0.014919745 , 0.023057789 , -0.99962294
39306640  , 0.14982383 , -0.23154591 , 10.038197 , -0.014919746 , 0.023057787 , -0.9996229
213623  , 0.27240697 , -0.3405087 , 10.038197 , -0.02711147 , 0.033889335 , -0.9990576
39916994  , 0.27240697 , -0.3405087 , 10.038197 , -0.027111478 , 0.033889346 , -0.999058
305176  , 0.23154591 , -0.29964766 , 9.915613 , -0.023334635 , 0.030197762 , -0.9992714
62072756  , 0.23154591 , -0.29964766 , 9.915613 , -0.023334643 , 0.030197773 , -0.9992718
213623  , 0.313268 , -0.3405087 , 9.847511 , -0.031776838 , 0.03454004 , -0.998898
42175294  , 0.313268 , -0.3405087 , 9.847511 , -0.031776838 , 0.03454004 , -0.9988979
213624  , 0.27240697 , -0.53119355 , 9.888372 , -0.02749815 , 0.053621385 , -0.9981827
32501222  , 0.27240697 , -0.53119355 , 9.888372 , -0.02749814 , 0.053621378 , -0.99818265
21362305  , 0.27240697 , -0.53119355 , 9.888372 , -0.027498148 , 0.053621378 , -0.99818265
335693  , 0.27240697 , -0.61291564 , 9.997335 , -0.027186843 , 0.06117039 , -0.997757
34973145  , 0.27240697 , -0.61291564 , 9.997335 , -0.02718684 , 0.061170388 , -0.9977571
213623  , 0.23154591 , -0.88532263 , 10.310603 , -0.022369146 , 0.08552906 , -0.9960846
33966064  , 0.23154591 , -0.88532263 , 10.310603 , -0.022369133 , 0.085529044 , -0.99608433
213623  , -0.14982383 , -0.61291564 , 10.419566 , 0.014352793 , 0.058715966 , -0.9981714
49377441  , -0.14982383 , -0.61291564 , 10.419566 , 0.014352793 , 0.058715966 , -0.9981713
213623  , -0.0 , -0.7218784 , 10.378705 , -0.0 , 0.06938617 , -0.99758995
45349120  , -0.0 , -0.7218784 , 10.378705 , 1.8626451E-9 , 0.06938616 , -0.9975899
335694  , -0.040861044 , -0.6946377 , 11.223166 , 0.0036337953 , 0.06177459 , -0.9980836
41931151  , -0.040861044 , -0.6946377 , 11.223166 , 0.003633801 , 0.06177459 , -0.9980836
213623  , 0.19068487 , -0.53119355 , 11.727119 , -0.016241364 , 0.045243803 , -0.99884397
22766112  , 0.19068487 , -0.53119355 , 11.727119 , -0.016241362 , 0.0452438 , -0.9988438
274658  , 0.7627395 , -0.29964766 , 11.75436 , -0.06473279 , 0.025430739 , -0.99757856
14465332  , 0.7627395 , -0.29964766 , 11.75436 , -0.06473279 , 0.02543074 , -0.99757844
213623  , 0.50395286 , -0.6537767 , 12.176591 , -0.041292246 , 0.053568322 , -0.99771005
29815672  , 0.50395286 , -0.6537767 , 12.176591 , -0.04129225 , 0.053568322 , -0.99771005
213623  , 1.0351465 , -0.61291564 , 12.176591 , -0.08459933 , 0.050091706 , -0.9951553
38909912  , 1.0351465 , -0.61291564 , 12.176591 , -0.08459932 , 0.050091702 , -0.9951551
213623  , 0.88532263 , -0.7218784 , 12.598822 , -0.0699832 , 0.057063226 , -0.9959148
29907228  , 0.88532263 , -0.7218784 , 12.598822 , -0.0699832 , 0.05706321 , -0.99591464
427246  , 1.3075534 , -0.61291564 , 13.0619135 , -0.09949806 , 0.046639718 , -0.9939442
39245607  , 1.3075534 , -0.61291564 , 13.0619135 , -0.09949805 , 0.046639707 , -0.99394405
274658  , 1.5390993 , -0.7218784 , 12.4489975 , -0.122495554 , 0.057453662 , -0.9908047
39398195  , 1.5390993 , -0.7218784 , 12.4489975 , -0.12249556 , 0.05745367 , -0.9908048
305176  , 0.46309182 , -0.88532263 , 13.211738 , -0.03495174 , 0.06681951 , -0.9971526
30914308  , 0.46309182 , -0.88532263 , 13.211738 , -0.034951743 , 0.06681951 , -0.99715257
488281  , 2.070293 , -0.6946377 , 12.571581 , -0.16225082 , 0.054439407 , -0.9852467
38726807  , 2.070293 , -0.6946377 , 12.571581 , -0.16225082 , 0.054439414 , -0.98524666
40863037  , 1.7978859 , -0.53119355 , 13.143636 , -0.13541698 , 0.04000956 , -0.98998034
1098633  , 1.7978859 , -0.53119355 , 13.143636 , -0.135417 , 0.040009577 , -0.98998046
793457  , 1.6889231 , -0.5720546 , 13.293459 , -0.12592137 , 0.042650785 , -0.9911229
34179688  , 1.6889231 , -0.5720546 , 13.293459 , -0.12592134 , 0.042650774 , -0.9911228
244140  , 2.3426998 , -0.53119355 , 12.489859 , -0.18419242 , 0.041764557 , -0.98200256
30731201  , 2.3426998 , -0.53119355 , 12.489859 , -0.1841924 , 0.041764557 , -0.9820026
335694  , 0.6946377 , -0.6946377 , 11.563675 , -0.059855074 , 0.059855077 , -0.9964109
39062500  , 0.6946377 , -0.6946377 , 11.563675 , -0.059855063 , 0.059855066 , -0.99641085
366211  , 0.19068487 , -1.1441092 , 9.656827 , -0.019605204 , 0.117631264 , -0.9928639
38787841  , 0.19068487 , -1.1441092 , 9.656827 , -0.019605208 , 0.11763125 , -0.9928638
366211  , 0.5720546 , -1.1849703 , 9.084772 , -0.062318258 , 0.1290878 , -0.9896732
39764403  , 0.5720546 , -1.1849703 , 9.084772 , -0.062318247 , 0.12908779 , -0.98967314
457764  , -0.9125633 , -1.1849703 , 7.3958488 , 0.12094041 , 0.15704203 , -0.98015887
38818358  , -0.9125633 , -1.1849703 , 7.3958488 , 0.12094043 , 0.15704204 , -0.9801589
427246  , -0.9125633 , -1.3075534 , 8.812365 , 0.10190022 , 0.14600629 , -0.9840215
40740967  , -0.9125633 , -1.3075534 , 8.812365 , 0.101900235 , 0.14600629 , -0.9840214
213623  , -0.8036005 , -0.84446156 , 8.281172 , 0.09609209 , 0.100978136 , -0.9902373
37963869  , -0.8036005 , -0.84446156 , 8.281172 , 0.09609209 , 0.10097813 , -0.9902372
274658  , -0.6537767 , -0.88532263 , 8.812365 , 0.07361668 , 0.099689275 , -0.99229157
39764406  , -0.6537767 , -0.88532263 , 8.812365 , 0.0736167 , 0.09968927 , -0.9922915
427246  , -0.14982383 , -0.9125633 , 8.308413 , 0.017922103 , 0.10916193 , -0.9938624
39855958  , -0.14982383 , -0.9125633 , 8.308413 , 0.017922107 , 0.10916194 , -0.99386257
213623  , -0.42223078 , -0.19068487 , 9.112013 , 0.046278033 , 0.020899758 , -0.9987098
38787842  , -0.42223078 , -0.19068487 , 9.112013 , 0.04627804 , 0.020899761 , -0.9987099
366211  , -0.38136974 , -0.9942854 , 8.430995 , 0.044877682 , 0.11700252 , -0.99211717
39428712  , -0.38136974 , -0.9942854 , 8.430995 , 0.044877663 , 0.11700251 , -0.99211717
427246  , 0.23154591 , -0.9125633 , 8.921328 , -0.025810875 , 0.1017252 , -0.9944775
38269044  , 0.23154591 , -0.9125633 , 8.921328 , -0.025810864 , 0.10172519 , -0.99447757
396729  , -0.19068487 , -0.61291564 , 9.193735 , 0.020690376 , 0.06650477 , -0.99757165
39093017  , -0.19068487 , -0.61291564 , 9.193735 , 0.020690372 , 0.06650477 , -0.9975716
213623  , -0.10896278 , -1.525479 , 9.615966 , 0.011190787 , 0.15667108 , -0.98758733
28991699  , -0.10896278 , -1.525479 , 9.615966 , 0.011190802 , 0.15667109 , -0.9875874
213623  , -0.9942854 , -1.4573772 , 9.80665 , 0.09978697 , 0.14626306 , -0.9842001
39642333  , -0.9942854 , -1.4573772 , 9.80665 , 0.09978694 , 0.14626305 , -0.9841999
244141  , -0.42223078 , -1.4573772 , 9.384419 , 0.044415932 , 0.1533066 , -0.9871799
29754638  , -0.42223078 , -1.4573772 , 9.384419 , 0.04441593 , 0.15330662 , -0.98717993
335694  , 0.040861044 , -1.607201 , 8.962189 , -0.0044876337 , 0.17651366 , -0.984288
39428709  , 0.040861044 , -1.607201 , 8.962189 , -0.0044876337 , 0.17651366 , -0.98428804
396728  , -0.9942854 , -1.1441092 , 9.956474 , 0.098725654 , 0.11360215 , -0.9886089
39154051  , -0.9942854 , -1.1441092 , 9.956474 , 0.09872565 , 0.11360212 , -0.98860896
335694  , -0.6537767 , -0.88532263 , 9.507003 , 0.0683117 , 0.09250543 , -0.9933661
39520263  , -0.6537767 , -0.88532263 , 9.507003 , 0.068311706 , 0.092505455 , -0.99336624
396728  , -1.2258313 , -0.9125633 , 9.425281 , 0.12838125 , 0.09557271 , -0.9871092
41137697  , -1.2258313 , -0.9125633 , 9.425281 , 0.12838121 , 0.09557269 , -0.98710895
518798  , -1.920469 , -0.7218784 , 8.076866 , 0.23045522 , 0.086625 , -0.96921945
48675539  , -1.920469 , -0.7218784 , 8.076866 , 0.23045522 , 0.08662501 , -0.9692195
274658  , -0.6537767 , -0.50395286 , 6.5922484 , 0.098405086 , 0.075853914 , -0.9922513
17791748  , -0.6537767 , -0.50395286 , 6.5922484 , 0.098405086 , 0.07585391 , -0.9922513
1190185  , -1.1441092 , -0.7218784 , 6.4424243 , 0.17379948 , 0.10965919 , -0.97865653
36590577  , -1.1441092 , -0.7218784 , 6.4424243 , 0.17379947 , 0.10965918 , -0.9786565
274658  , -1.607201 , -0.42223078 , 6.8237944 , 0.2288412 , 0.060119297 , -0.9716054
30487061  , -1.607201 , -0.42223078 , 6.8237944 , 0.2288412 , 0.060119297 , -0.97160554
488281  , -1.6889231 , -0.19068487 , 7.668256 , 0.21503004 , 0.024277583 , -0.97630584
40924073  , -1.6889231 , -0.19068487 , 7.668256 , 0.21503001 , 0.024277583 , -0.9763056
305176  , -1.3756552 , -0.3405087 , 7.8180795 , 0.17313671 , 0.042855628 , -0.98396504
37231446  , -1.3756552 , -0.3405087 , 7.8180795 , 0.17313674 , 0.042855628 , -0.9839651
274658  , -1.9477097 , -0.29964766 , 8.281172 , 0.22880821 , 0.035201266 , -0.97283494
39764404  , -1.9477097 , -0.29964766 , 8.281172 , 0.22880824 , 0.03520125 , -0.9728351
335693  , -1.4982382 , -0.46309182 , 8.689782 , 0.16967307 , 0.052444413 , -0.9841039
38635254  , -1.4982382 , -0.46309182 , 8.689782 , 0.16967307 , 0.05244441 , -0.9841039
366211  , -1.525479 , -0.46309182 , 9.152874 , 0.16419464 , 0.049844798 , -0.9851679
39367675  , -1.525479 , -0.46309182 , 9.152874 , 0.16419467 , 0.049844813 , -0.985168
335694  , -1.8387469 , -0.29964766 , 9.534244 , 0.18927751 , 0.030845236 , -0.98143893
39215087  , -1.8387469 , -0.29964766 , 9.534244 , 0.18927749 , 0.030845221 , -0.9814389
335693  , -2.1792557 , -0.3405087 , 10.079058 , 0.2112177 , 0.033002768 , -0.97688186
40039061  , -2.1792557 , -0.3405087 , 10.079058 , 0.21121772 , 0.033002757 , -0.9768819
335693  , -1.8387469 , -0.29964766 , 9.888372 , 0.1827355 , 0.029779114 , -0.98271096
39489747  , -1.8387469 , -0.29964766 , 9.888372 , 0.18273549 , 0.029779118 , -0.9827109
488281  , -1.8387469 , -0.19068487 , 9.847511 , 0.18351641 , 0.019031327 , -0.9828324
39642335  , -1.8387469 , -0.19068487 , 9.847511 , 0.18351644 , 0.019031338 , -0.98283243
213623  , -1.6480621 , -0.3405087 , 9.80665 , 0.1656344 , 0.034221992 , -0.985593
37628176  , -1.6480621 , -0.3405087 , 9.80665 , 0.16563442 , 0.03422199 , -0.98559326
213623  , -3.1054392 , -0.95342433 , 9.343558 , 0.31392932 , 0.096381806 , -0.94454175
29968262  , -3.1054392 , -0.95342433 , 9.343558 , 0.31392932 , 0.09638181 , -0.9445417
305175  , -2.3426998 , -0.27240697 , 10.501288 , 0.21766482 , 0.025309868 , -0.9756953
39123536  , -2.3426998 , -0.27240697 , 10.501288 , 0.21766481 , 0.02530986 , -0.97569525
244141  , -2.2609777 , -0.08172209 , 9.997335 , 0.22058013 , 0.007972769 , -0.97533625
30242920  , -2.2609777 , -0.08172209 , 9.997335 , 0.22058013 , 0.007972769 , -0.97533625
335693  , -1.6889231 , -0.19068487 , 9.534244 , 0.17439346 , 0.019689582 , -0.9844792
38879394  , -1.6889231 , -0.19068487 , 9.534244 , 0.17439345 , 0.019689586 , -0.9844791
335693  , -2.1383946 , -0.10896278 , 9.80665 , 0.21303678 , 0.010855377 , -0.97698396
39581299  , -2.1383946 , -0.10896278 , 9.80665 , 0.21303676 , 0.010855377 , -0.9769838
427246  , -2.1792557 , -0.19068487 , 9.956474 , 0.21377903 , 0.018705674 , -0.97670287
39062500  , -2.1792557 , -0.19068487 , 9.956474 , 0.21377903 , 0.018705659 , -0.9767029
396728  , -1.6889231 , 0.040861044 , 10.269742 , 0.16227518 , -0.0039260164 , -0.9867377
38787841  , -1.6889231 , 0.040861044 , 10.269742 , 0.16227517 , -0.0039260015 , -0.9867376
244140  , -1.607201 , 0.0 , 10.228881 , 0.1552195 , 7.4505806E-9 , -0.98788
29541015  , -1.607201 , 0.0 , 10.228881 , 0.15521948 , -7.4505806E-9 , -0.9878799
305176  , -1.1849703 , -0.14982383 , 9.80665 , 0.11994696 , 0.0151657015 , -0.99266446
62988279  , -1.1849703 , -0.14982383 , 9.80665 , 0.11994694 , 0.015165713 , -0.9926644
366211  , -0.9125633 , -0.08172209 , 10.310603 , 0.08815988 , 0.007894918 , -0.99607503
335693  , -0.9125633 , -0.08172209 , 10.310603 , 0.08815988 , 0.007894915 , -0.99607503
335694  , -0.9942854 , 0.040861044 , 9.956474 , 0.099368125 , -0.0040836185 , -0.99504244
25421142  , -0.9942854 , 0.040861044 , 9.956474 , 0.0993681 , -0.0040836185 , -0.9950422
213623  , -1.1441092 , 0.23154591 , 10.337844 , 0.109973095 , -0.022256464 , -0.9936854
38574218  , -1.1441092 , 0.23154591 , 10.337844 , 0.10997309 , -0.022256456 , -0.99368536
244140  , -0.95342433 , 0.14982383 , 10.18802 , 0.09316578 , -0.014640339 , -0.9955428
30029298  , -0.95342433 , 0.14982383 , 10.18802 , 0.093165785 , -0.014640339 , -0.9955429
396729  , -1.4982382 , 0.38136974 , 10.119919 , 0.14635047 , -0.037252855 , -0.9885311
40466310  , -1.4982382 , 0.38136974 , 10.119919 , 0.14635044 , -0.037252843 , -0.9885309
396729  , -1.4165162 , 0.50395286 , 9.997335 , 0.14011377 , -0.049848165 , -0.98887986
37689210  , -1.4165162 , 0.50395286 , 9.997335 , 0.1401138 , -0.049848177 , -0.98888004
213623  , -1.2666923 , 0.88532263 , 10.038197 , 0.124717906 , -0.08716843 , -0.9883559
39276124  , -1.2666923 , 0.88532263 , 10.038197 , 0.12471787 , -0.08716841 , -0.9883557
213623  , -1.0760075 , 0.95342433 , 9.656827 , 0.11020992 , -0.097654365 , -0.98909926
30548096  , -1.0760075 , 0.95342433 , 9.656827 , 0.11020993 , -0.09765437 , -0.98909926
335694  , -0.9942854 , 1.0351465 , 9.507003 , 0.10341262 , -0.10766246 , -0.9887945
39367676  , -0.9942854 , 1.0351465 , 9.507003 , 0.10341261 , -0.107662454 , -0.98879457
335693  , -1.1441092 , 1.0351465 , 9.765789 , 0.11571951 , -0.1046986 , -0.9877485
42938232  , -1.1441092 , 1.0351465 , 9.765789 , 0.1157195 , -0.10469859 , -0.9877485
335694  , -0.95342433 , 0.8036005 , 9.575105 , 0.09873955 , -0.08322333 , -0.99162716
37292481  , -0.95342433 , 0.8036005 , 9.575105 , 0.098739564 , -0.08322333 , -0.9916273
213623  , -0.95342433 , 0.50395286 , 9.466142 , 0.10007211 , -0.052895267 , -0.9935732
37048339  , -0.95342433 , 0.50395286 , 9.466142 , 0.10007212 , -0.05289527 , -0.9935732
213623  , -0.7218784 , 0.27240697 , 9.425281 , 0.076334246 , -0.028805384 , -0.9966661
29296874  , -0.7218784 , 0.27240697 , 9.425281 , 0.07633424 , -0.028805375 , -0.996666
213623  , -1.0351465 , -0.27240697 , 9.615966 , 0.10698794 , 0.028154725 , -0.99386156
31158446  , -1.0351465 , -0.27240697 , 9.615966 , 0.10698794 , 0.028154718 , -0.99386156
213623  , -1.6889231 , -0.46309182 , 9.888372 , 0.1681817 , 0.046114333 , -0.9846767
38208007  , -1.6889231 , -0.46309182 , 9.888372 , 0.16818175 , 0.04611435 , -0.98467696
213623  , -1.6480621 , -0.7627395 , 10.147159 , 0.15987597 , 0.073992185 , -0.9843603
29724120  , -1.6480621 , -0.7627395 , 10.147159 , 0.15987594 , 0.07399217 , -0.9843601
335693  , -1.4982382 , -0.88532263 , 10.991621 , 0.13463034 , 0.0795543 , -0.9876972
30212403  , -1.4982382 , -0.88532263 , 10.991621 , 0.13463031 , 0.07955428 , -0.98769695
335694  , -1.7297841 , -0.7627395 , 10.841797 , 0.15717615 , 0.069306016 , -0.98513556
39215090  , -1.7297841 , -0.7627395 , 10.841797 , 0.15717621 , 0.06930604 , -0.9851358
396729  , -1.7297841 , -0.6537767 , 10.732834 , 0.1588273 , 0.060029212 , -0.9854797
40924073  , -1.7297841 , -0.6537767 , 10.732834 , 0.15882732 , 0.06002924 , -0.98547983
396729  , -1.56634 , -0.7627395 , 10.501288 , 0.14714572 , 0.07165356 , -0.9865161
37261964  , -1.56634 , -0.7627395 , 10.501288 , 0.14714572 , 0.07165356 , -0.98651606
305176  , -1.1441092 , -0.9125633 , 10.310603 , 0.10986316 , 0.087628946 , -0.99007624
39428712  , -1.1441092 , -0.9125633 , 10.310603 , 0.109863184 , 0.08762897 , -0.9900765
366211  , -1.334794 , -1.1441092 , 10.079058 , 0.13046274 , 0.1118252 , -0.9851268
86608887  , -1.334794 , -1.1441092 , 10.079058 , 0.13046274 , 0.11182521 , -0.9851269
244140  , -1.4165162 , -1.4165162 , 9.888372 , 0.1403986 , 0.14039859 , -0.98009026
213623  , -1.4165162 , -1.4165162 , 9.888372 , 0.14039859 , 0.1403986 , -0.98009026
244141  , -1.2666923 , -1.4573772 , 10.079058 , 0.123431005 , 0.142012 , -0.98213917
10498047  , -1.2666923 , -1.4573772 , 10.079058 , 0.123431 , 0.14201201 , -0.9821392
213623  , -0.9125633 , -1.607201 , 9.888372 , 0.09071557 , 0.1597677 , -0.9829776
31036377  , -0.9125633 , -1.607201 , 9.888372 , 0.09071558 , 0.15976773 , -0.98297775
274658  , -0.84446156 , -1.4982382 , 10.079058 , 0.08259006 , 0.14653075 , -0.98575234
38208007  , -0.84446156 , -1.4982382 , 10.079058 , 0.08259004 , 0.14653073 , -0.9857522
213623  , -0.6946377 , -1.56634 , 9.575105 , 0.07141183 , 0.16102669 , -0.98436326
30273437  , -0.6946377 , -1.56634 , 9.575105 , 0.071411826 , 0.16102667 , -0.98436314
305176  , -0.9125633 , -1.4573772 , 9.615966 , 0.093419 , 0.14919157 , -0.98438543
39825438  , -0.9125633 , -1.4573772 , 9.615966 , 0.09341902 , 0.14919156 , -0.9843855
396728  , -1.2258313 , -0.9942854 , 9.765789 , 0.123915 , 0.10050883 , -0.9871895
39459227  , -1.2258313 , -0.9942854 , 9.765789 , 0.12391502 , 0.10050885 , -0.98718953
213623  , -0.23154591 , -0.84446156 , 9.084772 , 0.02536969 , 0.09252475 , -0.9953874
39001464  , -0.23154591 , -0.84446156 , 9.084772 , 0.025369685 , 0.09252474 , -0.9953871
366211  , -0.27240697 , -1.2666923 , 9.302697 , 0.029002637 , 0.13486223 , -0.99043983
39398194  , -0.27240697 , -1.2666923 , 9.302697 , 0.029002627 , 0.1348622 , -0.9904397
396728  , -0.88532263 , -1.1168685 , 9.915613 , 0.08837749 , 0.11149159 , -0.9898279
40100100  , -0.88532263 , -1.1168685 , 9.915613 , 0.0883775 , 0.111491606 , -0.9898279
427246  , -0.0 , -0.9125633 , 10.419566 , -0.0 , 0.08724771 , -0.9961865
39825440  , -0.0 , -0.9125633 , 10.419566 , -0.0 , 0.087247714 , -0.99618644
244141  , -0.9942854 , -0.8036005 , 10.691973 , 0.09233591 , 0.074627645 , -0.9929272
37506104  , -0.9942854 , -0.8036005 , 10.691973 , 0.09233591 , 0.07462765 , -0.9929273
244140  , -0.8036005 , -0.5720546 , 9.724928 , 0.082211226 , 0.05852325 , -0.99489516
39367676  , -0.3405087 , -0.5720546 , 9.275456 , 0.03661653 , 0.06151577 , -0.9974342
29571533  , -0.3405087 , -0.5720546 , 9.275456 , 0.03661653 , 0.06151577 , -0.99743414
305176  , -0.84446156 , -0.7627395 , 9.888372 , 0.08483955 , 0.07662927 , -0.99344367
30761719  , -0.84446156 , -0.7627395 , 9.888372 , 0.084839545 , 0.076629266 , -0.9934437
38024903  , -0.84446156 , -0.7627395 , 9.888372 , 0.084839545 , 0.076629266 , -0.99344367
213623  , -0.9942854 , -0.53119355 , 9.343558 , 0.10564786 , 0.056442 , -0.99280035
29602050  , -0.9942854 , -0.53119355 , 9.343558 , 0.10564786 , 0.056442 , -0.99280035
274658  , -1.334794 , -0.38136974 , 9.765789 , 0.13532026 , 0.038662933 , -0.9900472
30670165  , -1.334794 , -0.38136974 , 9.765789 , 0.13532025 , 0.03866294 , -0.9900472
396729  , -1.7297841 , -0.14982383 , 10.228881 , 0.1667231 , 0.014440589 , -0.98589796
39367675  , -1.7297841 , -0.14982383 , 10.228881 , 0.1667231 , 0.014440589 , -0.98589796
213624  , -1.2258313 , -0.29964766 , 10.228881 , 0.11893851 , 0.029073875 , -0.99247587
39093016  , -2.3018389 , -0.10896278 , 10.310603 , 0.21787438 , 0.010313578 , -0.97592247
39611815  , -2.3018389 , -0.10896278 , 10.310603 , 0.21787435 , 0.010313578 , -0.9759222
549316  , -2.6832085 , -0.61291564 , 10.760075 , 0.2415889 , 0.055185273 , -0.9688083
41961670  , -2.6832085 , -0.61291564 , 10.760075 , 0.24158886 , 0.05518526 , -0.9688082
244141  , -1.4573772 , -1.2258313 , 10.61025 , 0.13519521 , 0.11371561 , -0.98427176
36621096  , -1.4573772 , -1.2258313 , 10.61025 , 0.13519523 , 0.11371561 , -0.98427176
335693  , -0.53119355 , -1.7570249 , 10.760075 , 0.048664078 , 0.16096579 , -0.9857595
57342532  , -0.53119355 , -1.7570249 , 10.760075 , 0.04866408 , 0.16096582 , -0.9857596
244140  , -0.88532263 , -1.7570249 , 10.378705 , 0.08380926 , 0.16632915 , -0.98250234
10375977  , -0.88532263 , -1.7570249 , 10.378705 , 0.08380927 , 0.16632915 , -0.98250234
213623  , -1.1168685 , -1.7978859 , 9.847511 , 0.11088404 , 0.17849627 , -0.9776727
29998780  , -1.1168685 , -1.7978859 , 9.847511 , 0.110884026 , 0.17849624 , -0.97767246
244141  , -1.4982382 , -1.7978859 , 9.425281 , 0.15427479 , 0.18512976 , -0.9705288
29602051  , -1.4982382 , -1.7978859 , 9.425281 , 0.1542748 , 0.18512976 , -0.97052884
366211  , -1.6480621 , -1.8387469 , 9.534244 , 0.1673363 , 0.18669753 , -0.9680612
31524658  , -1.6480621 , -1.8387469 , 9.534244 , 0.16733633 , 0.18669754 , -0.96806145
396729  , -1.4982382 , -2.070293 , 9.615966 , 0.15058044 , 0.20807478 , -0.9664526
55297852  , -1.4982382 , -2.070293 , 9.615966 , 0.1505804 , 0.20807478 , -0.96645254
213623  , -1.2258313 , -2.2201166 , 9.656827 , 0.12277609 , 0.22236115 , -0.9672028
50811767  , -1.2258313 , -2.2201166 , 9.656827 , 0.12277609 , 0.22236115 , -0.9672028
213623  , -1.0760075 , -2.3426998 , 9.152874 , 0.11315669 , 0.24636644 , -0.962548
30212402  , -1.0760075 , -2.3426998 , 9.152874 , 0.113156684 , 0.24636646 , -0.96254814
305176  , -1.2666923 , -1.6889231 , 9.765789 , 0.12677856 , 0.16903809 , -0.97742176
37597655  , -1.2666923 , -1.6889231 , 9.765789 , 0.12677854 , 0.16903806 , -0.97742164
335694  , -1.3756552 , -1.607201 , 10.800936 , 0.124989465 , 0.14602731 , -0.98135287
