75134277  , -0.040861044 , 0.27240697 , 10.147159    , 0.0 , 0.0 , -1.0    ,-10.3125 , -8.75 , -45.1875
305176  , -0.040861044 , 0.23154591 , 10.147159    , 0.0 , 0.0 , -1.0    ,-10.3125 , -8.75 , -45.1875
33355712  , -0.040861044 , 0.23154591 , 10.147159    , 0.0 , 0.0 , -1.0    ,-10.3125 , -8.25 , -44.9375
213623  , -0.08172209 , 0.23154591 , 10.18802    , 0.0 , 0.0 , -1.0    ,-10.3125 , -8.25 , -44.9375
33325195  , -0.08172209 , 0.23154591 , 10.18802    , 0.0 , 0.0 , -1.0    ,-9.8125 , -8.25 , -44.6875
183106  , -0.08172209 , 0.19068487 , 10.18802    , 0.0 , 0.0 , -1.0    ,-9.8125 , -8.25 , -44.6875
150604243  , -0.08172209 , 0.19068487 , 10.18802    , 0.0 , 0.0 , -1.0    ,-10.0625 , -8.5 , -45.1875
305176  , -0.10896278 , 0.23154591 , 10.147159    , 0.0 , 0.0 , -1.0    ,-10.0625 , -8.5 , -45.1875
31280519  , -0.10896278 , 0.23154591 , 10.147159    , 0.0 , 0.0 , -1.0    ,-10.625 , -8.5 , -45.6875
5676269  , -0.08172209 , 0.19068487 , 10.119919    , 0.0 , 0.0 , -1.0    ,-10.625 , -8.5 , -45.6875
1068116  , -0.08172209 , 0.19068487 , 10.119919    , 0.0 , 0.0 , -1.0    ,-10.625 , -9.0 , -46.125
274658  , -0.08172209 , 0.19068487 , 10.147159    , 0.0 , 0.0 , -1.0    ,-10.625 , -9.0 , -46.125
244140  , -0.08172209 , 0.19068487 , 10.147159    , 0.0 , 0.0 , -1.0    ,-10.0625 , -8.75 , -46.375
3509522  , -0.08172209 , 0.23154591 , 10.147159    , 0.0 , 0.0 , -1.0    ,-10.0625 , -8.75 , -46.375
274658  , -0.08172209 , 0.23154591 , 10.147159    , 0.0 , 0.0 , -1.0    ,-9.5625 , -8.5 , -45.875
244141  , -0.10896278 , 0.19068487 , 10.119919    , 0.0 , 0.0 , -1.0    ,-9.5625 , -8.5 , -45.875
305176  , -0.10896278 , 0.19068487 , 10.119919    , 0.0 , 0.0 , -1.0    ,-8.8125 , -8.5 , -45.6875
1770019  , -0.08172209 , 0.19068487 , 10.079058    , 0.0 , 0.0 , -1.0    ,-8.8125 , -8.5 , -45.6875
37567141  , -0.08172209 , 0.19068487 , 10.079058    , 0.0 , 0.0 , -1.0    ,-9.0625 , -8.5 , -45.4375
274659  , -0.040861044 , 0.23154591 , 10.119919    , 0.0 , 0.0 , -1.0    ,-9.0625 , -8.5 , -45.4375
38818360  , -0.040861044 , 0.23154591 , 10.119919    , 0.0 , 0.0 , -1.0    ,-9.8125 , -9.0 , -45.6875
244141  , -0.08172209 , 0.23154591 , 10.147159    , 0.0 , 0.0 , -1.0    ,-9.8125 , -9.0 , -45.6875
35614015  , -0.08172209 , 0.23154591 , 10.147159    , 0.0 , 0.0 , -1.0    ,-10.0625 , -8.5 , -46.125
213623  , -0.10896278 , 0.19068487 , 10.18802    , 0.0 , 0.0 , -1.0    ,-10.0625 , -8.5 , -46.125
213623  , -0.10896278 , 0.19068487 , 10.18802    , 0.0 , 0.0 , -1.0    ,-10.0625 , -8.0 , -45.6875
213623  , -0.08172209 , 0.19068487 , 10.119919    , 0.0 , 0.0 , -1.0    ,-10.0625 , -8.0 , -45.6875
26550293  , -0.08172209 , 0.19068487 , 10.119919    , 0.0 , 0.0 , -1.0    ,-9.8125 , -7.75 , -45.6875
244140  , -0.08172209 , 0.23154591 , 10.119919    , 0.0 , 0.0 , -1.0    ,-9.8125 , -7.75 , -45.6875
26641847  , -0.08172209 , 0.23154591 , 10.119919    , 0.0 , 0.0 , -1.0    ,-9.5625 , -7.75 , -45.875
244141  , -0.08172209 , 0.19068487 , 10.147159    , 0.0 , 0.0 , -1.0    ,-9.5625 , -7.75 , -45.875
33264160  , -0.08172209 , 0.19068487 , 10.147159    , 0.0 , 0.0 , -1.0    ,-9.5625 , -8.25 , -45.6875
244141  , -0.08172209 , 0.27240697 , 10.147159    , 0.0 , 0.0 , -1.0    ,-9.5625 , -8.25 , -45.6875
25451660  , -0.08172209 , 0.27240697 , 10.147159    , 0.0 , 0.0 , -1.0    ,-9.8125 , -8.5 , -46.375
823975  , -0.10896278 , 0.5720546 , 10.18802    , 0.0 , 0.0 , -1.0    ,-9.8125 , -8.5 , -46.375
26092529  , -0.10896278 , 0.5720546 , 10.18802    , 0.0 , 0.0 , -1.0    ,-9.5625 , -8.75 , -46.375
21331787  , -0.08172209 , 0.61291564 , 10.228881    , 0.0 , 0.0 , -1.0    ,-9.5625 , -8.75 , -46.375
24108886  , -0.08172209 , 0.61291564 , 10.228881    , 0.0 , 0.0 , -1.0    ,-9.3125 , -8.5 , -45.875
244141  , -0.08172209 , 0.27240697 , 10.18802    , 0.0 , 0.0 , -1.0    ,-9.3125 , -8.5 , -45.875
18768310  , -0.08172209 , 0.27240697 , 10.18802    , 0.0 , 0.0 , -1.0    ,-9.3125 , -8.25 , -45.875
488281  , -0.10896278 , 0.19068487 , 10.147159    , 0.0 , 0.0 , -1.0    ,-9.3125 , -8.25 , -45.875
28442382  , -0.10896278 , 0.19068487 , 10.147159    , 0.0 , 0.0 , -1.0    ,-9.5625 , -8.5 , -45.6875
28991698  , -0.10896278 , 0.19068487 , 10.147159    , 0.0 , 0.0 , -1.0    ,-10.0625 , -8.25 , -45.4375
244141  , -0.08172209 , 0.19068487 , 10.18802    , 0.0 , 0.0 , -1.0    ,-10.0625 , -8.25 , -45.4375
29541015  , -0.08172209 , 0.19068487 , 10.18802    , 0.0 , 0.0 , -1.0    ,-10.625 , -8.25 , -45.6875
213623  , -0.08172209 , 0.19068487 , 10.147159    , 0.0 , 0.0 , -1.0    ,-10.625 , -8.25 , -45.6875
50750733  , -0.08172209 , 0.19068487 , 10.147159    , 0.0 , 0.0 , -1.0    ,-10.625 , -8.5 , -45.6875
27404786  , -0.08172209 , 0.19068487 , 10.147159    , 0.0 , 0.0 , -1.0    ,-10.0625 , -7.75 , -45.4375
4241944  , -0.08172209 , 0.23154591 , 10.228881    , 0.0 , 0.0 , -1.0    ,-10.0625 , -7.75 , -45.4375
23559570  , -0.08172209 , 0.23154591 , 10.228881    , 0.0 , 0.0 , -1.0    ,-9.8125 , -7.75 , -45.875
213623  , -0.08172209 , 0.19068487 , 10.228881    , 0.0 , 0.0 , -1.0    ,-9.8125 , -7.75 , -45.875
25177003  , -0.08172209 , 0.19068487 , 10.228881    , 0.0 , 0.0 , -1.0    ,-9.8125 , -7.5 , -45.875
213623  , -0.08172209 , 0.38136974 , 10.147159    , 0.0 , 0.0 , -1.0    ,-9.8125 , -7.5 , -45.875
23162842  , -0.08172209 , 0.38136974 , 10.147159    , 0.0 , 0.0 , -1.0    ,-9.5625 , -7.5 , -45.875
244140  , -0.08172209 , 0.46309182 , 10.18802    , 0.0 , 0.0 , -1.0    ,-9.5625 , -7.5 , -45.875
25085449  , -0.08172209 , 0.46309182 , 10.18802    , 0.0 , 0.0 , -1.0    ,-9.5625 , -8.0 , -45.875
244140  , -0.10896278 , 0.23154591 , 10.18802    , 0.0 , 0.0 , -1.0    ,-9.5625 , -8.0 , -45.875
22827149  , -0.10896278 , 0.23154591 , 10.18802    , 0.0 , 0.0 , -1.0    ,-9.3125 , -8.25 , -45.875
183105  , -0.08172209 , 0.23154591 , 10.147159    , 0.0 , 0.0 , -1.0    ,-9.3125 , -8.25 , -45.875
29052735  , -0.08172209 , 0.23154591 , 10.147159    , 0.0 , 0.0 , -1.0    ,-9.0625 , -8.5 , -45.875
213623  , -0.08172209 , 0.23154591 , 10.18802    , 0.0 , 0.0 , -1.0    ,-9.0625 , -8.5 , -45.875
54168701  , -0.08172209 , 0.23154591 , 10.18802    , 0.0 , 0.0 , -1.0    ,-9.0625 , -8.75 , -45.4375
1800537  , -0.08172209 , 0.19068487 , 10.18802    , 0.0 , 0.0 , -1.0    ,-9.0625 , -8.75 , -45.4375
26702880  , -0.08172209 , 0.19068487 , 10.18802    , 0.0 , 0.0 , -1.0    ,-9.0625 , -8.75 , -45.6875
244140  , -0.10896278 , 0.23154591 , 10.119919    , 0.0 , 0.0 , -1.0    ,-9.0625 , -8.75 , -45.6875
28015136  , -0.10896278 , 0.23154591 , 10.119919    , 0.0 , 0.0 , -1.0    ,-9.0625 , -8.75 , -45.4375
274658  , -0.08172209 , 0.19068487 , 10.147159    , 0.0 , 0.0 , -1.0    ,-9.0625 , -8.75 , -45.4375
213623  , -0.08172209 , 0.19068487 , 10.147159    , 0.0 , 0.0 , -1.0    ,-9.3125 , -8.75 , -45.4375
244140  , -0.08172209 , 0.23154591 , 10.147159    , 0.0 , 0.0 , -1.0    ,-9.3125 , -8.75 , -45.4375
29693603  , -0.08172209 , 0.23154591 , 10.147159    , 0.0 , 0.0 , -1.0    ,-9.3125 , -8.5 , -45.6875
213623  , -0.08172209 , 0.23154591 , 10.119919    , 0.0 , 0.0 , -1.0    ,-9.3125 , -8.5 , -45.6875
9674072  , -0.08172209 , 0.23154591 , 10.119919    , 0.0 , 0.0 , -1.0    ,-9.8125 , -9.0 , -45.875
976562  , -0.08172209 , 0.19068487 , 10.119919    , 0.0 , 0.0 , -1.0    ,-9.8125 , -9.0 , -45.875
38269041  , -0.08172209 , 0.19068487 , 10.119919    , 0.0 , 0.0 , -1.0    ,-10.3125 , -9.0 , -45.875
29663085  , -0.08172209 , 0.19068487 , 10.119919    , 0.0 , 0.0 , -1.0    ,-9.8125 , -9.0 , -46.125
30426024  , -0.08172209 , 0.19068487 , 10.119919    , 0.0 , 0.0 , -1.0    ,-10.0625 , -9.0 , -46.625
213623  , -0.08172209 , 0.14982383 , 10.119919    , 0.0 , 0.0 , -1.0    ,-10.0625 , -9.0 , -46.625
29418944  , -0.08172209 , 0.14982383 , 10.119919    , 0.0 , 0.0 , -1.0    ,-9.5625 , -9.0 , -46.375
244141  , -0.08172209 , 0.19068487 , 10.147159    , 0.0 , 0.0 , -1.0    ,-9.5625 , -9.0 , -46.375
29052736  , -0.08172209 , 0.19068487 , 10.147159    , 0.0 , 0.0 , -1.0    ,-9.3125 , -8.75 , -46.125
29907228  , -0.08172209 , 0.19068487 , 10.147159    , 0.0 , 0.0 , -1.0    ,-9.3125 , -9.0 , -45.6875
244140  , -0.08172209 , 0.19068487 , 10.119919    , 0.0 , 0.0 , -1.0    ,-9.3125 , -9.0 , -45.6875
29541016  , -0.08172209 , 0.19068487 , 10.119919    , 0.0 , 0.0 , -1.0    ,-9.3125 , -8.75 , -45.6875
244141  , -0.08172209 , 0.19068487 , 10.147159    , 0.0 , 0.0 , -1.0    ,-9.3125 , -8.75 , -45.6875
29479982  , -0.08172209 , 0.19068487 , 10.147159    , 0.0 , 0.0 , -1.0    ,-9.8125 , -8.25 , -45.4375
213623  , -0.08172209 , 0.23154591 , 10.18802    , 0.0 , 0.0 , -1.0    ,-9.8125 , -8.25 , -45.4375
29724122  , -0.08172209 , 0.19068487 , 10.147159    , 0.0 , 0.0 , -1.0    ,-9.8125 , -8.25 , -45.4375
29907227  , -0.08172209 , 0.19068487 , 10.147159    , 0.0 , 0.0 , -1.0    ,-9.8125 , -8.0 , -45.4375
244140  , -0.08172209 , 0.23154591 , 10.147159    , 0.0 , 0.0 , -1.0    ,-9.8125 , -8.0 , -45.4375
29479981  , -0.08172209 , 0.23154591 , 10.147159    , 0.0 , 0.0 , -1.0    ,-9.5625 , -8.0 , -45.1875
213623  , -0.08172209 , 0.19068487 , 10.147159    , 0.0 , 0.0 , -1.0    ,-9.5625 , -8.0 , -45.1875
29113770  , -0.08172209 , 0.19068487 , 10.147159    , 0.0 , 0.0 , -1.0    ,-9.3125 , -8.5 , -45.4375
244140  , -0.10896278 , 0.23154591 , 10.18802    , 0.0 , 0.0 , -1.0    ,-9.3125 , -8.5 , -45.4375
29815673  , -0.10896278 , 0.23154591 , 10.18802    , 0.0 , 0.0 , -1.0    ,-9.3125 , -8.5 , -45.875
213623  , -0.08172209 , 0.23154591 , 10.147159    , 0.0 , 0.0 , -1.0    ,-9.3125 , -8.5 , -45.875
29083252  , -0.08172209 , 0.23154591 , 10.147159    , 0.0 , 0.0 , -1.0    ,-9.8125 , -8.5 , -46.125
244140  , -0.08172209 , 0.23154591 , 10.119919    , 0.0 , 0.0 , -1.0    ,-9.8125 , -8.5 , -46.125
29541015  , -0.08172209 , 0.23154591 , 10.119919    , 0.0 , 0.0 , -1.0    ,-10.0625 , -8.5 , -46.125
244140  , -0.08172209 , 0.23154591 , 10.079058    , 0.0 , 0.0 , -1.0    ,-10.0625 , -8.5 , -46.125
29449462  , -0.08172209 , 0.23154591 , 10.079058    , 0.0 , 0.0 , -1.0    ,-10.0625 , -8.0 , -45.875
244141  , -0.08172209 , 0.23154591 , 10.119919    , 0.0 , 0.0 , -1.0    ,-10.0625 , -8.0 , -45.875
29418945  , -0.08172209 , 0.23154591 , 10.119919    , 0.0 , 0.0 , -1.0    ,-10.0625 , -8.25 , -45.1875
30120849  , -0.08172209 , 0.23154591 , 10.119919    , 0.0 , 0.0 , -1.0    ,-10.0625 , -8.5 , -45.1875
305176  , -0.10896278 , 0.23154591 , 10.119919    , 0.0 , 0.0 , -1.0    ,-10.0625 , -8.5 , -45.1875
30395506  , -0.10896278 , 0.23154591 , 10.119919    , 0.0 , 0.0 , -1.0    ,-10.0625 , -9.0 , -44.6875
396729  , -0.10896278 , 0.23154591 , 10.147159    , 0.0 , 0.0 , -1.0    ,-10.0625 , -9.0 , -44.6875
38299559  , -0.10896278 , 0.23154591 , 10.147159    , 0.0 , 0.0 , -1.0    ,-10.0625 , -8.75 , -44.6875
427246  , -0.08172209 , 0.23154591 , 10.147159    , 0.0 , 0.0 , -1.0    ,-10.0625 , -8.75 , -44.6875
39245608  , -0.08172209 , 0.23154591 , 10.147159    , 0.0 , 0.0 , -1.0    ,-10.3125 , -8.75 , -45.1875
396728  , -0.08172209 , 0.19068487 , 10.147159    , 0.0 , 0.0 , -1.0    ,-10.3125 , -8.75 , -45.1875
39184572  , -0.08172209 , 0.19068487 , 10.147159    , 0.0 , 0.0 , -1.0    ,-10.3125 , -8.5 , -44.9375
396729  , -0.08172209 , 0.23154591 , 10.18802    , 0.0 , 0.0 , -1.0    ,-10.3125 , -8.5 , -44.9375
39062501  , -0.08172209 , 0.23154591 , 10.18802    , 0.0 , 0.0 , -1.0    ,-10.3125 , -7.75 , -45.4375
366211  , -0.08172209 , 0.313268 , 10.147159    , 0.0 , 0.0 , -1.0    ,-10.3125 , -7.75 , -45.4375
39093018  , -0.08172209 , 0.313268 , 10.147159    , 0.0 , 0.0 , -1.0    ,-10.0625 , -8.0 , -45.6875
396729  , -0.10896278 , 0.23154591 , 10.147159    , 0.0 , 0.0 , -1.0    ,-10.0625 , -8.0 , -45.6875
59173585  , -0.10896278 , 0.23154591 , 10.147159    , 0.0 , 0.0 , -1.0    ,-9.8125 , -7.75 , -45.875
25360107  , -0.10896278 , 0.23154591 , 10.147159    , 0.0 , 0.0 , -1.0    ,-9.5625 , -8.0 , -46.125
213623  , -0.08172209 , 0.23154591 , 10.079058    , 0.0 , 0.0 , -1.0    ,-9.5625 , -8.0 , -46.125
39672851  , -0.08172209 , 0.23154591 , 10.079058    , 0.0 , 0.0 , -1.0    ,-9.3125 , -8.25 , -46.125
8789063  , -0.08172209 , 0.19068487 , 10.147159    , 0.0 , 0.0 , -1.0    ,-9.3125 , -8.25 , -46.125
136322019  , -0.08172209 , 0.19068487 , 10.147159    , 0.0 , 0.0 , -1.0    ,-9.3125 , -8.5 , -46.375
15594482  , -0.08172209 , 0.19068487 , 10.147159    , 0.0 , 0.0 , -1.0    ,-9.0625 , -8.75 , -46.125
396728  , -0.10896278 , 0.23154591 , 10.119919    , 0.0 , 0.0 , -1.0    ,-9.0625 , -8.75 , -46.125
244141  , -0.10896278 , 0.23154591 , 10.119919    , 0.0 , 0.0 , -1.0    ,-8.8125 , -8.5 , -45.875
244140  , -0.08172209 , 0.23154591 , 10.079058    , 0.0 , 0.0 , -1.0    ,-8.8125 , -8.5 , -45.875
244140  , -0.08172209 , 0.23154591 , 10.079058    , 0.0 , 0.0 , -1.0    ,-8.5625 , -9.0 , -45.875
213623  , -0.08172209 , 0.23154591 , 10.119919    , 0.0 , 0.0 , -1.0    ,-8.5625 , -9.0 , -45.875
5706787  , -0.08172209 , 0.23154591 , 10.119919    , 0.0 , 0.0 , -1.0    ,-8.8125 , -8.75 , -45.4375
12664794  , -0.08172209 , 0.23154591 , 10.119919    , 0.0 , 0.0 , -1.0    ,-9.0625 , -8.5 , -45.1875
17425537  , -0.08172209 , 0.23154591 , 10.119919    , 0.0 , 0.0 , -1.0    ,-9.5625 , -8.75 , -44.9375
305176  , -0.040861044 , 0.19068487 , 10.147159    , 0.0 , 0.0 , -1.0    ,-9.5625 , -8.75 , -44.9375
32867431  , -0.040861044 , 0.19068487 , 10.147159    , 0.0 , 0.0 , -1.0    ,-9.8125 , -8.25 , -44.6875
244140  , -0.08172209 , 0.23154591 , 10.147159    , 0.0 , 0.0 , -1.0    ,-9.8125 , -8.25 , -44.6875
12176514  , -0.08172209 , 0.23154591 , 10.147159    , 0.0 , 0.0 , -1.0    ,-9.8125 , -8.25 , -44.9375
274658  , -0.08172209 , 0.46309182 , 10.147159    , 0.0 , 0.0 , -1.0    ,-9.8125 , -8.25 , -44.9375
26611330  , -0.08172209 , 0.27240697 , 10.147159    , 0.0 , 0.0 , -1.0    ,-9.8125 , -8.25 , -44.9375
29907228  , -0.08172209 , 0.27240697 , 10.147159    , 0.0 , 0.0 , -1.0    ,-9.5625 , -8.0 , -45.1875
244140  , -0.10896278 , 0.23154591 , 10.18802    , 0.0 , 0.0 , -1.0    ,-9.5625 , -8.0 , -45.1875
28747560  , -0.10896278 , 0.23154591 , 10.18802    , 0.0 , 0.0 , -1.0    ,-9.8125 , -8.25 , -45.1875
244141  , -0.08172209 , 0.19068487 , 10.119919    , 0.0 , 0.0 , -1.0    ,-9.8125 , -8.25 , -45.1875
29052735  , -0.10896278 , 0.19068487 , 10.147159    , 0.0 , 0.0 , -1.0    ,-9.8125 , -8.25 , -45.1875
30914307  , -0.10896278 , 0.19068487 , 10.147159    , 0.0 , 0.0 , -1.0    ,-9.8125 , -8.75 , -45.1875
396728  , -0.08172209 , 0.23154591 , 10.119919    , 0.0 , 0.0 , -1.0    ,-9.8125 , -8.75 , -45.1875
38970948  , -0.08172209 , 0.23154591 , 10.119919    , 0.0 , 0.0 , -1.0    ,-10.0625 , -9.0 , -45.4375
427246  , -0.08172209 , 0.313268 , 10.119919    , 0.0 , 0.0 , -1.0    ,-10.0625 , -9.0 , -45.4375
38635254  , -0.08172209 , 0.313268 , 10.119919    , 0.0 , 0.0 , -1.0    ,-9.8125 , -8.75 , -45.1875
427246  , -0.10896278 , 0.14982383 , 10.147159    , 0.0 , 0.0 , -1.0    ,-9.8125 , -8.75 , -45.1875
39306640  , -0.10896278 , 0.14982383 , 10.147159    , 0.0 , 0.0 , -1.0    ,-10.0625 , -8.75 , -44.9375
488281  , -0.08172209 , 0.19068487 , 10.147159    , 0.0 , 0.0 , -1.0    ,-10.0625 , -8.75 , -44.9375
39062499  , -0.08172209 , 0.19068487 , 10.147159    , 0.0 , 0.0 , -1.0    ,-10.0625 , -8.25 , -44.6875
732422  , -0.08172209 , 0.14982383 , 10.119919    , 0.0 , 0.0 , -1.0    ,-10.0625 , -8.25 , -44.6875
38513183  , -0.08172209 , 0.14982383 , 10.119919    , 0.0 , 0.0 , -1.0    ,-10.0625 , -8.0 , -44.4375
488282  , -0.08172209 , 0.23154591 , 10.18802    , 0.0 , 0.0 , -1.0    ,-10.0625 , -8.0 , -44.4375
38787840  , -0.08172209 , 0.23154591 , 10.18802    , 0.0 , 0.0 , -1.0    ,-10.625 , -7.75 , -44.9375
457764  , -0.040861044 , 0.27240697 , 10.147159    , 0.0 , 0.0 , -1.0    ,-10.625 , -7.75 , -44.9375
39001464  , -0.040861044 , 0.27240697 , 10.147159    , 0.0 , 0.0 , -1.0    ,-10.3125 , -7.5 , -45.4375
488281  , -0.08172209 , 0.23154591 , 10.147159    , 0.0 , 0.0 , -1.0    ,-10.3125 , -7.5 , -45.4375
38757323  , -0.08172209 , 0.23154591 , 10.147159    , 0.0 , 0.0 , -1.0    ,-10.3125 , -7.5 , -45.875
457763  , -0.10896278 , 0.19068487 , 10.147159    , 0.0 , 0.0 , -1.0    ,-10.3125 , -7.5 , -45.875
39367678  , -0.10896278 , 0.19068487 , 10.147159    , 0.0 , 0.0 , -1.0    ,-9.8125 , -7.5 , -45.875
244141  , -0.10896278 , 0.19068487 , 10.119919    , 0.0 , 0.0 , -1.0    ,-9.8125 , -7.5 , -45.875
39337160  , -0.10896278 , 0.19068487 , 10.119919    , 0.0 , 0.0 , -1.0    ,-9.3125 , -7.75 , -45.875
396729  , -0.10896278 , 0.23154591 , 10.079058    , 0.0 , 0.0 , -1.0    ,-9.3125 , -7.75 , -45.875
40588380  , -0.10896278 , 0.23154591 , 10.079058    , 0.0 , 0.0 , -1.0    ,-9.5625 , -8.25 , -45.1875
244141  , -0.040861044 , 0.23154591 , 10.119919    , 0.0 , 0.0 , -1.0    ,-9.5625 , -8.25 , -45.1875
37323000  , -0.040861044 , 0.23154591 , 10.119919    , 0.0 , 0.0 , -1.0    ,-9.8125 , -8.5 , -44.4375
244141  , -0.10896278 , 0.19068487 , 10.147159    , 0.0 , 0.0 , -1.0    ,-9.8125 , -8.5 , -44.4375
40313722  , -0.10896278 , 0.19068487 , 10.147159    , 0.0 , 0.0 , -1.0    ,-10.0625 , -8.5 , -44.6875
366211  , -0.10896278 , 0.23154591 , 10.119919    , 0.0 , 0.0 , -1.0    ,-10.0625 , -8.5 , -44.6875
39215088  , -0.10896278 , 0.23154591 , 10.119919    , 0.0 , 0.0 , -1.0    ,-10.625 , -8.75 , -44.4375
396729  , -0.10896278 , 0.19068487 , 10.119919    , 0.0 , 0.0 , -1.0    ,-10.625 , -8.75 , -44.4375
38787842  , -0.10896278 , 0.19068487 , 10.119919    , 0.0 , 0.0 , -1.0    ,-10.3125 , -9.0 , -44.6875
396729  , -0.08172209 , 0.14982383 , 10.119919    , 0.0 , 0.0 , -1.0    ,-10.3125 , -9.0 , -44.6875
38665772  , -0.08172209 , 0.14982383 , 10.119919    , 0.0 , 0.0 , -1.0    ,-10.0625 , -8.25 , -44.9375
427246  , -0.08172209 , 0.23154591 , 10.18802    , 0.0 , 0.0 , -1.0    ,-10.0625 , -8.25 , -44.9375
39489745  , -0.08172209 , 0.23154591 , 10.18802    , 0.0 , 0.0 , -1.0    ,-10.625 , -8.0 , -44.6875
518799  , -0.040861044 , 0.27240697 , 10.18802    , 0.0 , 0.0 , -1.0    ,-10.625 , -8.0 , -44.6875
38574218  , -0.040861044 , 0.27240697 , 10.18802    , 0.0 , 0.0 , -1.0    ,-10.0625 , -8.0 , -44.9375
396728  , -0.08172209 , 0.23154591 , 10.119919    , 0.0 , 0.0 , -1.0    ,-10.0625 , -8.0 , -44.9375
39428710  , -0.08172209 , 0.23154591 , 10.119919    , 0.0 , 0.0 , -1.0    ,-10.3125 , -7.75 , -44.9375
396729  , -0.08172209 , 0.19068487 , 10.119919    , 0.0 , 0.0 , -1.0    ,-10.3125 , -7.75 , -44.9375
38940428  , -0.08172209 , 0.19068487 , 10.119919    , 0.0 , 0.0 , -1.0    ,-10.3125 , -8.25 , -45.4375
396729  , -0.08172209 , 0.19068487 , 10.147159    , 0.0 , 0.0 , -1.0    ,-10.3125 , -8.25 , -45.4375
38665771  , -0.08172209 , 0.19068487 , 10.147159    , 0.0 , 0.0 , -1.0    ,-10.0625 , -8.75 , -45.4375
29907228  , -0.08172209 , 0.19068487 , 10.147159    , 0.0 , 0.0 , -1.0    ,-10.625 , -8.5 , -45.6875
396729  , -0.08172209 , 0.23154591 , 10.119919    , 0.0 , 0.0 , -1.0    ,-10.625 , -8.5 , -45.6875
39367678  , -0.08172209 , 0.23154591 , 10.119919    , 0.0 , 0.0 , -1.0    ,-10.3125 , -8.5 , -45.875
39520265  , -0.08172209 , 0.23154591 , 10.119919    , 0.0 , 0.0 , -1.0    ,-10.3125 , -8.75 , -45.6875
732422  , -0.08172209 , 0.23154591 , 10.147159    , 0.0 , 0.0 , -1.0    ,-10.3125 , -8.75 , -45.6875
39855958  , -0.040861044 , 0.23154591 , 10.119919    , 0.0 , 0.0 , -1.0    ,-10.3125 , -8.75 , -45.6875
37933350  , -0.040861044 , 0.23154591 , 10.119919    , 0.0 , 0.0 , -1.0    ,-10.625 , -8.75 , -44.6875
244141  , -0.10896278 , 0.23154591 , 10.147159    , 0.0 , 0.0 , -1.0    ,-10.625 , -8.75 , -44.6875
39947510  , -0.10896278 , 0.23154591 , 10.147159    , 0.0 , 0.0 , -1.0    ,-10.3125 , -8.5 , -44.4375
366211  , -0.08172209 , 0.27240697 , 10.147159    , 0.0 , 0.0 , -1.0    ,-10.3125 , -8.5 , -44.4375
39245606  , -0.08172209 , 0.27240697 , 10.147159    , 0.0 , 0.0 , -1.0    ,-10.3125 , -8.75 , -44.6875
488282  , -0.08172209 , 0.19068487 , 10.119919    , 0.0 , 0.0 , -1.0    ,-10.3125 , -8.75 , -44.6875
39123535  , -0.08172209 , 0.19068487 , 10.119919    , 0.0 , 0.0 , -1.0    ,-10.875 , -8.25 , -44.4375
457764  , -0.08172209 , 0.23154591 , 10.18802    , 0.0 , 0.0 , -1.0    ,-10.875 , -8.25 , -44.4375
38879394  , -0.08172209 , 0.23154591 , 10.18802    , 0.0 , 0.0 , -1.0    ,-10.625 , -8.0 , -45.1875
488282  , -0.040861044 , 0.27240697 , 10.18802    , 0.0 , 0.0 , -1.0    ,-10.625 , -8.0 , -45.1875
38970946  , -0.040861044 , 0.27240697 , 10.18802    , 0.0 , 0.0 , -1.0    ,-10.875 , -8.0 , -45.4375
488281  , -0.040861044 , 0.23154591 , 10.147159    , 0.0 , 0.0 , -1.0    ,-10.875 , -8.0 , -45.4375
38940429  , -0.040861044 , 0.23154591 , 10.147159    , 0.0 , 0.0 , -1.0    ,-10.875 , -8.0 , -45.6875
732422  , -0.10896278 , 0.19068487 , 10.147159    , 0.0 , 0.0 , -1.0    ,-10.875 , -8.0 , -45.6875
38604735  , -0.10896278 , 0.19068487 , 10.147159    , 0.0 , 0.0 , -1.0    ,-10.0625 , -8.5 , -46.125
457764  , -0.08172209 , 0.19068487 , 10.147159    , 0.0 , 0.0 , -1.0    ,-10.0625 , -8.5 , -46.125
38787842  , -0.08172209 , 0.19068487 , 10.147159    , 0.0 , 0.0 , -1.0    ,-9.8125 , -8.75 , -45.875
457764  , -0.08172209 , 0.19068487 , 10.18802    , 0.0 , 0.0 , -1.0    ,-9.8125 , -8.75 , -45.875
39306642  , -0.08172209 , 0.19068487 , 10.18802    , 0.0 , 0.0 , -1.0    ,-9.5625 , -9.0 , -45.875
488281  , -0.08172209 , 0.19068487 , 10.228881    , 0.0 , 0.0 , -1.0    ,-9.5625 , -9.0 , -45.875
38543703  , -0.08172209 , 0.19068487 , 10.228881    , 0.0 , 0.0 , -1.0    ,-9.8125 , -8.75 , -45.875
488281  , -0.10896278 , 0.19068487 , 10.147159    , 0.0 , 0.0 , -1.0    ,-9.8125 , -8.75 , -45.875
39062501  , -0.10896278 , 0.19068487 , 10.147159    , 0.0 , 0.0 , -1.0    ,-9.8125 , -9.0 , -45.875
457764  , -0.08172209 , 0.23154591 , 10.18802    , 0.0 , 0.0 , -1.0    ,-9.8125 , -9.0 , -45.875
39154053  , -0.08172209 , 0.23154591 , 10.18802    , 0.0 , 0.0 , -1.0    ,-9.5625 , -9.0 , -45.875
457764  , -0.040861044 , 0.19068487 , 10.147159    , 0.0 , 0.0 , -1.0    ,-9.5625 , -9.0 , -45.875
39123536  , -0.040861044 , 0.19068487 , 10.147159    , 0.0 , 0.0 , -1.0    ,-9.8125 , -8.75 , -46.125
488281  , -0.08172209 , 0.23154591 , 10.18802    , 0.0 , 0.0 , -1.0    ,-9.8125 , -8.75 , -46.125
38574219  , -0.08172209 , 0.23154591 , 10.18802    , 0.0 , 0.0 , -1.0    ,-10.0625 , -8.5 , -45.875
488281  , -0.10896278 , 0.19068487 , 10.18802    , 0.0 , 0.0 , -1.0    ,-10.0625 , -8.5 , -45.875
39001464  , -0.10896278 , 0.19068487 , 10.18802    , 0.0 , 0.0 , -1.0    ,-10.0625 , -8.5 , -45.4375
488282  , -0.040861044 , 0.23154591 , 10.147159    , 0.0 , 0.0 , -1.0    ,-10.0625 , -8.5 , -45.4375
38757323  , -0.040861044 , 0.23154591 , 10.147159    , 0.0 , 0.0 , -1.0    ,-10.0625 , -8.5 , -45.1875
457764  , -0.08172209 , 0.23154591 , 10.119919    , 0.0 , 0.0 , -1.0    ,-10.0625 , -8.5 , -45.1875
39031982  , -0.08172209 , 0.23154591 , 10.119919    , 0.0 , 0.0 , -1.0    ,-10.3125 , -8.5 , -44.9375
457764  , -0.08172209 , 0.23154591 , 10.147159    , 0.0 , 0.0 , -1.0    ,-10.3125 , -8.5 , -44.9375
38757323  , -0.08172209 , 0.23154591 , 10.147159    , 0.0 , 0.0 , -1.0    ,-9.8125 , -8.75 , -44.4375
30059813  , -0.08172209 , 0.23154591 , 10.147159    , 0.0 , 0.0 , -1.0    ,-10.0625 , -8.25 , -45.4375
488281  , -0.040861044 , 0.23154591 , 10.18802    , 0.0 , 0.0 , -1.0    ,-10.0625 , -8.25 , -45.4375
38909910  , -0.040861044 , 0.23154591 , 10.18802    , 0.0 , 0.0 , -1.0    ,-10.875 , -8.25 , -45.875
732422  , -0.040861044 , 0.27240697 , 10.119919    , 0.0 , 0.0 , -1.0    ,-10.875 , -8.25 , -45.875
38696290  , -0.040861044 , 0.27240697 , 10.119919    , 0.0 , 0.0 , -1.0    ,-10.625 , -8.0 , -45.875
457763  , -0.08172209 , 0.27240697 , 10.18802    , 0.0 , 0.0 , -1.0    ,-10.625 , -8.0 , -45.875
39794924  , -0.08172209 , 0.27240697 , 10.18802    , 0.0 , 0.0 , -1.0    ,-10.625 , -7.5 , -46.375
457764  , -0.10896278 , 0.19068487 , 10.147159    , 0.0 , 0.0 , -1.0    ,-10.625 , -7.5 , -46.375
146453861  , -0.10896278 , 0.19068487 , 10.147159    , 0.0 , 0.0 , -1.0    ,-10.3125 , -7.5 , -46.125
274658  , -0.08172209 , 0.5720546 , 10.18802    , 0.0 , 0.0 , -1.0    ,-10.3125 , -7.5 , -46.125
213623  , -0.08172209 , 0.5720546 , 10.18802    , 0.0 , 0.0 , -1.0    ,-9.8125 , -7.75 , -45.875
366211  , -0.040861044 , 0.23154591 , 10.119919    , 0.0 , 0.0 , -1.0    ,-9.8125 , -7.75 , -45.875
244141  , -0.040861044 , 0.23154591 , 10.119919    , 0.0 , 0.0 , -1.0    ,-9.8125 , -8.0 , -45.6875
213623  , -0.040861044 , 0.23154591 , 10.18802    , 0.0 , 0.0 , -1.0    ,-9.8125 , -8.0 , -45.6875
244140  , -0.040861044 , 0.23154591 , 10.18802    , 0.0 , 0.0 , -1.0    ,-9.5625 , -8.25 , -45.6875
244140  , -0.08172209 , 0.23154591 , 10.18802    , 0.0 , 0.0 , -1.0    ,-9.5625 , -8.25 , -45.6875
8880615  , -0.08172209 , 0.23154591 , 10.18802    , 0.0 , 0.0 , -1.0    ,-9.5625 , -8.25 , -45.1875
274658  , -0.08172209 , 0.19068487 , 10.147159    , 0.0 , 0.0 , -1.0    ,-9.5625 , -8.25 , -45.1875
29449463  , -0.08172209 , 0.19068487 , 10.147159    , 0.0 , 0.0 , -1.0    ,-9.5625 , -8.0 , -45.6875
244140  , -0.08172209 , 0.23154591 , 10.147159    , 0.0 , 0.0 , -1.0    ,-9.5625 , -8.0 , -45.6875
38879394  , -0.08172209 , 0.23154591 , 10.147159    , 0.0 , 0.0 , -1.0    ,-9.3125 , -7.5 , -45.875
915527  , -0.08172209 , 0.27240697 , 10.147159    , 0.0 , 0.0 , -1.0    ,-9.3125 , -7.5 , -45.875
38452148  , -0.08172209 , 0.27240697 , 10.147159    , 0.0 , 0.0 , -1.0    ,-9.5625 , -7.5 , -45.875
31311034  , -0.08172209 , 0.27240697 , 10.147159    , 0.0 , 0.0 , -1.0    ,-9.5625 , -7.75 , -45.875
488281  , -0.08172209 , 0.19068487 , 10.18802    , 0.0 , 0.0 , -1.0    ,-9.5625 , -7.75 , -45.875
38421630  , -0.08172209 , 0.19068487 , 10.18802    , 0.0 , 0.0 , -1.0    ,-9.5625 , -8.0 , -45.4375
213623  , -0.08172209 , 0.19068487 , 10.147159    , 0.0 , 0.0 , -1.0    ,-9.5625 , -8.0 , -45.4375
39428710  , -0.08172209 , 0.19068487 , 10.147159    , 0.0 , 0.0 , -1.0    ,-9.8125 , -8.5 , -45.1875
396728  , -0.08172209 , 0.23154591 , 10.147159    , 0.0 , 0.0 , -1.0    ,-9.8125 , -8.5 , -45.1875
39611814  , -0.08172209 , 0.23154591 , 10.147159    , 0.0 , 0.0 , -1.0    ,-10.0625 , -8.5 , -44.6875
39337160  , -0.08172209 , 0.23154591 , 10.147159    , 0.0 , 0.0 , -1.0    ,-9.8125 , -8.5 , -44.9375
427246  , -0.08172209 , 0.23154591 , 10.18802    , 0.0 , 0.0 , -1.0    ,-9.8125 , -8.5 , -44.9375
38421633  , -0.08172209 , 0.23154591 , 10.18802    , 0.0 , 0.0 , -1.0    ,-9.8125 , -8.5 , -44.6875
457764  , -0.08172209 , 0.23154591 , 10.147159    , 0.0 , 0.0 , -1.0    ,-9.8125 , -8.5 , -44.6875
39398194  , -0.08172209 , 0.313268 , 10.18802    , 0.0 , 0.0 , -1.0    ,-9.8125 , -8.5 , -44.6875
29449463  , -0.08172209 , 0.313268 , 10.18802    , 0.0 , 0.0 , -1.0    ,-9.5625 , -9.0 , -45.1875
427246  , -0.14982383 , 0.23154591 , 10.18802    , 0.0 , 0.0 , -1.0    ,-9.5625 , -9.0 , -45.1875
39337159  , -0.14982383 , 0.23154591 , 10.18802    , 0.0 , 0.0 , -1.0    ,-9.5625 , -8.75 , -44.9375
488281  , -0.10896278 , 0.23154591 , 10.147159    , 0.0 , 0.0 , -1.0    ,-9.5625 , -8.75 , -44.9375
39215088  , -0.10896278 , 0.23154591 , 10.147159    , 0.0 , 0.0 , -1.0    ,-10.0625 , -8.25 , -45.4375
457764  , -0.08172209 , 0.19068487 , 10.119919    , 0.0 , 0.0 , -1.0    ,-10.0625 , -8.25 , -45.4375
38238525  , -0.08172209 , 0.19068487 , 10.119919    , 0.0 , 0.0 , -1.0    ,-10.0625 , -8.0 , -45.1875
29754638  , -0.08172209 , 0.19068487 , 10.119919    , 0.0 , 0.0 , -1.0    ,-10.3125 , -7.5 , -45.1875
30151367  , -0.08172209 , 0.19068487 , 10.119919    , 0.0 , 0.0 , -1.0    ,-11.125 , -7.75 , -45.1875
488281  , -0.10896278 , 0.3405087 , 10.147159    , 0.0 , 0.0 , -1.0    ,-11.125 , -7.75 , -45.1875
38940429  , -0.10896278 , 0.3405087 , 10.147159    , 0.0 , 0.0 , -1.0    ,-10.625 , -8.0 , -44.6875
488281  , -0.10896278 , 0.42223078 , 10.18802    , 0.0 , 0.0 , -1.0    ,-10.625 , -8.0 , -44.6875
38970946  , -0.10896278 , 0.42223078 , 10.18802    , 0.0 , 0.0 , -1.0    ,-10.875 , -8.5 , -44.9375
488281  , -0.08172209 , 0.46309182 , 10.18802    , 0.0 , 0.0 , -1.0    ,-10.875 , -8.5 , -44.9375
38970946  , -0.08172209 , 0.46309182 , 10.18802    , 0.0 , 0.0 , -1.0    ,-10.625 , -8.5 , -44.6875
488281  , -0.08172209 , 0.6946377 , 10.269742    , 0.0 , 0.0 , -1.0    ,-10.625 , -8.5 , -44.6875
38757322  , -0.08172209 , 0.6946377 , 10.269742    , 0.0 , 0.0 , -1.0    ,-10.3125 , -8.5 , -45.1875
488281  , -0.08172209 , 0.38136974 , 10.18802    , 0.0 , 0.0 , -1.0    ,-10.3125 , -8.5 , -45.1875
38909913  , -0.08172209 , 0.38136974 , 10.18802    , 0.0 , 0.0 , -1.0    ,-10.625 , -8.75 , -45.6875
457763  , -0.08172209 , 0.313268 , 10.147159    , 0.0 , 0.0 , -1.0    ,-10.625 , -8.75 , -45.6875
38970949  , -0.08172209 , 0.313268 , 10.147159    , 0.0 , 0.0 , -1.0    ,-10.625 , -8.5 , -45.875
488281  , -0.08172209 , 0.23154591 , 10.228881    , 0.0 , 0.0 , -1.0    ,-10.625 , -8.5 , -45.875
38726808  , -0.08172209 , 0.23154591 , 10.228881    , 0.0 , 0.0 , -1.0    ,-11.125 , -8.5 , -45.875
457764  , -0.08172209 , 0.19068487 , 10.147159    , 0.0 , 0.0 , -1.0    ,-11.125 , -8.5 , -45.875
39031984  , -0.08172209 , 0.19068487 , 10.147159    , 0.0 , 0.0 , -1.0    ,-11.375 , -8.5 , -45.6875
488281  , -0.08172209 , 0.19068487 , 10.18802    , 0.0 , 0.0 , -1.0    ,-11.375 , -8.5 , -45.6875
38818360  , -0.08172209 , 0.19068487 , 10.18802    , 0.0 , 0.0 , -1.0    ,-11.375 , -8.75 , -45.6875
457764  , -0.040861044 , 0.23154591 , 10.18802    , 0.0 , 0.0 , -1.0    ,-11.375 , -8.75 , -45.6875
39154053  , -0.040861044 , 0.23154591 , 10.18802    , 0.0 , 0.0 , -1.0    ,-11.125 , -8.75 , -45.875
457763  , -0.040861044 , 0.61291564 , 10.228881    , 0.0 , 0.0 , -1.0    ,-11.125 , -8.75 , -45.875
38757325  , -0.040861044 , 0.61291564 , 10.228881    , 0.0 , 0.0 , -1.0    ,-10.875 , -8.75 , -45.875
457764  , -0.040861044 , 0.6946377 , 10.269742    , 0.0 , 0.0 , -1.0    ,-10.875 , -8.75 , -45.875
39306640  , -0.040861044 , 0.6946377 , 10.269742    , 0.0 , 0.0 , -1.0    ,-10.625 , -9.0 , -45.6875
457764  , -0.10896278 , 0.53119355 , 10.228881    , 0.0 , 0.0 , -1.0    ,-10.625 , -9.0 , -45.6875
38482666  , -0.10896278 , 0.53119355 , 10.228881    , 0.0 , 0.0 , -1.0    ,-10.625 , -8.5 , -45.6875
457763  , -0.08172209 , 0.313268 , 10.228881    , 0.0 , 0.0 , -1.0    ,-10.625 , -8.5 , -45.6875
39306640  , -0.08172209 , 0.313268 , 10.228881    , 0.0 , 0.0 , -1.0    ,-10.3125 , -9.0 , -45.875
488281  , -0.08172209 , 0.19068487 , 10.18802    , 0.0 , 0.0 , -1.0    ,-10.3125 , -9.0 , -45.875
39215087  , -0.08172209 , 0.19068487 , 10.18802    , 0.0 , 0.0 , -1.0    ,-10.3125 , -9.25 , -45.875
732422  , -0.08172209 , 0.23154591 , 10.147159    , 0.0 , 0.0 , -1.0    ,-10.3125 , -9.25 , -45.875
38238524  , -0.08172209 , 0.23154591 , 10.147159    , 0.0 , 0.0 , -1.0    ,-10.3125 , -9.0 , -45.875
488282  , -0.08172209 , 0.19068487 , 10.18802    , 0.0 , 0.0 , -1.0    ,-10.3125 , -9.0 , -45.875
40527343  , -0.08172209 , 0.19068487 , 10.18802    , 0.0 , 0.0 , -1.0    ,-9.8125 , -8.75 , -46.125
518798  , -0.040861044 , 0.19068487 , 10.18802    , 0.0 , 0.0 , -1.0    ,-9.8125 , -8.75 , -46.125
37536623  , -0.040861044 , 0.19068487 , 10.18802    , 0.0 , 0.0 , -1.0    ,-10.0625 , -8.5 , -45.875
488281  , -0.08172209 , 0.23154591 , 10.18802    , 0.0 , 0.0 , -1.0    ,-10.0625 , -8.5 , -45.875
37689211  , -0.08172209 , 0.23154591 , 10.18802    , 0.0 , 0.0 , -1.0    ,-10.0625 , -8.75 , -46.125
31280518  , -0.08172209 , 0.23154591 , 10.18802    , 0.0 , 0.0 , -1.0    ,-9.5625 , -8.5 , -46.875
39276124  , -0.08172209 , 0.23154591 , 10.18802    , 0.0 , 0.0 , -1.0    ,-10.0625 , -8.75 , -46.375
518798  , -0.10896278 , 0.23154591 , 10.147159    , 0.0 , 0.0 , -1.0    ,-10.0625 , -8.75 , -46.375
38848878  , -0.10896278 , 0.23154591 , 10.147159    , 0.0 , 0.0 , -1.0    ,-10.0625 , -8.5 , -45.875
457764  , -0.08172209 , 0.23154591 , 10.147159    , 0.0 , 0.0 , -1.0    ,-10.0625 , -8.5 , -45.875
38726807  , -0.08172209 , 0.23154591 , 10.147159    , 0.0 , 0.0 , -1.0    ,-9.8125 , -8.0 , -45.875
213623  , -0.08172209 , 0.313268 , 10.18802    , 0.0 , 0.0 , -1.0    ,-9.8125 , -8.0 , -45.875
29022217  , -0.08172209 , 0.313268 , 10.18802    , 0.0 , 0.0 , -1.0    ,-10.0625 , -8.25 , -45.4375
244140  , -0.10896278 , 0.53119355 , 10.269742    , 0.0 , 0.0 , -1.0    ,-10.0625 , -8.25 , -45.4375
29418945  , -0.10896278 , 0.53119355 , 10.269742    , 0.0 , 0.0 , -1.0    ,-10.0625 , -8.25 , -45.875
305175  , -0.08172209 , 0.23154591 , 10.18802    , 0.0 , 0.0 , -1.0    ,-10.0625 , -8.25 , -45.875
39611816  , -0.08172209 , 0.23154591 , 10.18802    , 0.0 , 0.0 , -1.0    ,-10.0625 , -8.25 , -46.375
305175  , -0.08172209 , 0.23154591 , 10.147159    , 0.0 , 0.0 , -1.0    ,-10.0625 , -8.25 , -46.375
39947509  , -0.08172209 , 0.23154591 , 10.147159    , 0.0 , 0.0 , -1.0    ,-9.8125 , -8.25 , -46.375
457763  , -0.10896278 , 0.23154591 , 10.147159    , 0.0 , 0.0 , -1.0    ,-9.8125 , -8.25 , -46.375
38696288  , -0.10896278 , 0.23154591 , 10.147159    , 0.0 , 0.0 , -1.0    ,-9.8125 , -8.25 , -46.625
457764  , -0.08172209 , 0.313268 , 10.147159    , 0.0 , 0.0 , -1.0    ,-9.8125 , -8.25 , -46.625
39306639  , -0.08172209 , 0.313268 , 10.147159    , 0.0 , 0.0 , -1.0    ,-10.0625 , -8.25 , -46.375
732422  , -0.08172209 , 0.3405087 , 10.147159    , 0.0 , 0.0 , -1.0    ,-10.0625 , -8.25 , -46.375
38238523  , -0.08172209 , 0.23154591 , 10.147159    , 0.0 , 0.0 , -1.0    ,-10.0625 , -8.25 , -46.375
29541016  , -0.08172209 , 0.23154591 , 10.147159    , 0.0 , 0.0 , -1.0    ,-10.625 , -8.0 , -46.125
40161134  , -0.08172209 , 0.23154591 , 10.147159    , 0.0 , 0.0 , -1.0    ,-10.3125 , -7.5 , -45.875
457764  , -0.08172209 , 0.19068487 , 10.147159    , 0.0 , 0.0 , -1.0    ,-10.3125 , -7.5 , -45.875
38513185  , -0.08172209 , 0.19068487 , 10.147159    , 0.0 , 0.0 , -1.0    ,-10.0625 , -7.5 , -45.875
518798  , -0.08172209 , 0.27240697 , 10.147159    , 0.0 , 0.0 , -1.0    ,-10.0625 , -7.5 , -45.875
39245606  , -0.08172209 , 0.27240697 , 10.147159    , 0.0 , 0.0 , -1.0    ,-9.8125 , -7.5 , -45.6875
457764  , -0.10896278 , 0.27240697 , 10.147159    , 0.0 , 0.0 , -1.0    ,-9.8125 , -7.5 , -45.6875
39031983  , -0.10896278 , 0.27240697 , 10.147159    , 0.0 , 0.0 , -1.0    ,-9.8125 , -7.75 , -45.875
488281  , -0.10896278 , 0.19068487 , 10.119919    , 0.0 , 0.0 , -1.0    ,-9.8125 , -7.75 , -45.875
38116455  , -0.10896278 , 0.19068487 , 10.119919    , 0.0 , 0.0 , -1.0    ,-10.3125 , -8.25 , -45.875
213623  , -0.08172209 , 0.23154591 , 10.18802    , 0.0 , 0.0 , -1.0    ,-10.3125 , -8.25 , -45.875
29815674  , -0.08172209 , 0.23154591 , 10.18802    , 0.0 , 0.0 , -1.0    ,-10.3125 , -8.25 , -46.375
29327392  , -0.08172209 , 0.23154591 , 10.18802    , 0.0 , 0.0 , -1.0    ,-10.875 , -8.25 , -46.375
274658  , -0.08172209 , 0.23154591 , 10.119919    , 0.0 , 0.0 , -1.0    ,-10.875 , -8.25 , -46.375
29815673  , -0.08172209 , 0.23154591 , 10.119919    , 0.0 , 0.0 , -1.0    ,-10.625 , -8.5 , -46.625
335693  , -0.08172209 , 0.23154591 , 10.147159    , 0.0 , 0.0 , -1.0    ,-10.625 , -8.5 , -46.625
39123535  , -0.08172209 , 0.23154591 , 10.18802    , 0.0 , 0.0 , -1.0    ,-10.625 , -8.5 , -46.625
30151367  , -0.08172209 , 0.23154591 , 10.18802    , 0.0 , 0.0 , -1.0    ,-10.625 , -8.5 , -46.125
488282  , -0.08172209 , 0.23154591 , 10.147159    , 0.0 , 0.0 , -1.0    ,-10.625 , -8.5 , -46.125
39611815  , -0.08172209 , 0.23154591 , 10.147159    , 0.0 , 0.0 , -1.0    ,-9.8125 , -8.75 , -46.125
457764  , -0.08172209 , 0.3405087 , 10.18802    , 0.0 , 0.0 , -1.0    ,-9.8125 , -8.75 , -46.125
147918702  , -0.08172209 , 0.3405087 , 10.18802    , 0.0 , 0.0 , -1.0    ,-9.5625 , -8.5 , -46.375
274658  , -0.040861044 , 0.23154591 , 10.147159    , 0.0 , 0.0 , -1.0    ,-9.5625 , -8.5 , -46.375
213623  , -0.040861044 , 0.23154591 , 10.147159    , 0.0 , 0.0 , -1.0    ,-9.0625 , -8.25 , -46.625
366211  , -0.08172209 , 0.23154591 , 10.18802    , 0.0 , 0.0 , -1.0    ,-9.0625 , -8.25 , -46.625
244140  , -0.08172209 , 0.23154591 , 10.18802    , 0.0 , 0.0 , -1.0    ,-8.8125 , -8.75 , -46.375
244140  , -0.08172209 , 0.19068487 , 10.147159    , 0.0 , 0.0 , -1.0    ,-8.8125 , -8.75 , -46.375
213623  , -0.08172209 , 0.19068487 , 10.147159    , 0.0 , 0.0 , -1.0    ,-9.0625 , -9.0 , -46.875
244141  , -0.08172209 , 0.23154591 , 10.147159    , 0.0 , 0.0 , -1.0    ,-9.0625 , -9.0 , -46.875
7324219  , -0.08172209 , 0.23154591 , 10.147159    , 0.0 , 0.0 , -1.0    ,-9.5625 , -9.25 , -46.375
29418946  , -0.08172209 , 0.23154591 , 10.147159    , 0.0 , 0.0 , -1.0    ,-9.8125 , -9.25 , -45.6875
30639649  , -0.08172209 , 0.23154591 , 10.147159    , 0.0 , 0.0 , -1.0    ,-9.8125 , -9.0 , -45.875
915527  , -0.10896278 , 0.27240697 , 10.147159    , 0.0 , 0.0 , -1.0    ,-9.8125 , -9.0 , -45.875
38055421  , -0.10896278 , 0.27240697 , 10.147159    , 0.0 , 0.0 , -1.0    ,-9.8125 , -8.75 , -45.6875
274659  , -0.10896278 , 0.23154591 , 10.18802    , 0.0 , 0.0 , -1.0    ,-9.8125 , -8.75 , -45.6875
39306641  , -0.040861044 , 0.23154591 , 10.147159    , 0.0 , 0.0 , -1.0    ,-9.8125 , -8.75 , -45.6875
30639649  , -0.040861044 , 0.23154591 , 10.147159    , 0.0 , 0.0 , -1.0    ,-10.3125 , -8.75 , -46.375
427246  , -0.10896278 , 0.38136974 , 10.18802    , 0.0 , 0.0 , -1.0    ,-10.3125 , -8.75 , -46.375
39276123  , -0.10896278 , 0.38136974 , 10.18802    , 0.0 , 0.0 , -1.0    ,-10.625 , -8.25 , -45.875
488281  , -0.08172209 , 0.6946377 , 10.228881    , 0.0 , 0.0 , -1.0    ,-10.625 , -8.25 , -45.875
38940429  , -0.08172209 , 0.6946377 , 10.228881    , 0.0 , 0.0 , -1.0    ,-10.875 , -7.75 , -46.125
488281  , -0.08172209 , 0.7218784 , 10.269742    , 0.0 , 0.0 , -1.0    ,-10.875 , -7.75 , -46.125
38757323  , -0.08172209 , 0.7218784 , 10.269742    , 0.0 , 0.0 , -1.0    ,-10.625 , -7.75 , -46.625
457764  , -0.08172209 , 0.46309182 , 10.228881    , 0.0 , 0.0 , -1.0    ,-10.625 , -7.75 , -46.625
39001463  , -0.08172209 , 0.46309182 , 10.228881    , 0.0 , 0.0 , -1.0    ,-10.0625 , -7.75 , -46.125
488281  , -0.08172209 , 0.23154591 , 10.18802    , 0.0 , 0.0 , -1.0    ,-10.0625 , -7.75 , -46.125
38665770  , -0.08172209 , 0.23154591 , 10.18802    , 0.0 , 0.0 , -1.0    ,-10.0625 , -8.0 , -46.125
488281  , -0.08172209 , 0.23154591 , 10.147159    , 0.0 , 0.0 , -1.0    ,-10.0625 , -8.0 , -46.125
39245604  , -0.08172209 , 0.23154591 , 10.147159    , 0.0 , 0.0 , -1.0    ,-9.8125 , -8.5 , -45.6875
488281  , -0.08172209 , 0.19068487 , 10.18802    , 0.0 , 0.0 , -1.0    ,-9.8125 , -8.5 , -45.6875
38604737  , -0.08172209 , 0.19068487 , 10.18802    , 0.0 , 0.0 , -1.0    ,-10.0625 , -8.5 , -45.4375
488281  , -0.08172209 , 0.23154591 , 10.18802    , 0.0 , 0.0 , -1.0    ,-10.0625 , -8.5 , -45.4375
39154054  , -0.08172209 , 0.23154591 , 10.18802    , 0.0 , 0.0 , -1.0    ,-10.3125 , -8.5 , -45.4375
488281  , -0.040861044 , 0.23154591 , 10.147159    , 0.0 , 0.0 , -1.0    ,-10.3125 , -8.5 , -45.4375
38848878  , -0.040861044 , 0.23154591 , 10.147159    , 0.0 , 0.0 , -1.0    ,-10.0625 , -8.5 , -45.875
488281  , -0.08172209 , 0.27240697 , 10.18802    , 0.0 , 0.0 , -1.0    ,-10.0625 , -8.5 , -45.875
38940430  , -0.08172209 , 0.27240697 , 10.18802    , 0.0 , 0.0 , -1.0    ,-10.0625 , -8.25 , -45.875
488281  , -0.08172209 , 0.23154591 , 10.228881    , 0.0 , 0.0 , -1.0    ,-10.0625 , -8.25 , -45.875
38787843  , -0.08172209 , 0.23154591 , 10.228881    , 0.0 , 0.0 , -1.0    ,-10.0625 , -8.0 , -45.4375
488281  , -0.08172209 , 0.23154591 , 10.18802    , 0.0 , 0.0 , -1.0    ,-10.0625 , -8.0 , -45.4375
39459228  , -0.08172209 , 0.23154591 , 10.18802    , 0.0 , 0.0 , -1.0    ,-9.8125 , -8.0 , -45.1875
488281  , -0.08172209 , 0.14982383 , 10.147159    , 0.0 , 0.0 , -1.0    ,-9.8125 , -8.0 , -45.1875
38574219  , -0.08172209 , 0.14982383 , 10.147159    , 0.0 , 0.0 , -1.0    ,-10.0625 , -8.25 , -45.1875
488281  , -0.10896278 , 0.10896278 , 10.147159    , 0.0 , 0.0 , -1.0    ,-10.0625 , -8.25 , -45.1875
38970947  , -0.10896278 , 0.10896278 , 10.147159    , 0.0 , 0.0 , -1.0    ,-10.3125 , -8.5 , -45.4375
488281  , -0.08172209 , 0.23154591 , 10.147159    , 0.0 , 0.0 , -1.0    ,-10.3125 , -8.5 , -45.4375
39031981  , -0.08172209 , 0.23154591 , 10.147159    , 0.0 , 0.0 , -1.0    ,-9.8125 , -8.75 , -45.4375
488281  , -0.040861044 , 0.27240697 , 10.18802    , 0.0 , 0.0 , -1.0    ,-9.8125 , -8.75 , -45.4375
38726806  , -0.040861044 , 0.27240697 , 10.18802    , 0.0 , 0.0 , -1.0    ,-10.0625 , -8.75 , -45.875
488281  , -0.040861044 , 0.23154591 , 10.147159    , 0.0 , 0.0 , -1.0    ,-10.0625 , -8.75 , -45.875
39093017  , -0.040861044 , 0.23154591 , 10.147159    , 0.0 , 0.0 , -1.0    ,-10.625 , -8.75 , -45.875
457763  , -0.040861044 , 0.27240697 , 10.18802    , 0.0 , 0.0 , -1.0    ,-10.625 , -8.75 , -45.875
39031981  , -0.040861044 , 0.27240697 , 10.18802    , 0.0 , 0.0 , -1.0    ,-10.875 , -8.25 , -45.1875
488281  , -0.08172209 , 0.19068487 , 10.18802    , 0.0 , 0.0 , -1.0    ,-10.875 , -8.25 , -45.1875
39489746  , -0.08172209 , 0.19068487 , 10.18802    , 0.0 , 0.0 , -1.0    ,-11.125 , -8.25 , -45.4375
38055421  , -0.08172209 , 0.19068487 , 10.18802    , 0.0 , 0.0 , -1.0    ,-10.875 , -8.25 , -45.6875
244141  , -0.08172209 , 0.27240697 , 10.147159    , 0.0 , 0.0 , -1.0    ,-10.875 , -8.25 , -45.6875
29846193  , -0.08172209 , 0.27240697 , 10.147159    , 0.0 , 0.0 , -1.0    ,-10.3125 , -8.0 , -45.4375
427246  , -0.08172209 , 0.23154591 , 10.147159    , 0.0 , 0.0 , -1.0    ,-10.3125 , -8.0 , -45.4375
39459230  , -0.08172209 , 0.23154591 , 10.147159    , 0.0 , 0.0 , -1.0    ,-10.0625 , -8.5 , -45.875
396728  , -0.10896278 , 0.19068487 , 10.119919    , 0.0 , 0.0 , -1.0    ,-10.0625 , -8.5 , -45.875
39093018  , -0.10896278 , 0.19068487 , 10.119919    , 0.0 , 0.0 , -1.0    ,-10.0625 , -8.25 , -45.6875
457764  , -0.040861044 , 0.23154591 , 10.147159    , 0.0 , 0.0 , -1.0    ,-10.0625 , -8.25 , -45.6875
38604737  , -0.040861044 , 0.23154591 , 10.147159    , 0.0 , 0.0 , -1.0    ,-9.8125 , -8.0 , -45.1875
40344238  , -0.040861044 , 0.23154591 , 10.147159    , 0.0 , 0.0 , -1.0    ,-9.0625 , -8.25 , -45.6875
457764  , -0.10896278 , 0.313268 , 10.18802    , 0.0 , 0.0 , -1.0    ,-9.0625 , -8.25 , -45.6875
38452148  , -0.10896278 , 0.313268 , 10.18802    , 0.0 , 0.0 , -1.0    ,-9.0625 , -8.0 , -45.6875
457763  , -0.08172209 , 0.313268 , 10.18802    , 0.0 , 0.0 , -1.0    ,-9.0625 , -8.0 , -45.6875
38970947  , -0.08172209 , 0.313268 , 10.18802    , 0.0 , 0.0 , -1.0    ,-9.0625 , -8.0 , -45.875
488282  , -0.10896278 , 0.23154591 , 10.147159    , 0.0 , 0.0 , -1.0    ,-9.0625 , -8.0 , -45.875
39031982  , -0.10896278 , 0.23154591 , 10.147159    , 0.0 , 0.0 , -1.0    ,-9.0625 , -8.0 , -46.375
457764  , -0.08172209 , 0.3405087 , 10.147159    , 0.0 , 0.0 , -1.0    ,-9.0625 , -8.0 , -46.375
38940429  , -0.08172209 , 0.3405087 , 10.147159    , 0.0 , 0.0 , -1.0    ,-9.8125 , -7.75 , -46.125
457763  , -0.08172209 , 0.46309182 , 10.18802    , 0.0 , 0.0 , -1.0    ,-9.8125 , -7.75 , -46.125
38879394  , -0.10896278 , 0.23154591 , 10.18802    , 0.0 , 0.0 , -1.0    ,-9.8125 , -7.75 , -46.125
39672849  , -0.10896278 , 0.23154591 , 10.18802    , 0.0 , 0.0 , -1.0    ,-9.8125 , -8.0 , -46.125
488281  , -0.040861044 , 0.23154591 , 10.119919    , 0.0 , 0.0 , -1.0    ,-9.8125 , -8.0 , -46.125
39215089  , -0.040861044 , 0.23154591 , 10.119919    , 0.0 , 0.0 , -1.0    ,-9.8125 , -8.25 , -45.875
488281  , -0.08172209 , 0.27240697 , 10.147159    , 0.0 , 0.0 , -1.0    ,-9.8125 , -8.25 , -45.875
38787844  , -0.08172209 , 0.27240697 , 10.147159    , 0.0 , 0.0 , -1.0    ,-9.5625 , -8.0 , -45.4375
457763  , -0.08172209 , 0.23154591 , 10.18802    , 0.0 , 0.0 , -1.0    ,-9.5625 , -8.0 , -45.4375
39123536  , -0.08172209 , 0.23154591 , 10.18802    , 0.0 , 0.0 , -1.0    ,-9.3125 , -8.5 , -45.6875
488281  , -0.08172209 , 0.27240697 , 10.147159    , 0.0 , 0.0 , -1.0    ,-9.3125 , -8.5 , -45.6875
38635255  , -0.08172209 , 0.27240697 , 10.147159    , 0.0 , 0.0 , -1.0    ,-9.3125 , -8.0 , -45.875
457764  , -0.08172209 , 0.19068487 , 10.18802    , 0.0 , 0.0 , -1.0    ,-9.3125 , -8.0 , -45.875
39093018  , -0.08172209 , 0.19068487 , 10.18802    , 0.0 , 0.0 , -1.0    ,-9.8125 , -8.0 , -46.125
457764  , -0.08172209 , 0.23154591 , 10.147159    , 0.0 , 0.0 , -1.0    ,-9.8125 , -8.0 , -46.125
38757325  , -0.08172209 , 0.23154591 , 10.147159    , 0.0 , 0.0 , -1.0    ,-9.8125 , -8.5 , -46.875
488281  , -0.040861044 , 0.23154591 , 10.147159    , 0.0 , 0.0 , -1.0    ,-9.8125 , -8.5 , -46.875
39276123  , -0.040861044 , 0.23154591 , 10.147159    , 0.0 , 0.0 , -1.0    ,-10.3125 , -7.75 , -46.625
488281  , -0.08172209 , 0.27240697 , 10.228881    , 0.0 , 0.0 , -1.0    ,-10.3125 , -7.75 , -46.625
39978027  , -0.08172209 , 0.27240697 , 10.228881    , 0.0 , 0.0 , -1.0    ,-10.0625 , -8.0 , -46.125
488281  , -0.10896278 , 0.19068487 , 10.18802    , 0.0 , 0.0 , -1.0    ,-10.0625 , -8.0 , -46.125
37689208  , -0.10896278 , 0.19068487 , 10.18802    , 0.0 , 0.0 , -1.0    ,-10.0625 , -8.0 , -45.6875
457764  , -0.08172209 , 0.19068487 , 10.119919    , 0.0 , 0.0 , -1.0    ,-10.0625 , -8.0 , -45.6875
38940429  , -0.08172209 , 0.19068487 , 10.119919    , 0.0 , 0.0 , -1.0    ,-10.3125 , -8.0 , -45.4375
457764  , -0.10896278 , 0.23154591 , 10.18802    , 0.0 , 0.0 , -1.0    ,-10.3125 , -8.0 , -45.4375
39031981  , -0.10896278 , 0.23154591 , 10.18802    , 0.0 , 0.0 , -1.0    ,-10.0625 , -8.25 , -45.4375
488282  , -0.08172209 , 0.23154591 , 10.147159    , 0.0 , 0.0 , -1.0    ,-10.0625 , -8.25 , -45.4375
38787841  , -0.08172209 , 0.23154591 , 10.147159    , 0.0 , 0.0 , -1.0    ,-10.3125 , -8.75 , -45.4375
457764  , -0.08172209 , 0.19068487 , 10.119919    , 0.0 , 0.0 , -1.0    ,-10.3125 , -8.75 , -45.4375
39367675  , -0.08172209 , 0.19068487 , 10.119919    , 0.0 , 0.0 , -1.0    ,-10.3125 , -8.5 , -45.6875
488281  , -0.08172209 , 0.23154591 , 10.119919    , 0.0 , 0.0 , -1.0    ,-10.3125 , -8.5 , -45.6875
38452150  , -0.08172209 , 0.23154591 , 10.119919    , 0.0 , 0.0 , -1.0    ,-9.8125 , -8.5 , -45.875
457763  , -0.040861044 , 0.19068487 , 10.147159    , 0.0 , 0.0 , -1.0    ,-9.8125 , -8.5 , -45.875
38818361  , -0.040861044 , 0.19068487 , 10.147159    , 0.0 , 0.0 , -1.0    ,-10.0625 , -8.5 , -45.875
213623  , -0.08172209 , 0.14982383 , 10.119919    , 0.0 , 0.0 , -1.0    ,-10.0625 , -8.5 , -45.875
29968263  , -0.08172209 , 0.14982383 , 10.119919    , 0.0 , 0.0 , -1.0    ,-10.0625 , -8.0 , -45.6875
366210  , -0.08172209 , 0.23154591 , 10.147159    , 0.0 , 0.0 , -1.0    ,-10.0625 , -8.0 , -45.6875
39398194  , -0.08172209 , 0.23154591 , 10.147159    , 0.0 , 0.0 , -1.0    ,-9.8125 , -8.0 , -45.6875
457763  , -0.08172209 , 0.23154591 , 10.119919    , 0.0 , 0.0 , -1.0    ,-9.8125 , -8.0 , -45.6875
38330079  , -0.08172209 , 0.23154591 , 10.119919    , 0.0 , 0.0 , -1.0    ,-10.0625 , -8.0 , -45.4375
457764  , -0.08172209 , 0.27240697 , 10.147159    , 0.0 , 0.0 , -1.0    ,-10.0625 , -8.0 , -45.4375
39123536  , -0.08172209 , 0.27240697 , 10.147159    , 0.0 , 0.0 , -1.0    ,-9.5625 , -8.25 , -45.4375
427246  , -0.040861044 , 0.27240697 , 10.18802    , 0.0 , 0.0 , -1.0    ,-9.5625 , -8.25 , -45.4375
139831542  , -0.040861044 , 0.27240697 , 10.18802    , 0.0 , 0.0 , -1.0    ,-9.8125 , -8.5 , -45.6875
274658  , -0.08172209 , 0.23154591 , 10.147159    , 0.0 , 0.0 , -1.0    ,-9.8125 , -8.5 , -45.6875
396729  , -0.08172209 , 0.23154591 , 10.147159    , 0.0 , 0.0 , -1.0    ,-9.8125 , -8.75 , -45.4375
274658  , -0.08172209 , 0.27240697 , 10.119919    , 0.0 , 0.0 , -1.0    ,-9.8125 , -8.75 , -45.4375
274658  , -0.08172209 , 0.27240697 , 10.119919    , 0.0 , 0.0 , -1.0    ,-10.0625 , -8.5 , -45.4375
274658  , -0.08172209 , 0.23154591 , 10.119919    , 0.0 , 0.0 , -1.0    ,-10.0625 , -8.5 , -45.4375
213623  , -0.08172209 , 0.23154591 , 10.119919    , 0.0 , 0.0 , -1.0    ,-10.0625 , -8.5 , -45.6875
14160156  , -0.08172209 , 0.23154591 , 10.119919    , 0.0 , 0.0 , -1.0    ,-10.0625 , -8.5 , -46.125
244141  , -0.08172209 , 0.19068487 , 10.147159    , 0.0 , 0.0 , -1.0    ,-10.0625 , -8.5 , -46.125
30548095  , -0.08172209 , 0.19068487 , 10.147159    , 0.0 , 0.0 , -1.0    ,-10.0625 , -8.5 , -45.875
274658  , -0.08172209 , 0.313268 , 10.147159    , 0.0 , 0.0 , -1.0    ,-10.0625 , -8.5 , -45.875
38330076  , -0.08172209 , 0.313268 , 10.147159    , 0.0 , 0.0 , -1.0    ,-9.8125 , -8.5 , -45.875
244141  , -0.08172209 , 0.27240697 , 10.18802    , 0.0 , 0.0 , -1.0    ,-9.8125 , -8.5 , -45.875
29510497  , -0.040861044 , 0.23154591 , 10.147159    , 0.0 , 0.0 , -1.0    ,-9.8125 , -8.5 , -45.875
30181885  , -0.040861044 , 0.23154591 , 10.147159    , 0.0 , 0.0 , -1.0    ,-9.3125 , -8.25 , -45.6875
366211  , -0.040861044 , 0.23154591 , 10.119919    , 0.0 , 0.0 , -1.0    ,-9.3125 , -8.25 , -45.6875
39947512  , -0.040861044 , 0.23154591 , 10.119919    , 0.0 , 0.0 , -1.0    ,-9.3125 , -8.0 , -46.375
427246  , -0.08172209 , 0.27240697 , 10.147159    , 0.0 , 0.0 , -1.0    ,-9.3125 , -8.0 , -46.375
38726808  , -0.08172209 , 0.27240697 , 10.147159    , 0.0 , 0.0 , -1.0    ,-9.0625 , -8.25 , -46.375
488281  , -0.08172209 , 0.23154591 , 10.18802    , 0.0 , 0.0 , -1.0    ,-9.0625 , -8.25 , -46.375
39245606  , -0.08172209 , 0.23154591 , 10.18802    , 0.0 , 0.0 , -1.0    ,-9.3125 , -8.0 , -46.125
488281  , -0.040861044 , 0.23154591 , 10.119919    , 0.0 , 0.0 , -1.0    ,-9.3125 , -8.0 , -46.125
38452149  , -0.040861044 , 0.23154591 , 10.119919    , 0.0 , 0.0 , -1.0    ,-9.8125 , -8.0 , -46.125
488281  , -0.10896278 , 0.23154591 , 10.147159    , 0.0 , 0.0 , -1.0    ,-9.8125 , -8.0 , -46.125
38665772  , -0.10896278 , 0.23154591 , 10.147159    , 0.0 , 0.0 , -1.0    ,-9.8125 , -8.25 , -46.125
30426025  , -0.10896278 , 0.23154591 , 10.147159    , 0.0 , 0.0 , -1.0    ,-10.3125 , -8.0 , -46.125
488281  , -0.08172209 , 0.23154591 , 10.119919    , 0.0 , 0.0 , -1.0    ,-10.3125 , -8.0 , -46.125
38574218  , -0.08172209 , 0.23154591 , 10.119919    , 0.0 , 0.0 , -1.0    ,-10.625 , -8.0 , -45.875
488281  , -0.08172209 , 0.23154591 , 10.147159    , 0.0 , 0.0 , -1.0    ,-10.625 , -8.0 , -45.875
38574218  , -0.08172209 , 0.23154591 , 10.147159    , 0.0 , 0.0 , -1.0    ,-10.0625 , -8.0 , -45.6875
29724120  , -0.08172209 , 0.19068487 , 10.147159    , 0.0 , 0.0 , -1.0    ,-10.0625 , -8.0 , -45.6875
40039061  , -0.08172209 , 0.19068487 , 10.147159    , 0.0 , 0.0 , -1.0    ,-10.0625 , -8.25 , -45.6875
457764  , -0.08172209 , 0.23154591 , 10.18802    , 0.0 , 0.0 , -1.0    ,-10.0625 , -8.25 , -45.6875
40252684  , -0.08172209 , 0.23154591 , 10.18802    , 0.0 , 0.0 , -1.0    ,-9.8125 , -8.25 , -45.875
701904  , -0.08172209 , 0.23154591 , 10.147159    , 0.0 , 0.0 , -1.0    ,-9.8125 , -8.25 , -45.875
36132811  , -0.08172209 , 0.23154591 , 10.147159    , 0.0 , 0.0 , -1.0    ,-10.0625 , -8.0 , -45.875
244140  , -0.040861044 , 0.3405087 , 10.228881    , 0.0 , 0.0 , -1.0    ,-10.0625 , -8.0 , -45.875
39764405  , -0.040861044 , 0.3405087 , 10.228881    , 0.0 , 0.0 , -1.0    ,-10.3125 , -8.0 , -45.875
305176  , -0.08172209 , 0.50395286 , 10.18802    , 0.0 , 0.0 , -1.0    ,-10.3125 , -8.0 , -45.875
39642336  , -0.08172209 , 0.50395286 , 10.18802    , 0.0 , 0.0 , -1.0    ,-10.0625 , -7.75 , -45.875
427246  , -0.08172209 , 0.23154591 , 10.147159    , 0.0 , 0.0 , -1.0    ,-10.0625 , -7.75 , -45.875
39154054  , -0.08172209 , 0.23154591 , 10.147159    , 0.0 , 0.0 , -1.0    ,-9.8125 , -7.75 , -45.875
488281  , -0.08172209 , 0.27240697 , 10.18802    , 0.0 , 0.0 , -1.0    ,-9.8125 , -7.75 , -45.875
38787843  , -0.08172209 , 0.27240697 , 10.18802    , 0.0 , 0.0 , -1.0    ,-9.8125 , -7.75 , -46.125
488281  , -0.08172209 , 0.23154591 , 10.147159    , 0.0 , 0.0 , -1.0    ,-9.8125 , -7.75 , -46.125
39184571  , -0.08172209 , 0.23154591 , 10.147159    , 0.0 , 0.0 , -1.0    ,-9.5625 , -7.75 , -45.875
518799  , -0.08172209 , 0.19068487 , 10.119919    , 0.0 , 0.0 , -1.0    ,-9.5625 , -7.75 , -45.875
38696289  , -0.040861044 , 0.23154591 , 10.119919    , 0.0 , 0.0 , -1.0    ,-9.5625 , -7.75 , -45.875
39825440  , -0.040861044 , 0.23154591 , 10.119919    , 0.0 , 0.0 , -1.0    ,-10.3125 , -7.25 , -45.6875
488282  , -0.08172209 , 0.27240697 , 10.119919    , 0.0 , 0.0 , -1.0    ,-10.3125 , -7.25 , -45.6875
39764404  , -0.08172209 , 0.27240697 , 10.119919    , 0.0 , 0.0 , -1.0    ,-10.3125 , -7.5 , -46.125
2777100  , -0.08172209 , 0.27240697 , 10.18802    , 0.0 , 0.0 , -1.0    ,-10.3125 , -7.5 , -46.125
33294678  , -0.08172209 , 0.27240697 , 10.18802    , 0.0 , 0.0 , -1.0    ,-10.625 , -7.75 , -46.625
29998779  , -0.08172209 , 0.27240697 , 10.18802    , 0.0 , 0.0 , -1.0    ,-10.875 , -7.5 , -46.625
274658  , -0.10896278 , 0.23154591 , 10.147159    , 0.0 , 0.0 , -1.0    ,-10.875 , -7.5 , -46.625
29815673  , -0.10896278 , 0.23154591 , 10.147159    , 0.0 , 0.0 , -1.0    ,-10.625 , -8.25 , -46.625
396728  , -0.08172209 , 0.23154591 , 10.147159    , 0.0 , 0.0 , -1.0    ,-10.625 , -8.25 , -46.625
39276122  , -0.08172209 , 0.23154591 , 10.147159    , 0.0 , 0.0 , -1.0    ,-10.625 , -8.5 , -45.6875
29846190  , -0.08172209 , 0.23154591 , 10.147159    , 0.0 , 0.0 , -1.0    ,-10.625 , -8.25 , -45.4375
457764  , -0.08172209 , 0.19068487 , 10.119919    , 0.0 , 0.0 , -1.0    ,-10.625 , -8.25 , -45.4375
38574218  , -0.08172209 , 0.19068487 , 10.119919    , 0.0 , 0.0 , -1.0    ,-10.625 , -8.75 , -45.4375
457763  , -0.08172209 , 0.23154591 , 10.119919    , 0.0 , 0.0 , -1.0    ,-10.625 , -8.75 , -45.4375
39337160  , -0.08172209 , 0.23154591 , 10.119919    , 0.0 , 0.0 , -1.0    ,-10.0625 , -8.5 , -45.875
457764  , -0.10896278 , 0.23154591 , 10.147159    , 0.0 , 0.0 , -1.0    ,-10.0625 , -8.5 , -45.875
39062502  , -0.10896278 , 0.23154591 , 10.147159    , 0.0 , 0.0 , -1.0    ,-10.0625 , -8.0 , -46.125
457763  , -0.08172209 , 0.27240697 , 10.147159    , 0.0 , 0.0 , -1.0    ,-10.0625 , -8.0 , -46.125
38726808  , -0.08172209 , 0.27240697 , 10.147159    , 0.0 , 0.0 , -1.0    ,-10.0625 , -8.25 , -45.6875
457763  , -0.08172209 , 0.23154591 , 10.18802    , 0.0 , 0.0 , -1.0    ,-10.0625 , -8.25 , -45.6875
38818361  , -0.08172209 , 0.23154591 , 10.18802    , 0.0 , 0.0 , -1.0    ,-10.0625 , -8.0 , -45.4375
488282  , -0.08172209 , 0.19068487 , 10.147159    , 0.0 , 0.0 , -1.0    ,-10.0625 , -8.0 , -45.4375
39001465  , -0.08172209 , 0.19068487 , 10.147159    , 0.0 , 0.0 , -1.0    ,-10.3125 , -8.0 , -44.9375
457764  , -0.08172209 , 0.23154591 , 10.147159    , 0.0 , 0.0 , -1.0    ,-10.3125 , -8.0 , -44.9375
38635254  , -0.08172209 , 0.23154591 , 10.147159    , 0.0 , 0.0 , -1.0    ,-10.3125 , -8.75 , -45.1875
30456543  , -0.08172209 , 0.23154591 , 10.147159    , 0.0 , 0.0 , -1.0    ,-10.0625 , -8.5 , -45.4375
457764  , -0.08172209 , 0.3405087 , 10.147159    , 0.0 , 0.0 , -1.0    ,-10.0625 , -8.5 , -45.4375
38421631  , -0.08172209 , 0.3405087 , 10.147159    , 0.0 , 0.0 , -1.0    ,-10.0625 , -8.75 , -45.6875
488282  , -0.08172209 , 0.19068487 , 10.147159    , 0.0 , 0.0 , -1.0    ,-10.0625 , -8.75 , -45.6875
39062499  , -0.08172209 , 0.19068487 , 10.147159    , 0.0 , 0.0 , -1.0    ,-10.0625 , -8.75 , -45.4375
488282  , -0.040861044 , 0.27240697 , 10.18802    , 0.0 , 0.0 , -1.0    ,-10.0625 , -8.75 , -45.4375
39215087  , -0.040861044 , 0.27240697 , 10.18802    , 0.0 , 0.0 , -1.0    ,-10.0625 , -8.5 , -44.9375
488281  , -0.08172209 , 0.19068487 , 10.18802    , 0.0 , 0.0 , -1.0    ,-10.0625 , -8.5 , -44.9375
39062499  , -0.08172209 , 0.19068487 , 10.18802    , 0.0 , 0.0 , -1.0    ,-10.0625 , -8.5 , -45.1875
457763  , -0.10896278 , 0.23154591 , 10.18802    , 0.0 , 0.0 , -1.0    ,-10.0625 , -8.5 , -45.1875
38177488  , -0.10896278 , 0.23154591 , 10.18802    , 0.0 , 0.0 , -1.0    ,-10.0625 , -8.5 , -44.4375
488281  , -0.08172209 , 0.23154591 , 10.18802    , 0.0 , 0.0 , -1.0    ,-10.0625 , -8.5 , -44.4375
38482667  , -0.08172209 , 0.23154591 , 10.18802    , 0.0 , 0.0 , -1.0    ,-10.625 , -8.5 , -44.6875
244141  , -0.08172209 , 0.27240697 , 10.18802    , 0.0 , 0.0 , -1.0    ,-10.625 , -8.5 , -44.6875
29785158  , -0.08172209 , 0.27240697 , 10.18802    , 0.0 , 0.0 , -1.0    ,-10.875 , -8.5 , -44.9375
366211  , -0.08172209 , 0.23154591 , 10.147159    , 0.0 , 0.0 , -1.0    ,-10.875 , -8.5 , -44.9375
29541017  , -0.08172209 , 0.23154591 , 10.147159    , 0.0 , 0.0 , -1.0    ,-11.125 , -8.25 , -44.6875
30151368  , -0.08172209 , 0.23154591 , 10.147159    , 0.0 , 0.0 , -1.0    ,-10.875 , -8.0 , -45.4375
488281  , -0.10896278 , 0.19068487 , 10.18802    , 0.0 , 0.0 , -1.0    ,-10.875 , -8.0 , -45.4375
39245607  , -0.10896278 , 0.19068487 , 10.18802    , 0.0 , 0.0 , -1.0    ,-10.625 , -8.0 , -44.9375
457763  , -0.08172209 , 0.23154591 , 10.119919    , 0.0 , 0.0 , -1.0    ,-10.625 , -8.0 , -44.9375
38421632  , -0.08172209 , 0.23154591 , 10.119919    , 0.0 , 0.0 , -1.0    ,-10.625 , -7.75 , -45.4375
457763  , -0.040861044 , 0.23154591 , 10.147159    , 0.0 , 0.0 , -1.0    ,-10.625 , -7.75 , -45.4375
39154053  , -0.040861044 , 0.23154591 , 10.147159    , 0.0 , 0.0 , -1.0    ,-10.625 , -8.25 , -45.1875
457763  , -0.08172209 , 0.6537767 , 10.228881    , 0.0 , 0.0 , -1.0    ,-10.625 , -8.25 , -45.1875
39703369  , -0.08172209 , 0.6537767 , 10.228881    , 0.0 , 0.0 , -1.0    ,-10.625 , -8.5 , -45.1875
213623  , -0.10896278 , 0.50395286 , 10.18802    , 0.0 , 0.0 , -1.0    ,-10.625 , -8.5 , -45.1875
38940430  , -0.10896278 , 0.50395286 , 10.18802    , 0.0 , 0.0 , -1.0    ,-10.3125 , -8.5 , -45.4375
213623  , -0.08172209 , 0.19068487 , 10.119919    , 0.0 , 0.0 , -1.0    ,-10.3125 , -8.5 , -45.4375
39886474  , -0.08172209 , 0.19068487 , 10.119919    , 0.0 , 0.0 , -1.0    ,-10.0625 , -8.5 , -45.4375
274658  , -0.10896278 , 0.23154591 , 10.147159    , 0.0 , 0.0 , -1.0    ,-10.0625 , -8.5 , -45.4375
39306640  , -0.10896278 , 0.23154591 , 10.147159    , 0.0 , 0.0 , -1.0    ,-9.8125 , -8.25 , -45.1875
366211  , -0.08172209 , 0.23154591 , 10.18802    , 0.0 , 0.0 , -1.0    ,-9.8125 , -8.25 , -45.1875
37414550  , -0.08172209 , 0.23154591 , 10.18802    , 0.0 , 0.0 , -1.0    ,-9.8125 , -8.25 , -45.4375
335693  , -0.040861044 , 0.19068487 , 10.147159    , 0.0 , 0.0 , -1.0    ,-9.8125 , -8.25 , -45.4375
40008543  , -0.040861044 , 0.19068487 , 10.147159    , 0.0 , 0.0 , -1.0    ,-10.3125 , -7.75 , -45.6875
