110839842  , -9.084772 , -0.040861044 , 4.099725    , 0.91147864 , 0.0040996 , -0.41132697    ,45.25 , 3.125 , -5.6875
274658  , -8.962189 , -0.08172209 , 3.8273177    , 0.91961795 , 0.008385576 , -0.3927244    ,45.25 , 3.125 , -5.6875
213623  , -8.962189 , -0.08172209 , 3.8273177    , 0.91961795 , 0.008385576 , -0.3927244    ,45.75 , 2.875 , -5.9375
8087158  , -9.00305 , -0.08172209 , 4.0180025    , 0.91315246 , 0.0082888305 , -0.40753397    ,45.75 , 2.875 , -5.9375
26336671  , -9.00305 , -0.08172209 , 4.0180025    , 0.91315246 , 0.0082888305 , -0.40753397    ,45.5 , 2.875 , -5.9375
244141  , -9.084772 , -0.040861044 , 4.099725    , 0.91147864 , 0.0040996 , -0.41132694    ,45.5 , 2.875 , -5.9375
33996583  , -9.084772 , -0.040861044 , 4.099725    , 0.9114786 , 0.0040995926 , -0.41132692    ,45.75 , 3.125 , -6.1875
366211  , -9.234595 , 0.08172209 , 4.2086873    , 0.9099227 , -0.008052424 , -0.41469932    ,45.75 , 3.125 , -6.1875
30670167  , -9.234595 , 0.08172209 , 4.2086873    , 0.90992266 , -0.008052416 , -0.4146993    ,45.75 , 3.125 , -6.6875
213623  , -9.343558 , 0.08172209 , 4.2904096    , 0.90874326 , -0.00794819 , -0.41728008    ,45.75 , 3.125 , -6.6875
31585694  , -9.343558 , 0.08172209 , 4.2904096    , 0.90874326 , -0.0079481825 , -0.41728008    ,45.75 , 2.875 , -6.9375
305176  , -9.343558 , 0.23154591 , 4.399372    , 0.9045017 , -0.022414751 , -0.42588052    ,45.75 , 2.875 , -6.9375
33111573  , -9.343558 , 0.23154591 , 4.399372    , 0.9045018 , -0.022414759 , -0.42588055    ,46.25 , 2.875 , -7.125
244140  , -9.234595 , 0.5720546 , 4.399372    , 0.9013781 , -0.055837587 , -0.4294176    ,46.25 , 2.875 , -7.125
34729003  , -9.234595 , 0.5720546 , 4.399372    , 0.90137804 , -0.05583758 , -0.42941752    ,45.75 , 3.125 , -7.125
1586914  , -9.193735 , 0.7218784 , 4.4810944    , 0.89667857 , -0.07040587 , -0.43704772    ,45.75 , 3.125 , -7.125
28503418  , -9.193735 , 0.7218784 , 4.4810944    , 0.8966786 , -0.07040588 , -0.43704778    ,45.5 , 2.875 , -7.125
305176  , -9.275456 , 0.6946377 , 4.399372    , 0.90146035 , -0.06751025 , -0.42756486    ,45.5 , 2.875 , -7.125
244141  , -9.275456 , 0.6946377 , 4.399372    , 0.9014606 , -0.06751026 , -0.42756495    ,45.5 , 3.125 , -6.6875
213623  , -9.00305 , 1.2258313 , 4.4810944    , 0.8886608 , -0.1209977 , -0.4423138    ,45.5 , 3.125 , -6.6875
43090820  , -9.00305 , 1.2258313 , 4.4810944    , 0.88866085 , -0.12099768 , -0.4423138    ,45.25 , 3.125 , -6.9375
366212  , -8.812365 , 1.56634 , 4.5219555    , 0.8787824 , -0.15619782 , -0.45093626    ,45.25 , 3.125 , -6.9375
69122313  , -8.812365 , 1.56634 , 4.5219555    , 0.8787826 , -0.15619783 , -0.45093638    ,46.0 , 3.125 , -7.125
274659  , -8.62168 , 2.070293 , 4.399372    , 0.8710369 , -0.20915891 , -0.4444627    ,46.0 , 3.125 , -7.125
28289794  , -8.62168 , 2.070293 , 4.399372    , 0.8710369 , -0.20915894 , -0.44446272    ,46.5 , 3.5625 , -7.375
244140  , -8.62168 , 2.152015 , 4.372132    , 0.87056565 , -0.21729761 , -0.4414717    ,46.5 , 3.5625 , -7.375
244141  , -8.62168 , 2.152015 , 4.372132    , 0.87056553 , -0.21729754 , -0.44147167    ,45.75 , 3.8125 , -8.125
213623  , -8.539958 , 2.4108016 , 4.5628166    , 0.85587156 , -0.24160968 , -0.45728385    ,45.75 , 3.8125 , -8.125
29327391  , -8.267551 , 2.4516625 , 4.903325    , 0.83342564 , -0.24714437 , -0.49428868    ,45.75 , 3.8125 , -8.125
28991698  , -8.267551 , 2.4516625 , 4.903325    , 0.8334257 , -0.24714434 , -0.4942887    ,45.5 , 3.8125 , -8.375
244141  , -8.267551 , 2.2609777 , 4.7943625    , 0.84183127 , -0.23022074 , -0.48817885    ,45.5 , 3.8125 , -8.375
25482177  , -8.267551 , 2.2609777 , 4.7943625    , 0.8418311 , -0.2302207 , -0.4881788    ,44.75 , 4.0625 , -8.375
274658  , -8.471856 , 1.3756552 , 4.099725    , 0.8906769 , -0.1446276 , -0.43101892    ,44.75 , 4.0625 , -8.375
28015138  , -8.471856 , 1.3756552 , 4.099725    , 0.890677 , -0.14462763 , -0.43101895    ,44.75 , 4.5625 , -8.125
274659  , -8.19945 , 0.88532263 , 3.990762    , 0.8949478 , -0.09663056 , -0.4355809    ,44.75 , 4.5625 , -8.125
23895264  , -8.19945 , 0.88532263 , 3.990762    , 0.89494795 , -0.09663062 , -0.43558103    ,44.75 , 5.3125 , -8.875
2532959  , -7.082581 , 0.61291564 , 4.8216033    , 0.8245237 , -0.07135299 , -0.5613104    ,44.75 , 5.3125 , -8.875
20629883  , -7.082581 , 0.61291564 , 4.8216033    , 0.82452375 , -0.07135302 , -0.56131047    ,44.25 , 6.5625 , -9.375
244140  , -6.701211 , -1.2258313 , 5.012288    , 0.79232484 , 0.14493747 , -0.59263325    ,44.25 , 6.5625 , -9.375
42907715  , -6.701211 , -1.2258313 , 5.012288    , 0.7923249 , 0.1449375 , -0.5926333    ,44.25 , 8.5625 , -10.0625
427247  , -6.1700177 , -2.8330324 , 4.903325    , 0.73673344 , 0.33827934 , -0.58548355    ,44.25 , 8.5625 , -10.0625
18310547  , -6.1700177 , -2.8330324 , 4.903325    , 0.73673344 , 0.3382793 , -0.58548343    ,44.0 , 10.75 , -11.3125
213623  , -5.053149 , -3.9771416 , 6.0474343    , 0.57243747 , 0.4505438 , -0.6850733    ,44.0 , 10.75 , -11.3125
22827150  , -5.053149 , -3.9771416 , 6.0474343    , 0.5724375 , 0.45054382 , -0.68507344    ,42.4375 , 13.75 , -11.8125
244141  , -3.9090397 , -4.944186 , 7.5865335    , 0.39632908 , 0.5012803 , -0.76918215    ,42.4375 , 13.75 , -11.8125
34851074  , -3.9090397 , -4.944186 , 7.5865335    , 0.39632908 , 0.5012803 , -0.7691822    ,40.9375 , 17.5 , -12.0625
213623  , -3.0645783 , -5.8158884 , 8.730643    , 0.28041112 , 0.532158 , -0.7988601    ,40.9375 , 17.5 , -12.0625
41198730  , -3.0645783 , -5.8158884 , 8.730643    , 0.28041112 , 0.5321579 , -0.79886013    ,38.625 , 20.9375 , -12.0625
4241943  , -3.0237172 , -7.1234417 , 8.539958    , 0.26236987 , 0.6181057 , -0.7410177    ,38.625 , 20.9375 , -12.0625
15167236  , -3.0237172 , -7.1234417 , 8.539958    , 0.26236987 , 0.61810577 , -0.74101776    ,35.625 , 25.125 , -11.8125
274658  , -4.099725 , -9.765789 , 7.014479    , 0.32272163 , 0.7687421 , -0.5521649    ,35.625 , 25.125 , -11.8125
22308350  , -4.099725 , -9.765789 , 7.014479    , 0.3227217 , 0.7687423 , -0.55216503    ,32.3125 , 29.125 , -11.8125
213623  , -5.5571017 , -13.865514 , 4.399372    , 0.35686415 , 0.89041096 , -0.2825174    ,32.3125 , 29.125 , -11.8125
41442870  , -5.5571017 , -13.865514 , 4.399372    , 0.35686412 , 0.89041096 , -0.28251746    ,29.25 , 32.3125 , -12.0625
274658  , -6.8237944 , -18.578154 , 1.9885708    , 0.3430531 , 0.93398094 , -0.09997156    ,29.25 , 32.3125 , -12.0625
33996581  , -6.8237944 , -18.578154 , 1.9885708    , 0.34305307 , 0.9339808 , -0.09997154    ,26.4375 , 35.0625 , -12.5
305176  , -5.053149 , -19.6133 , 4.140586    , 0.24443594 , 0.94875395 , -0.20029253    ,26.4375 , 35.0625 , -12.5
31097411  , -5.053149 , -19.6133 , 4.140586    , 0.24443592 , 0.94875395 , -0.20029253    ,25.4375 , 36.0625 , -12.5
213623  , 2.0294318 , -19.6133 , 6.4424243    , -0.097833216 , 0.9455022 , -0.3105712    ,25.4375 , 36.0625 , -12.5
31494140  , 2.0294318 , -19.6133 , 6.4424243    , -0.0978332 , 0.94550204 , -0.3105712    ,26.6875 , 35.3125 , -12.0625
213623  , 10.460427 , -19.6133 , 9.956474    , -0.42947376 , 0.8052633 , -0.40878296    ,26.6875 , 35.3125 , -12.0625
30426025  , 10.460427 , -19.6133 , 9.956474    , -0.4294737 , 0.80526316 , -0.40878293    ,29.5 , 32.8125 , -12.3125
213623  , 14.9006605 , -19.6133 , 14.9006605    , -0.51760215 , 0.68130445 , -0.51760215    ,29.5 , 32.8125 , -12.3125
26275634  , 14.9006605 , -19.6133 , 14.9006605    , -0.5176022 , 0.6813046 , -0.5176022    ,33.8125 , 27.125 , -13.25
244141  , 18.891422 , -19.6133 , 19.15021    , -0.5674615 , 0.58914524 , -0.57523495    ,33.8125 , 27.125 , -13.25
18524171  , 18.891422 , -19.6133 , 19.15021    , -0.56746143 , 0.5891452 , -0.5752349    ,37.875 , 19.1875 , -15.4375
305175  , 19.57244 , -19.6133 , 19.340895    , -0.57922035 , 0.58042955 , -0.5723681    ,37.875 , 19.1875 , -15.4375
1586914  , 19.57244 , -19.6133 , 19.340895    , -0.5792203 , 0.5804295 , -0.5723681    ,38.25 , 8.6875 , -19.625
305175  , 19.57244 , -19.6133 , 19.381754    , -0.5788195 , 0.58002794 , -0.57318026    ,38.25 , 8.6875 , -19.625
14648438  , 19.57244 , -19.6133 , 19.381754    , -0.5788194 , 0.58002776 , -0.5731802    ,33.4375 , -4.6875 , -24.75
30120851  , 19.57244 , -19.6133 , 19.381754    , -0.5788194 , 0.5800278 , -0.5731802    ,25.3125 , -13.375 , -30.875
1434326  , 19.57244 , -19.6133 , 19.340895    , -0.57922035 , 0.5804296 , -0.5723681    ,25.3125 , -13.375 , -30.875
38391114  , 19.57244 , -19.6133 , 19.340895    , -0.5792204 , 0.5804296 , -0.57236814    ,13.625 , -15.625 , -36.25
305175  , 19.57244 , -15.785983 , 19.340895    , -0.6169797 , 0.49761972 , -0.6096808    ,13.625 , -15.625 , -36.25
29907227  , 19.57244 , -15.785983 , 19.340895    , -0.61697966 , 0.49761966 , -0.6096808    ,0.9375 , -12.875 , -38.9375
427246  , 19.15021 , 4.440233 , 19.340895    , -0.69441515 , -0.16100948 , -0.7013297    ,0.9375 , -12.875 , -38.9375
39123536  , 19.15021 , 4.440233 , 19.340895    , -0.6944153 , -0.16100952 , -0.7013298    ,-7.4375 , -7.6875 , -40.1875
396728  , 18.278507 , -4.944186 , 16.276316    , -0.73203844 , 0.19801041 , -0.6518525    ,-7.4375 , -7.6875 , -40.1875
39154053  , 18.278507 , -4.944186 , 16.276316    , -0.7320385 , 0.19801043 , -0.6518524    ,-15.3125 , -3.6875 , -39.6875
488281  , 19.531578 , 3.214402 , 12.026767    , -0.8432755 , -0.13878174 , -0.5192554    ,-15.3125 , -3.6875 , -39.6875
39093018  , 19.531578 , 3.214402 , 12.026767    , -0.8432753 , -0.13878173 , -0.5192553    ,-20.125 , -3.0 , -38.6875
488281  , 15.241169 , 0.84446156 , 15.023244    , -0.71162623 , -0.039428797 , -0.70145106    ,-20.125 , -3.0 , -38.6875
39459228  , 15.241169 , 0.84446156 , 15.023244    , -0.7116261 , -0.0394288 , -0.701451    ,-21.875 , -2.75 , -38.1875
518798  , 11.836082 , 0.88532263 , 11.836082    , -0.7061199 , -0.0528168 , -0.7061199    ,-21.875 , -2.75 , -38.1875
38665771  , 11.836082 , 0.88532263 , 11.836082    , -0.70611984 , -0.052816782 , -0.70611984    ,-24.1875 , -1.75 , -37.9375
488282  , 12.789507 , 3.5276701 , 9.656827    , -0.7793985 , -0.21497792 , -0.58849156    ,-24.1875 , -1.75 , -37.9375
38604735  , 12.789507 , 3.5276701 , 9.656827    , -0.7793985 , -0.21497789 , -0.5884915    ,-24.9375 , -1.5 , -37.4375
518799  , 10.419566 , 3.3778462 , 9.575105    , -0.71619356 , -0.2321778 , -0.6581491    ,-24.9375 , -1.5 , -37.4375
38940428  , 10.419566 , 3.3778462 , 9.575105    , -0.71619356 , -0.23217781 , -0.6581492    ,-24.9375 , -1.5 , -37.9375
488281  , 8.771504 , 3.9499009 , 9.724928    , -0.6412383 , -0.28875634 , -0.71093804    ,-24.9375 , -1.5 , -37.9375
38940428  , 8.771504 , 3.9499009 , 9.724928    , -0.64123833 , -0.28875634 , -0.7109381    ,-24.4375 , -1.75 , -38.1875
488281  , 7.273266 , 3.759216 , 10.310603    , -0.5524326 , -0.28552696 , -0.7831301    ,-24.4375 , -1.75 , -38.1875
39184571  , 7.273266 , 3.759216 , 10.310603    , -0.55243254 , -0.28552687 , -0.78312993    ,-23.4375 , -2.0 , -38.9375
488281  , 6.0882955 , 3.9499009 , 9.343558    , -0.51460785 , -0.33386195 , -0.7897561    ,-23.4375 , -2.0 , -38.9375
42999269  , 6.0882955 , 3.9499009 , 9.343558    , -0.51460797 , -0.333862 , -0.7897563    ,-22.125 , -2.0 , -39.4375
488282  , 5.47538 , 4.630918 , 10.310603    , -0.43596533 , -0.36872685 , -0.82095957    ,-22.125 , -2.0 , -39.4375
44738771  , 5.47538 , 4.630918 , 10.310603    , -0.4359654 , -0.3687269 , -0.8209597    ,-21.375 , -2.0 , -39.4375
488281  , 4.944186 , 3.3778462 , 10.119919    , -0.42046967 , -0.28726304 , -0.86063087    ,-21.375 , -2.0 , -39.4375
39123536  , 4.944186 , 3.3778462 , 10.119919    , -0.42046967 , -0.28726298 , -0.86063063    ,-21.125 , -2.25 , -39.4375
762939  , 4.8216033 , 2.7649305 , 8.662541    , -0.46846506 , -0.26863953 , -0.841649    ,-21.125 , -2.25 , -39.4375
37872316  , 4.8216033 , 2.7649305 , 8.662541    , -0.46846506 , -0.26863953 , -0.84164906    ,-21.125 , -2.5 , -38.9375
213623  , 4.5219555 , 3.445948 , 8.894087    , -0.42838103 , -0.326447 , -0.8425687    ,-21.125 , -2.5 , -38.9375
29052735  , 4.5219555 , 3.445948 , 8.894087    , -0.42838103 , -0.32644698 , -0.84256864    ,-21.375 , -3.6875 , -38.9375
274658  , 3.6774938 , 2.9147544 , 9.043911    , -0.36093423 , -0.28607377 , -0.8876308    ,-21.375 , -3.6875 , -38.9375
29632568  , 3.6774938 , 2.9147544 , 9.043911    , -0.3609341 , -0.2860737 , -0.8876306    ,-22.375 , -4.6875 , -38.4375
213623  , 3.1054392 , 2.1111538 , 9.302697    , -0.3095535 , -0.21044204 , -0.9273027    ,-22.375 , -4.6875 , -38.4375
29632568  , 3.1054392 , 2.1111538 , 9.302697    , -0.3095535 , -0.21044213 , -0.92730284    ,-22.375 , -4.9375 , -38.6875
274659  , 2.8738933 , 1.8387469 , 9.275456    , -0.2907906 , -0.18605086 , -0.9385232    ,-22.375 , -4.9375 , -38.6875
42938232  , 2.8738933 , 1.8387469 , 9.275456    , -0.29079062 , -0.18605089 , -0.9385233    ,-22.875 , -5.9375 , -38.6875
305176  , 3.336985 , 2.2609777 , 9.00305    , -0.3382926 , -0.2292105 , -0.9126996    ,-22.875 , -5.9375 , -38.6875
15808105  , 3.336985 , 2.2609777 , 9.00305    , -0.3382926 , -0.22921053 , -0.91269976    ,-23.4375 , -6.1875 , -38.6875
244141  , 3.2961242 , 2.3018389 , 9.084772    , -0.33178276 , -0.23169954 , -0.9144591    ,-23.4375 , -6.1875 , -38.6875
29388427  , 3.2961242 , 2.3018389 , 9.084772    , -0.33178282 , -0.2316996 , -0.91445917    ,-23.1875 , -6.9375 , -38.4375
244141  , 2.9556155 , 2.1792557 , 9.112013    , -0.30085257 , -0.2218267 , -0.9275132    ,-23.1875 , -6.9375 , -38.4375
37719725  , 2.9556155 , 2.1792557 , 9.112013    , -0.30085254 , -0.22182673 , -0.9275131    ,-22.875 , -8.4375 , -37.9375
213623  , 2.6832085 , 2.6832085 , 8.539958    , -0.28712597 , -0.28712595 , -0.9138476    ,-22.875 , -8.4375 , -37.9375
29541015  , 2.6832085 , 2.6832085 , 8.539958    , -0.28712597 , -0.287126 , -0.9138476    ,-22.875 , -9.1875 , -37.6875
213623  , 2.5333846 , 2.8330324 , 8.853226    , -0.26294908 , -0.29405063 , -0.9189081    ,-22.875 , -9.1875 , -37.6875
34423827  , 2.5333846 , 2.8330324 , 8.853226    , -0.2629491 , -0.2940507 , -0.9189082    ,-22.875 , -9.9375 , -37.6875
335693  , 2.2609777 , 3.173541 , 9.384419    , -0.22251013 , -0.31231844 , -0.9235512    ,-22.875 , -9.9375 , -37.6875
38177491  , 2.2609777 , 3.173541 , 9.384419    , -0.2225101 , -0.3123184 , -0.923551    ,-22.625 , -11.125 , -37.6875
244141  , 2.1792557 , 3.6774938 , 9.534244    , -0.20856756 , -0.3519577 , -0.9124831    ,-22.625 , -11.125 , -37.6875
48522951  , 2.1792557 , 3.6774938 , 9.534244    , -0.20856753 , -0.35195765 , -0.912483    ,-22.875 , -12.375 , -37.4375
213623  , 2.3426998 , 3.9499009 , 9.084772    , -0.23013806 , -0.38802353 , -0.89245415    ,-22.875 , -12.375 , -37.4375
33203125  , 2.3426998 , 3.9499009 , 9.084772    , -0.2301381 , -0.38802356 , -0.89245415    ,-22.625 , -14.125 , -37.0
305175  , 1.7297841 , 4.0180025 , 9.00305    , -0.17281313 , -0.40141636 , -0.8994447    ,-22.625 , -14.125 , -37.0
25421143  , 1.7297841 , 4.0180025 , 9.00305    , -0.17281312 , -0.4014163 , -0.89944464    ,-21.375 , -15.875 , -36.5
213623  , 1.1168685 , 4.440233 , 8.853226    , -0.112055734 , -0.4454899 , -0.88824666    ,-21.375 , -15.875 , -36.5
36499024  , 1.1168685 , 4.440233 , 8.853226    , -0.11205574 , -0.4454899 , -0.8882467    ,-20.625 , -17.625 , -36.0
244141  , 0.95342433 , 4.2904096 , 8.308413    , -0.101435944 , -0.45646173 , -0.8839418    ,-20.625 , -17.625 , -36.0
32012941  , 0.95342433 , 4.2904096 , 8.308413    , -0.10143597 , -0.45646182 , -0.883942    ,-19.625 , -19.0625 , -36.0
335693  , 0.23154591 , 4.2086873 , 7.3141265    , -0.027428675 , -0.49855644 , -0.86642337    ,-19.625 , -19.0625 , -36.0
29510498  , 0.23154591 , 4.2086873 , 7.3141265    , -0.02742867 , -0.49855638 , -0.86642325    ,-18.875 , -20.5625 , -35.5
2532959  , -0.14982383 , 4.903325 , 7.3141265    , 0.017012097 , -0.5567594 , -0.8304994    ,-18.875 , -20.5625 , -35.5
25329589  , -0.14982383 , 4.903325 , 7.3141265    , 0.017012093 , -0.5567594 , -0.83049935    ,-18.875 , -22.5625 , -35.0
610352  , 0.08172209 , 5.47538 , 6.891896    , -0.009283915 , -0.62202287 , -0.78294414    ,-18.875 , -22.5625 , -35.0
21301269  , 0.08172209 , 5.47538 , 6.891896    , -0.009283915 , -0.62202275 , -0.7829441    ,-18.5625 , -24.0625 , -34.5625
213623  , 0.08172209 , 5.9793324 , 6.701211    , -0.009099029 , -0.66574705 , -0.746122    ,-18.5625 , -24.0625 , -34.5625
29510498  , 0.08172209 , 5.9793324 , 6.701211    , -0.009099036 , -0.66574705 , -0.74612206    ,-18.5625 , -25.25 , -33.5625
213623  , -0.38136974 , 5.706926 , 7.246025    , 0.041312087 , -0.618206 , -0.7849298    ,-18.5625 , -25.25 , -33.5625
29052734  , -0.38136974 , 5.706926 , 7.246025    , 0.041312084 , -0.61820585 , -0.7849296    ,-18.5625 , -25.5 , -33.8125
244140  , -0.0 , 6.3607025 , 7.3958488    , 0.0 , -0.65205526 , -0.75817144    ,-18.5625 , -25.5 , -33.8125
29510497  , -0.0 , 6.3607025 , 7.3958488    , 0.0 , -0.6520553 , -0.7581714    ,-17.8125 , -25.5 , -33.5625
244140  , 0.10896278 , 5.7886477 , 7.4639506    , -0.01153508 , -0.61280113 , -0.79015297    ,-17.8125 , -25.5 , -33.5625
29418944  , 0.10896278 , 5.7886477 , 7.4639506    , -0.01153508 , -0.6128012 , -0.7901531    ,-17.3125 , -25.5 , -33.8125
274658  , 0.19068487 , 5.5162406 , 7.504812    , -0.020468578 , -0.5921267 , -0.8055847    ,-17.3125 , -25.5 , -33.8125
29785155  , 0.19068487 , 5.5162406 , 7.504812    , -0.020468578 , -0.5921267 , -0.8055848    ,-17.0625 , -25.0 , -33.8125
274658  , -0.14982383 , 5.597963 , 7.7772183    , 0.015633408 , -0.584121 , -0.811516    ,-17.0625 , -25.0 , -33.8125
30364989  , -0.14982383 , 5.597963 , 7.7772183    , 0.01563341 , -0.584121 , -0.81151605    ,-16.8125 , -25.25 , -33.5625
427246  , -0.38136974 , 5.7886477 , 8.471856    , 0.037142567 , -0.5637711 , -0.8250956    ,-16.8125 , -25.25 , -33.5625
39215087  , -0.38136974 , 5.7886477 , 8.471856    , 0.037142567 , -0.56377107 , -0.8250955    ,-17.3125 , -25.25 , -33.8125
62835696  , -0.14982383 , 5.597963 , 7.9270425    , 0.015436927 , -0.5767797 , -0.81675375    ,-17.3125 , -25.25 , -33.8125
1403809  , -0.14982383 , 5.597963 , 7.9270425    , 0.015436929 , -0.5767797 , -0.81675375    ,-17.8125 , -24.5625 , -33.5625
2410890  , 0.14982383 , 5.829509 , 7.6954966    , -0.01551714 , -0.6037578 , -0.7970167    ,-17.8125 , -24.5625 , -33.5625
3479003  , 0.14982383 , 5.829509 , 7.6954966    , -0.015517142 , -0.60375786 , -0.79701674    ,-18.0625 , -24.5625 , -33.8125
244141  , 0.27240697 , 5.8976107 , 8.19945    , -0.026960816 , -0.5837017 , -0.8115206    ,-18.0625 , -24.5625 , -33.8125
28015138  , 0.27240697 , 5.8976107 , 8.19945    , -0.026960814 , -0.5837016 , -0.8115205    ,-18.0625 , -24.3125 , -33.5625
213623  , 0.46309182 , 6.0882955 , 7.7772183    , -0.046835057 , -0.61574334 , -0.7865536    ,-18.0625 , -24.3125 , -33.5625
